1160 1427
1116 1117 1792113
1039 207 1924926
458 459 4366811
857 858 2333721
124 125 16129030
364 749 5494504
1025 1026 1951218
248 249 8064516
639 640 3129889
907 568 2205069
929 930 2152851
597 598 3350081
383 384 5221931
772 575 2590671
107 108 18691588
435 247 4597700
1156 876 1730102
316 317 6329111
885 886 2259885
302 896 6622516
222 223 9009007
665 666 3007518
140 102 14285714
450 451 4444443
642 643 3115262
933 934 2143621
838 246 2386632
1075 1076 1860463
109 110 18348622
523 524 3824091
799 800 2503126
716 717 2793295
813 814 2460024
88 982 22727272
525 1021 3809523
336 337 5952379
1100 1101 1818180
328 329 6097559
505 506 3960395
607 608 3294890
342 343 5847952
782 783 2557544
57 58 35087718
451 452 4434587
994 995 2012072
1017 1018 1966566
900 901 2222221
966 967 2070392
688 689 2906974
260 261 7692307
923 924 2166846
438 944 4566209
828 829 2415458
574 575 3484318
803 804 2490659
153 154 13071894
431 432 4640370
681 682 2936856
672 673 2976190
1103 1104 1813235
601 602 3327786
953 954 2098635
1103 1129 1813236
855 856 2339180
455 1132 4395603
485 486 4123709
819 820 2442001
421 1151 4750592
446 324 4484302
821 822 2436051
552 553 3623188
839 840 2383790
546 547 3663003
554 555 3610108
471 472 4246283
1069 944 1870905
1091 1092 1833179
1067 1068 1874414
622 623 3215434
1028 1029 1945524
762 763 2624669
827 828 2418377
160 161 12499998
583 584 3430530
410 411 4878046
1062 1063 1883239
512 513 3906250
63 64 31746030
851 852 2350175
356 357 5617975
1040 1041 1923074
613 614 3262642
1061 1062 1885014
486 487 4115225
603 604 3316748
71 72 28169014
810 811 2469134
448 449 4464285
1055 1056 1895732
730 731 2739724
558 559 3584229
8 9 249999999
1128 1129 1773048
910 911 2197802
595 33 3361343
530 531 3773583
949 950 2107480
662 663 3021147
509 510 3929271
447 200 4474270
300 301 6666665
62 63 32258064
1140 1141 1754385
195 196 10256408
780 682 2564101
570 571 3508769
525 526 3809523
834 1084 2398079
520 521 3846152
1064 1065 1879697
269 270 7434943
20 21 99999998
1101 1102 1816528
169 170 11834318
28 29 71428570
673 674 2971766
697 565 2869440
1121 1122 1784119
1096 1097 1824816
366 367 5464479
488 489 4098360
227 228 8810570
1007 639 1986096
47 48 42553189
841 842 2378120
288 142 6944443
461 462 4338392
852 853 2347417
633 634 3159555
214 215 9345793
315 316 6349204
146 147 13698629
1023 1024 1955034
136 137 14705880
1143 861 1749779
619 620 3231015
1032 1033 1937982
623 624 3210272
650 651 3076922
654 655 3058102
804 805 2487560
965 966 2072536
113 114 17699115
707 708 2828853
173 772 11560691
1036 1037 1930500
1050 1051 1904761
912 913 2192982
424 924 4716981
374 375 5347592
481 482 4158002
533 534 3752345
930 931 2150536
605 606 3305785
179 180 11173183
777 778 2574000
869 870 2301494
648 649 3086418
304 743 6578946
432 433 4629628
1106 1107 1808318
484 485 4132229
785 786 2547768
708 709 2824857
927 928 2157496
1153 1154 1734605
313 314 6389776
903 904 2214839
340 341 5882351
697 698 2869440
1000 1001 2000000
545 546 3669722
381 382 5249342
705 706 2836877
110 111 18181816
178 179 11235955
478 479 4184100
348 349 5747125
272 273 7352940
676 677 2958578
191 192 10471203
18 507 111111110
891 892 2244666
274 275 7299270
692 693 2890173
379 380 5277042
956 957 2092050
823 824 2430132
663 664 3016590
1134 1135 1763667
769 770 2600778
1059 1060 1888573
299 300 6688963
256 257 7812499
568 569 3521125
320 321 6250000
974 975 2053387
472 473 4237287
140 141 14285714
978 979 2044987
1005 1006 1990048
629 630 3179648
990 991 2020200
428 429 4672896
282 1124 7092197
414 415 4830916
1057 1058 1892145
73 74 27397260
998 999 2004008
577 578 3466204
210 211 9523808
301 638 6644518
834 835 2398080
120 11 16666666
1104 1105 1811594
564 565 3546097
142 143 14084507
1048 77 1908395
1092 1093 1831500
555 556 3603601
604 605 3311258
719 161 2781639
960 961 2083333
778 779 2570694
691 692 2894354
766 767 2610966
319 320 6269590
412 413 4854367
176 177 11363634
411 412 4866178
745 746 2684563
1123 1124 1780942
584 585 3424657
1077 66 1857010
58 59 34482756
748 749 2673796
1042 1043 1919385
848 849 2358489
1158 1159 1727114
1084 1085 1845016
704 1126 2840907
536 537 3731341
430 431 4651160
500 382 4000000
628 629 3184713
373 374 5361930
653 545 3062786
560 561 3571427
449 450 4454341
1113 1114 1796943
740 741 2702700
339 340 5899703
1102 1103 1814882
802 803 2493763
884 885 2262442
887 888 2254789
426 320 4694835
731 927 2735978
414 863 4830915
575 576 3478259
89 894 22471909
49 50 40816325
352 353 5681817
30 31 66666664
637 638 3139715
469 470 4264392
345 346 5797099
1098 1099 1821493
384 385 5208332
168 169 11904760
656 657 3048778
152 153 13157894
506 507 3952568
10 11 200000000
985 955 2030455
1151 1152 1737617
954 955 2096436
948 949 2109704
1132 1133 1766784
683 684 2928256
945 946 2116400
698 1028 2865328
487 488 4106776
376 377 5319147
618 619 3236244
1111 1112 1800179
906 907 2207503
909 910 2200219
606 607 3300329
1068 394 1872657
818 819 2444986
1034 1035 1934233
305 306 6557377
220 221 9090908
866 867 2309466
426 752 4694834
1156 1157 1730101
468 469 4273504
25 26 80000000
772 773 2590673
433 434 4618935
547 548 3656305
546 565 3663002
281 282 7117436
1129 730 1771477
721 722 2773924
1012 1013 1976282
499 500 4008016
605 1077 3305783
255 256 7843136
422 423 4739334
67 68 29850745
767 768 2607559
846 847 2364066
495 496 4040402
720 721 2777777
247 248 8097163
794 795 2518890
196 197 10204081
174 175 11494250
439 440 4555808
1086 1087 1841619
789 790 2534853
50 1070 39999998
1134 961 1763666
1051 1052 1902948
1070 1071 1869157
579 461 3454229
1079 1080 1853567
504 251 3968253
755 756 2649005
768 769 2604166
1029 1030 1943634
1119 917 1787308
919 788 2176278
974 104 2053387
375 376 5333332
751 752 2663115
482 483 4149376
187 188 10695187
385 386 5194804
797 1100 2509408
108 109 18518517
860 861 2325581
807 808 2478312
715 716 2797201
820 821 2439023
517 518 3868471
521 78 3838769
341 342 5865100
757 758 2642006
219 220 9132420
814 815 2457000
252 253 7936507
598 599 3344481
589 590 3395583
360 361 5555555
824 825 2427182
963 964 2076841
296 297 6756756
946 947 2114162
685 686 2919708
224 225 8928571
687 688 2911208
44 467 45454544
447 448 4474270
1036 1103 1930500
503 504 3976141
64 65 31250000
945 1078 2116401
197 198 10152283
455 456 4395604
991 992 2018161
551 943 3629763
553 565 3616635
742 743 2695415
612 278 3267973
880 881 2272727
164 165 12195120
435 436 4597701
213 214 9389670
812 813 2463052
649 650 3081662
858 833 2331001
898 899 2227170
1041 1042 1921229
680 681 2941176
815 816 2453987
856 1144 2336448
335 336 5970149
707 1041 2828854
99 100 20202019
229 230 8733622
346 347 5780344
1144 470 1748250
282 283 7092198
394 395 5076140
559 560 3577816
280 281 7142855
474 475 4219408
22 23 90909088
1079 445 1853567
546 160 3663002
172 173 11627906
407 408 4914002
1046 1047 1912045
59 60 33898303
724 725 2762428
1077 1078 1857010
8 1117 249999999
669 670 2989536
868 869 2304146
1063 1064 1881466
624 625 3205128
357 358 5602238
72 73 27777776
303 304 6600658
961 962 2081164
235 236 8510637
1013 1014 1974331
55 56 36363635
225 226 8888888
1014 1015 1972385
367 368 5449589
181 595 11049723
838 291 2386633
548 549 3649633
657 658 3044138
223 224 8968607
1 2 1000000000
363 364 5509640
70 71 28571426
39 119 51282049
188 189 10638295
184 185 10869564
500 501 3999998
219 955 9132418
609 610 3284071
612 613 3267971
229 138 8733624
862 855 2320184
65 66 30769230
95 96 21052631
1110 743 1801799
883 884 2265003
1037 1038 1928640
379 161 5277044
540 541 3703703
780 781 2564101
59 190 33898303
399 400 5012531
733 734 2728510
907 908 2205069
426 427 4694834
466 467 4291843
111 1116 18018017
257 292 7782099
9 10 222222221
242 243 8264461
1118 1119 1788908
148 149 13513511
265 266 7547167
770 771 2597401
896 897 2232140
510 511 3921568
565 566 3539822
659 660 3034900
193 194 10362694
800 801 2499998
722 723 2770083
329 330 6079026
866 29 2309468
825 976 2424241
430 1138 4651160
297 298 6734004
946 564 2114162
267 268 7490636
901 902 2219754
359 360 5571029
796 797 2512560
75 178 26666665
886 887 2257335
847 848 2361275
18 19 111111110
977 978 2047082
572 573 3496503
836 837 2392344
1030 1031 1941747
35 36 57142856
444 445 4504504
652 653 3067482
756 757 2645501
50 51 39999998
77 78 25974024
134 135 14925372
917 918 2181025
967 968 2068250
638 639 3134795
970 971 2061854
345 79 5797099
1127 1128 1774621
331 332 6042296
535 536 3738317
87 403 22988503
713 714 2805048
985 986 2030456
916 917 2183405
1054 1055 1897531
416 417 4807691
776 777 2577317
1028 173 1945524
106 107 18867922
166 939 12048191
1090 1091 1834860
14 99 142857140
754 755 2652519
447 652 4474272
817 818 2447980
625 626 3199999
290 291 6896550
1126 1127 1776197
561 562 3565060
642 750 3115262
717 718 2789400
986 987 2028397
1144 1145 1748250
1138 383 1757468
1043 1044 1917544
995 996 2010050
496 497 4032257
912 575 2192981
361 1024 5540165
847 961 2361273
651 652 3072196
493 494 4056795
103 104 19417473
438 14 4566209
311 312 6430867
771 772 2594033
209 210 9569375
566 567 3533568
464 465 4310343
111 112 18018017
266 267 7518796
101 102 19801978
271 272 7380073
365 366 5479450
25 771 80000000
897 372 2229652
60 61 33333332
727 728 2751030
233 234 8583689
1107 1108 1806683
420 421 4761903
156 157 12820510
519 520 3853562
318 271 6289306
992 993 2016127
498 499 4016062
701 702 2853065
1020 1021 1960783
12 13 166666665
138 139 14492752
700 701 2857142
928 929 2155171
39 40 51282051
892 893 2242152
328 111 6097558
1069 758 1870905
119 120 16806721
1145 494 1746723
311 1120 6430867
920 921 2173913
1149 215 1740643
924 925 2164501
34 35 58823528
75 76 26666664
872 873 2293576
463 464 4319652
259 73 7722007
798 799 2506263
955 956 2094238
491 492 4073318
674 675 2967357
1117 1118 1790510
63 575 31746029
760 391 2631576
557 764 3590664
1004 1005 1992031
1011 1012 1978238
1085 1086 1843316
830 831 2409637
595 596 3361344
1154 1155 1733102
1141 1142 1752846
882 883 2267571
497 498 4024142
359 420 5571028
49 660 40816326
258 259 7751936
84 85 23809521
578 579 3460206
527 528 3795066
972 973 2057613
51 52 39215686
525 892 3809521
1058 1059 1890359
259 134 7722007
890 891 2247189
758 759 2638521
779 780 2567393
746 747 2680964
1108 1109 1805052
36 37 55555554
615 204 3252031
837 838 2389486
694 695 2881844
98 99 20408161
5 6 399999999
1016 1017 1968503
199 200 10050249
389 390 5141386
932 933 2145921
881 882 2270145
834 354 2398080
181 182 11049723
502 503 3984063
732 1106 2732240
295 296 6779660
38 975 52631577
361 78 5540164
1031 1032 1939862
378 379 5291005
154 155 12987011
104 105 19230769
975 194 2051281
16 17 124999998
216 217 9259257
283 284 7067135
711 712 2812939
243 244 8230452
294 462 6802719
256 269 7812498
362 363 5524860
1108 269 1805053
878 879 2277903
844 845 2369667
244 245 8196721
41 42 48780487
226 227 8849555
879 1043 2275310
925 926 2162160
1115 1116 1793719
973 974 2055498
157 158 12738853
1021 1022 1958862
322 323 6211180
1001 1002 1997999
573 574 3490400
206 207 9708736
787 788 2541294
310 311 6451612
593 594 3372680
926 927 2159827
489 490 4089978
392 393 5102040
6 7 333333332
345 361 5797101
874 875 2288328
621 622 3220609
406 1151 4926108
1109 1110 1803425
805 806 2484471
288 289 6944443
1097 1098 1823154
792 793 2525250
958 959 2087681
1073 1074 1863930
279 280 7168458
189 190 10582009
21 22 95238095
343 344 5830901
585 586 3418803
822 275 2433089
15 16 133333331
980 981 2040814
999 1000 2002001
833 834 2400960
875 876 2285714
647 648 3091190
53 54 37735849
37 38 54054053
115 116 17391302
877 878 2280500
1038 1039 1926780
24 25 83333333
832 833 2403846
677 678 2954209
330 331 6060605
845 846 2366862
862 863 2320184
97 98 20618554
852 972 2347417
905 906 2209943
150 151 13333333
192 684 10416664
542 543 3690036
264 265 7575757
492 493 4065040
947 948 2111931
299 1158 6688961
355 356 5633802
419 120 4773267
1009 1010 1982158
1093 1094 1829826
879 880 2275311
957 958 2089862
736 153 2717391
543 544 3683239
843 844 2372478
268 269 7462684
718 719 2785513
131 132 15267173
971 972 2059732
438 439 4566209
205 206 9756097
403 404 4962779
1056 1057 1893939
726 617 2754820
670 671 2985073
766 90 2610966
560 815 3571428
173 174 11560692
116 117 17241377
277 278 7220215
630 631 3174603
307 308 6514655
752 753 2659574
1054 133 1897532
1137 1138 1759012
619 1143 3231015
259 260 7722006
1087 1088 1839924
936 937 2136751
773 774 2587320
644 645 3105589
853 854 2344665
608 609 3289472
56 311 35714284
582 583 3436425
423 424 4728130
285 286 7017542
353 354 5665720
781 782 2560818
835 836 2395208
774 1128 2583979
155 156 12903223
840 841 2380951
658 659 3039512
567 568 3527335
253 254 7905137
400 161 4999998
989 990 2022243
231 741 8658008
581 582 3442339
85 86 23529410
100 101 20000000
712 627 2808987
522 523 3831415
1023 801 1955033
1002 1003 1996005
1022 1023 1956947
293 294 6825938
1018 1019 1964634
709 710 2820872
761 762 2628120
822 823 2433090
1146 1147 1745200
511 1045 3913893
1015 1016 1970443
1052 1053 1901140
941 942 2125397
765 37 2614377
40 41 50000000
1138 1139 1757468
456 457 4385964
276 277 7246375
149 150 13422816
934 641 2141327
32 33 62499999
576 577 3472221
42 43 47619047
809 810 2472187
934 935 2141326
532 533 3759398
387 154 5167958
873 874 2290948
476 477 4201679
86 87 23255811
58 1111 34482758
118 119 16949152
725 726 2758619
5 376 399999998
871 872 2296211
306 307 6535946
235 713 8510636
948 461 2109702
344 345 5813953
859 860 2328287
531 532 3766477
338 339 5917158
995 261 2010049
45 46 44444442
251 252 7968125
135 136 14814813
1044 1045 1915706
863 864 2317497
744 745 2688170
514 515 3891049
793 794 2522067
508 344 3937005
466 207 4291844
759 760 2635045
562 563 3558716
306 543 6535945
534 535 3745317
13 14 153846153
736 737 2717391
220 843 9090908
117 118 17094016
166 937 12048190
1067 256 1874414
436 437 4587153
791 792 2528444
175 176 11428570
1008 1009 1984126
271 221 7380073
236 237 8474576
1130 1131 1769910
1083 739 1846722
401 402 4987530
912 212 2192980
349 350 5730659
982 983 2036658
1048 1049 1908396
1149 1150 1740644
627 628 3189790
110 313 18181818
979 980 2042898
475 476 4210524
427 811 4683838
862 413 2320184
864 865 2314812
137 138 14598539
569 297 3514937
321 322 6230527
17 18 117647058
388 389 5154639
302 303 6622515
1147 1148 1743678
645 646 3100774
7 8 285714284
611 612 3273320
863 1041 2317496
56 57 35714284
916 250 2183404
386 387 5181347
257 258 7782100
1081 1082 1850138
110 858 18181818
684 685 2923976
678 679 2949850
4 5 499999999
889 890 2249717
600 601 3333332
354 355 5649716
2 3 999999998
1007 1008 1986095
1112 1113 1798560
249 250 8032128
858 859 2331001
28 856 71428570
417 418 4796162
1001 1038 1998001
240 241 8333331
944 945 2118643
1045 1046 1913874
902 903 2217292
1088 1089 1838233
351 640 5698003
612 1146 3267973
238 196 8403361
1152 1153 1736111
908 909 2202641
550 551 3636361
938 939 2132195
351 352 5698005
145 146 13793103
686 687 2915451
245 246 8163263
298 299 6711409
52 53 38461538
334 335 5988022
1081 1122 1850137
981 982 2038733
168 328 11904760
641 642 3120124
569 570 3514938
597 1094 3350082
10 254 200000000
763 764 2621231
93 94 21505376
442 443 4524884
419 420 4773269
538 539 3717472
760 761 2631576
177 178 11299435
876 877 2283104
967 1086 2068250
764 765 2617800
675 676 2962962
894 895 2237136
1033 1034 1936107
557 558 3590664
370 371 5405404
460 461 4347825
785 11 2547770
434 435 4608292
421 1123 4750593
541 542 3696855
816 817 2450980
671 672 2980623
796 874 2512560
87 88 22988504
308 309 6493505
523 935 3824089
1129 1130 1771477
166 167 12048192
987 988 2026341
361 362 5540166
915 916 2185791
635 636 3149606
418 403 4784688
151 152 13245033
443 444 4514670
856 857 2336448
494 495 4048581
1089 1090 1836547
617 618 3241489
539 540 3710575
358 359 5586590
664 665 3012047
1027 1028 1947417
786 787 2544529
588 589 3401360
96 97 20833331
788 789 2538070
737 738 2713702
1099 1100 1819834
262 263 7633587
467 468 4282653
931 932 2148225
516 517 3875968
696 697 2873562
643 644 3110417
747 748 2677374
524 525 3816793
301 302 6644518
241 487 8298755
1105 1106 1809952
44 45 45454543
922 421 2169195
808 809 2475247
402 403 4975122
897 838 2229653
634 635 3154574
92 93 21739130
593 59 3372679
626 627 3194888
1110 1111 1801799
33 34 60606060
636 637 3144652
590 647 3389828
398 399 5025124
170 171 11764703
849 850 2355710
504 505 3968253
579 580 3454231
27 28 74074072
289 290 6920415
1053 1054 1899334
183 184 10928959
74 75 27027026
263 264 7604561
368 369 5434781
235 930 8510638
1124 1125 1779359
182 183 10989008
453 454 4415010
365 500 5479451
556 557 3597122
1026 1027 1949315
246 247 8130081
250 251 7999999
1007 219 1986095
937 938 2134470
367 411 5449590
1143 1144 1749780
369 370 5420053
969 970 2063982
333 334 6006006
447 439 4474271
46 47 43478258
728 729 2747252
765 766 2614379
902 519 2217294
1072 1073 1865671
23 24 86956519
89 90 22471908
727 635 2751029
640 641 3124999
664 433 3012047
537 597 3724394
939 940 2129925
405 406 4938270
490 491 4081631
739 482 2706357
207 208 9661834
723 724 2766250
940 941 2127659
126 127 15873013
234 1009 8547006
1095 1096 1826484
1149 318 1740643
549 550 3642987
526 527 3802279
161 162 12422358
130 131 15384615
749 750 2670226
326 327 6134969
479 480 4175365
653 654 3062787
643 957 3110419
208 209 9615384
254 255 7874015
783 784 2554277
1049 1050 1906576
571 572 3502624
1047 477 1910217
1068 730 1872659
719 720 2781641
513 514 3898635
483 484 4140784
88 89 22727271
679 680 2945506
528 529 3787878
293 1009 6825936
167 168 11976047
185 186 10810808
452 453 4424776
218 219 9174311
287 288 6968641
427 428 4683838
991 824 2018163
237 238 8438817
120 121 16666666
1069 1070 1870905
1047 1048 1910219
610 611 3278686
33 702 60606059
61 62 32786884
1065 1066 1877932
476 168 4201678
317 318 6309148
690 691 2898550
190 191 10526315
139 140 14388489
1039 528 1924927
732 733 2732238
1094 1095 1828153
1068 1069 1872657
14 15 142857142
406 407 4926107
615 616 3252032
232 233 8620689
382 1033 5235602
80 81 24999999
94 95 21276594
399 182 5012529
192 193 10416666
521 522 3838769
232 865 8620688
935 936 2139035
919 920 2176278
870 871 2298850
421 422 4750592
596 597 3355703
371 372 5390835
702 703 2849002
144 145 13888887
729 730 2743483
81 82 24691357
632 633 3164555
83 84 24096384
198 199 10101010
921 922 2171551
695 696 2877696
1019 1020 1962706
1024 1025 1953123
437 438 4576657
92 290 21739128
407 367 4914004
594 595 3367003
352 976 5681818
82 83 24390243
425 426 4705881
1159 1160 1725625
404 405 4950493
1142 1143 1751313
811 812 2466090
217 218 9216589
888 889 2252250
1067 155 1874412
918 919 2178648
616 617 3246753
180 181 11111110
988 989 2024291
132 133 15151513
201 202 9950248
29 30 68965515
292 293 6849315
965 728 2072538
551 552 3629762
312 313 6410256
400 401 4999998
1003 1004 1994015
706 707 2832860
774 775 2583979
587 588 3407154
429 430 4662004
911 912 2195388
590 591 3389828
739 740 2706357
741 742 2699054
735 736 2721088
347 348 5763686
102 103 19607843
976 977 2049180
315 877 6349205
38 39 52631576
380 381 5263156
357 547 5602240
72 884 27777777
508 509 3937005
703 704 2844949
128 129 15624998
922 923 2169197
731 732 2735977
327 1112 6116207
898 758 2227169
1133 1134 1765224
602 603 3322257
129 130 15503873
114 115 17543858
318 573 6289307
325 326 6153845
396 397 5050504
462 463 4329004
631 632 3169571
454 455 4405286
231 232 8658007
574 967 3484320
842 843 2375296
398 515 5025124
123 124 16260160
1006 1007 1988071
133 134 15037592
76 77 26315789
1150 1151 1739130
693 694 2886002
738 739 2710026
440 441 4545452
446 447 4484304
913 914 2190580
996 997 2008032
324 1072 6172839
372 373 5376344
91 92 21978021
215 216 9302324
350 351 5714283
43 44 46511627
959 960 2085505
1120 1121 1785712
409 410 4889974
655 656 3053435
592 593 3378378
801 802 2496878
382 383 5235602
165 166 12121210
186 187 10752688
54 55 37037037
734 735 2724793
831 832 2406737
238 239 8403360
291 292 6872851
31 32 64516129
553 554 3616635
424 425 4716981
147 148 13605441
529 530 3780716
714 715 2801120
698 699 2865329
955 433 2094238
143 144 13986011
278 279 7194242
337 338 5934718
797 798 2509410
369 14 5420053
79 80 25316455
897 898 2229652
418 419 4784686
632 777 3164556
1035 1036 1932365
573 435 3490400
68 69 29411764
63 664 31746030
682 683 2932550
112 113 17857141
1136 1137 1760562
829 830 2412544
743 744 2691789
899 216 2224694
294 295 6802719
1071 1072 1867412
3 4 666666664
1148 1149 1742158
477 478 4192871
69 70 28985507
186 420 10752686
78 79 25641025
395 396 5063290
865 866 2312137
750 751 2666664
800 764 2500000
473 474 4228328
1135 1136 1762112
200 201 10000000
1078 968 1855285
304 305 6578945
899 900 2224692
1122 1123 1782530
419 17 4773268
241 242 8298754
239 240 8368198
121 122 16528925
430 944 4651162
314 315 6369426
1114 1115 1795330
1064 526 1879698
997 998 2006017
737 104 2713704
784 785 2551018
480 481 4166665
415 416 4819276
125 126 15999999
136 765 14705880
1082 1083 1848428
228 229 8771928
914 915 2188183
1131 1132 1768344
413 414 4842613
790 791 2531645
968 969 2066115
518 519 3861002
984 985 2032519
48 49 41666664
49 1126 40816325
438 1016 4566210
445 446 4494381
795 796 2515721
377 378 5305037
324 325 6172837
201 261 9950248
459 460 4357297
127 128 15748030
895 896 2234634
390 391 5128205
392 367 5102039
441 442 4535146
26 27 76923075
163 164 12269936
943 944 2120889
1078 1079 1855287
527 228 3795064
753 754 2656041
286 287 6993004
89 535 22471908
893 894 2239640
227 203 8810570
712 713 2808986
408 409 4901959
171 172 11695904
194 195 10309278
318 319 6289306
667 668 2998498
964 965 2074686
544 545 3676468
203 204 9852214
332 333 6024094
327 328 6116206
1119 1120 1787310
1010 1011 1980197
983 984 2034585
237 1104 8438817
551 386 3629764
457 458 4376367
838 839 2386634
631 858 3169570
620 621 3225804
204 205 9803920
726 727 2754820
274 523 7299270
365 1100 5479450
309 310 6472491
174 4 11494250
202 203 9900989
21 344 95238095
1076 1077 1858734
854 855 2341919
261 262 7662835
850 851 2352940
1118 1040 1788906
1155 1156 1731600
904 905 2212389
660 661 3030302
536 560 3731341
273 274 7326007
1083 1084 1846722
867 868 2306805
1074 1075 1862197
1125 1126 1777776
952 953 2100840
1116 319 1792112
1010 155 1980198
806 807 2481388
1060 1061 1886791
1139 1140 1755925
323 324 6191950
1120 37 1785713
826 827 2421305
599 600 3338897
699 700 2861229
661 662 3025718
212 213 9433962
511 579 3913894
1066 1067 1876171
962 963 2079001
554 393 3610108
125 20 16000000
465 466 4301075
614 615 3257327
221 222 9049771
904 173 2212387
785 134 2547770
234 235 8547008
66 67 30303030
501 502 3992014
993 994 2014097
122 123 16393440
105 106 19047617
942 943 2123142
975 976 2051282
270 271 7407405
586 587 3412967
141 142 14184395
668 669 2994010
918 409 2178649
710 711 2816899
1080 1081 1851851
861 862 2322880
646 647 3095974
507 508 3944771
162 163 12345679
397 398 5037783
90 91 22222221
1145 1146 1746724
11 12 181818180
211 212 9478672
387 388 5167956
537 538 3724393
284 285 7042252
591 592 3384092
275 276 7272726
1039 1040 1924926
1157 1158 1728606
391 392 5115087
689 690 2902757
759 1048 2635044
702 948 2849000
959 421 2085505
19 20 105263157
825 826 2424240
158 159 12658225
470 471 4255319
230 231 8695650
515 516 3883495
563 564 3552395
951 952 2103048
393 394 5089058
580 581 3448275
511 512 3913892
666 667 3003001
950 951 2105262
159 160 12578616
704 705 2840907
364 365 5494505
775 776 2580643
