110 114 51 41 1839
000110000011110010001001010010001111011011001010111100000010010001010111010010010010010101000010111000010101001101
011010111100101101110000010110001101010110111010010100001101000110111101010111101100001111110011001100001000110011
110010110010010001101001100001010100001000100011000000010111010110111100100101111100011100010100101000010110101000
000101000010100101101011010101100101011010001110100111110010000011100110110110110100010100100100110011110100101010
101010010000100100101101101100010110110101000101011101100011001010000010010000100110001011110011101010011001000011
110001111110101101001111101110111110011011011101110010011011101010000101010001110010001010101011100100110000010011
010101010011001010001011101101000010010011111010010111100011100100100111011011110101110100000011100111101011100101
010000110010001001010000001000110001100001100010000011101101110011110000001110110101111101001000110010011111100010
010100001001000101101100001101011010111101011100100000100101011101000110001111111010000100001100001010011001111110
011110010111110001100111110000101001011000100010101100100110000111100000001101001110010111110101000010000100110101
111001001100111000110101011001100001011100100011010111010101011000111100100100010001000111001000000000111111100101
101101001100001010001001001111101111100111001001001000100111101001101010000111000011101010110010010101010011010100
111011010001101011001100010010011100011110001101101111011001101000000111100110111111011010001011100000011100100011
001000110001001011010111000110001011000001100111101010000111011100000110011110011111100101110011001000100110011010
111101010000101100101001001001100111010111010001001100111010011111011110101110101011101010100111101001111010111101
100111011110110100011101001000000101001011001110110100000011110000000111100100100101010011000110011110111100001011
111101111100100000010101100110110100101010101011000111111110110101101111111011110011100110011010001011000000001100
010001100011011100011111010110111110111110000001100101000101100001111100000011000100100110111100101100100000000010
011110111110010101110110011100001010111010011110100101000110111110111110111001011001111001010011100101110000100001
110001001001000000011101011110110111101001011010111011011000010011110100101110111001111111110100001000000101001001
100100000011111100111110000000011000010001100101010100001000001011001001001000010101011001110010001101010001111101
110011101110111010111110000100111110010110011110001101110111101001100000110000101101111100111110011111011101111010
100011010100000010100110110101001111010110000101110111101110001000001000110111100001111011111100101111001101001100
111010000101110000100101101111100111101110010111111011011111100011001010001110111001110110011001111001110110010111
001000110000101101000110101001010001011100000111111111111001000101001011110101111010100001011010101100111001010001
010010001000100001110100100111101110001110101101000000111100011011110010001110101000000000010011011110010000000000
010100010010011101011011011111100011011111101111111111110101010110111001110010111000011011100111100000111100110001
001111111000000010011110111111100000000010111111110101110100000100100011110100010101110011100101100001000110100011
100011111011101010010000101111000101011111001101111101100001111101101110010001010101110110101111101110111010101001
110001011101111010001000100010111001001111100111111110000111010000001000001101111011101111111111111111110110111110
111111000001011011111101000001100101110100011111111010000110101000000010101111011101010111111111111111111110011010
111001000000010110101110001010111101000100010110110110000000001011110010010101111111011111111011011011101110001100
100011100001000111001110110001010100000110110100110001111101101000010111000011101111110110011011111110110111001001
101010010101111110110111000100110001101001110111111101010100000100011111000001001111111110111011110011111110001110
100001000011011010011011100100110111000000001111100001001111000101110110111111101100011110110111111011111110010010
011010110010011010111100011010011001100101001101111001010101000011000000101100010110111111111111111101011011111011
100101010000101011000101010100110100001100110101111000011010011011011111000000011111111111111111111111111111010100
110001000111011101001111110000010010110111001111010001110010101011000010010111011011111100111111111111111110010001
001100100001000111011001110100110101101111011011000011111110011000101101110111010111110110111111111110111111110001
010110011000001100110110101111101111011011111111111000001000110110110011100011001011011111011101110111111110001010
111011001100100000010010111011000010001010010111110100110100111110010101010001111110111110011111101101110111000000
110101001000100100101101011010001100001101001111001001010001001011110001101101001101111111111111111010111110001111
111011001001000110100000011111101010010000101101111110110111101101010111110010111011011111111111011111001110100010
110100001011101101001000101000010001100101111011110111101011110111001011001111100111111100111110110100101110111001
101100000010100100010000000100101101100110000111111110111101111111111110011001001111111111011111111101111111000111
110000011111100101100111100100001000010010111111001111100111111110111111010000111111111011111111111111111111010010
110111100110101100111100010011010101100111001111111100111011111111111111100010111111111101111111110001011110000100
101010010110000001010111100101011011000101111111001001111111011111111011111111101111111111111111101111110111011010
101111010110110110001110010000100010000000011011011111110011110111111111111100110111111000101000001010010010100011
101111011101001010000110001101101110100000101111110101111111111101110111111111110101110000000101011101000011101111
011111100011000100111100001010011111100100101101011111111111110110111111111111111111100111111100101101010001101100
000111001010110001011001101011111001111110110011111011111111111111101011110111100111111011111111111111000101010100
001000001011010000011110011010110010011011011111000111111100011111110111111101111001110100101111011101111110011001
101111000000100111000101011000010001111000110110111111011010010111110111111011111111110100111100111111111111100011
001110110010000001101000110101000000010010011111110110101101100011111011011101110011110111101110101101011011101100
111110000111010010100001000010100000101110011101111011011111011111111011101011111111111111110111110111011111110111
111111001001111111100000011101111100000101010110111000010110110111101111111111111100111011111111111011110111011000
011110011010001011101100011100100001110111110111110111111111111111111111111110111101111010011111010010111011010011
001111101011110011101110101111111111001101011100111111100111110010110111011101110011111000000110110010110100010010
001000001101010111111111000000110101110100100111011111101011111111111111101111111111110111010111101111101010100000
011011100100001100000100101111101110000101011111111010111110111101100111111110000111011111101110110111111111011111
000001111100001100000001011001010001101100011111111101111101101111111010111111101110111111001111101111011000101101
011111010101001100100000110011011011011110010101001011111000011100011111011110101011001111011110011111101101010100
111010001110111000000100111100010100011100110101001100000100011111111101111111110111111001111101111011100000001000
010110100001000100111101011011011111010100010011110100001000111111111111110111111111100010011111111111111001010011
011000001000010100111111111111010110111100111110001000101001111101111110110111110010111101111111111101111110001010
000010001010011100111111111111111111101110110010100101001011001011111111111111101111111111101111011100101110001101
111111010101111101110110101101111111101110111001011000110001101101111101101011101110111111011111111111100111101011
111000000110101101110111110101101111110101000000011110010001000010011011111110111111111111101111110011011100110011
110000010011100100111101111101011110110011011011110101101001000101111111101111111111011111010111101111010011011000
011011101100010111011110101110010011101001011110101011110100111011000111110111011011110100111011111111101010010010
010111111111010010110111101111101100110111000100001011111111101111101000100110111101111111111110100111111001110000
111011110011000011110000101001100001010001001000000011011101101011100000111101110100111111111111111011101001010010
110000011100001110111001011111100111110111001011101001111110010100011100111111110111101011101011011111110101001000
000011111100001111111111111111001111111100010001101111111111110110000000001110111111111111111110111111100101110000
111110101100100111001111101101111111011010011101011111110100001011111100100101101111111011111110111111111101101111
010011011101011100001011101000110011001001010100111011111111010010100110100011010010001101111011111111011001010010
100101001110001111111101011001000101000000100011100110111100111010010010001110101000100010011111010001100111010110
110011110101101011100010001111000011100001011001010011101101110111111111111101111111100001011101111111110101111001
111000110001100011000001011011111111111111111111010000110100001000000110110100100001110101000011111001111111100101
100001001011000111010001001101111011111111110001101011111111001111000001011010001100011101100011111111111011110111
111011101011100100101111000110011001111001111010111111010000111111011100110101001011100101011110101110111111110000
011100011010000001010011000110010101111011111010110111111001101111010111000011100100010110010111111111111111110001
001110011010011111101100110111111001111110111101101111111110101100100111101010011100011010101111111111111111111000
101010000010111100100001111101111111111111101101011010011101010110010000111011010100111110001111110010111000111111
010011000010000110100001110101111111111111111100001111011100000001100100111100001001101111110011111110111111110100
011010111100100000010011101111111110001111111101101110101101010000011100111010011111000011001011111010011101110110
110001011011001011001111111110111111111111111101100110100000000111001111010010110110001001011010011111111101010101
000100001111111110001110100110001111111010011001101010011110100101011111110101001100101001100111110111110011111000
100011111100001101110110100010111111000111101011110001010011010111110010001001010010111111110011111111111111111011
101110010011111011000000010111101111011101011001010110011000001111111000101111111101100101100101110111111111111011
001101111100000001100001111111111111111101111101011011011010111010000101011001010011000110001111011111110110111000
011110100110010111110010000011111111111000111100001001010110010110000000010001000101100110110101110110101111111101
001001011110111011110100100111111100111111111001110000011101101111000110001001111100110011000111111110101011111100
010010101011101010000101111111011111111111101100110001101100100001111110101101000100101010010111111111111110111001
111110000000011101100000001110101111111101111000000100011000100001100110100000000111010011111111011101101110110111
111010001000101101011011010001111111111111011111001011010011100111001110100011001111110101111011111010111110110001
111101011000010111110100100110111111111110011111000010011010000100011011001010001000000000011011110111111111010000
101011010110101011011001110101111101111011111001110111010010110111101110100000111110011001101001111110101111100001
110000110110010110011001001011101010111111111001101111100100101011000101110101000011110111010011101111101111011111
101111000111100110011011001111111111101111101001001010000000000101110110100100001111101010001111100111111011110111
010100111001000001001000111011011110111110011101000101011100010011110011111111101111001110111111011111010111010010
111101110110000000111001101111111011111111111110111010001101001101101001110101101100100110100011011101111111101100
111101000011001011000010100001101111111111111010011000110110011111010000000100010110101101010011111100100101110101
000000001000001100100111110111100101111111111100111101010110001010110101100111110111000000010110000111010101100101
101011001010000000000011110111110101111111001000111001101001000110000111001111101101011110011011101101001001010000
000101011011010100010100001010100100000000110111000100001011001000100111011000010111110001100000111101101000110111
001011011111100001000000010111001011110011000010011111101000000001111010100011011001011010001011111101011101000110
101100110011010100000111111100111010111111001000000110110110011100001000001000111001010110010001111111010101000110
011101101111100000010100010111011101110010110000010100111000101011011011001111011001000010010101110101000001011101
