6 218 
55322892 959678285 935696969 908037215 164472498 
471256529 650959020 868111468 274909321 982952928 734009095 
216239354 446453212 809305334 240018716 266224677 
4 1 34809518 
4 5 328152102 
2 1 507174527 
4 1 978614391 
4 2 270885906 
3 2 609478867 
2 2 793271334 
1 5 200780692 
5 1 738124642 
4 1 700868304 
3 3 13437842 
1 1 145514611 
1 5 343060198 
4 1 744326980 
4 4 523502898 
3 3 295139604 
3 3 687221447 
2 5 158157831 
1 2 513838917 
4 5 624971507 
2 2 309805992 
2 1 318583852 
5 2 877085142 
4 2 204780079 
1 2 944177828 
1 3 13786830 
1 5 813498434 
3 1 556724833 
5 4 42744013 
1 2 969037875 
2 1 569216402 
3 1 866321627 
2 4 236684551 
5 3 747953738 
1 3 101812441 
2 1 453039542 
3 5 705539771 
3 1 194204149 
1 1 621377878 
4 1 326756666 
3 3 714057911 
2 1 644711825 
5 4 886526290 
4 5 164681416 
4 3 41817110 
5 3 601200849 
3 5 926547299 
1 5 493689079 
1 2 92485871 
2 1 652174616 
1 3 766267971 
3 2 758296157 
5 2 672570160 
2 5 438091955 
5 4 1286474 
4 1 399226572 
3 5 413001649 
5 2 937319928 
3 1 863768998 
5 1 674773708 
5 4 790857358 
5 1 130507503 
3 2 355812148 
4 1 219378183 
5 4 725705713 
4 5 512242793 
5 3 431679564 
4 2 115980216 
2 5 501567000 
2 5 371227068 
3 4 955299960 
2 3 270399363 
4 5 417235699 
5 2 934234205 
3 3 462705333 
2 4 632875820 
5 5 843944478 
5 1 257845074 
1 4 890450539 
3 5 921043222 
5 1 79050331 
5 2 395823779 
1 2 648006839 
1 1 571276070 
5 1 620393837 
2 2 768316425 
5 3 925328140 
1 4 86572095 
2 1 59513851 
2 2 873540046 
4 2 611629229 
5 3 814664058 
4 3 469189162 
4 5 531932493 
2 3 67407814 
2 4 47566429 
1 3 224204861 
5 2 34222047 
3 5 574189622 
4 2 94440503 
4 4 850539320 
2 4 87541576 
4 2 989492579 
4 4 530804068 
4 4 304914313 
3 4 662046263 
5 1 882070522 
2 5 775301552 
4 4 241856838 
4 2 466090195 
1 5 34605969 
2 3 36043109 
5 4 776404552 
3 4 398261944 
5 3 766398965 
4 4 973555507 
5 1 52200604 
3 1 101924650 
5 4 307780955 
2 3 246275302 
3 5 62460963 
4 5 124103237 
5 4 579287519 
2 5 686213567 
1 1 831929220 
5 3 370719037 
5 3 217114606 
1 2 412729358 
2 4 226057499 
5 5 866557173 
4 4 377261396 
5 4 448840320 
3 4 634618539 
2 2 692183148 
5 2 270319721 
2 4 787989329 
2 5 542584672 
5 4 150479410 
5 4 819978373 
3 4 523522196 
1 5 604958794 
5 5 709727995 
2 5 489139808 
1 5 732271743 
4 1 296899521 
1 1 655872513 
5 3 759373947 
4 4 279917497 
1 5 779488643 
2 3 595403578 
4 1 206195016 
4 1 74262512 
4 5 589026729 
2 2 648170284 
4 3 555212066 
4 5 373621286 
1 5 199943172 
2 4 632190727 
1 3 849369919 
2 2 255109444 
3 2 653432992 
3 1 799607942 
2 4 347145642 
2 2 931978067 
3 3 797123707 
5 4 516854747 
5 4 769262021 
3 2 132794877 
4 3 887597684 
5 2 512067793 
3 1 35832595 
3 1 495006096 
2 3 764614801 
1 3 509729018 
5 3 287094665 
5 5 976130660 
3 5 64735411 
3 5 334337472 
2 3 96565398 
3 1 810250259 
3 2 91285124 
3 1 425429719 
3 5 807289261 
5 1 443576801 
1 5 453750556 
4 4 280195803 
2 4 302380703 
2 1 91968735 
5 4 495592062 
2 1 854028090 
1 5 379227826 
3 5 224776862 
2 4 440922785 
1 3 624987008 
3 5 103613803 
5 3 914658741 
5 4 804984059 
1 3 673923915 
2 4 262106590 
3 3 828586290 
1 4 657035520 
4 5 743716002 
3 1 613378748 
2 3 91994085 
5 4 31010115 
1 2 322857310 
4 1 651819251 
2 4 688614483 
4 1 225229517 
4 3 910462906 
1 5 187934313 
2 4 356683964 
4 4 555423560 
4 3 167125256 
5 4 423377472 
5 5 300287654 
2 5 764928465 
1 5 170502508 
