6 569 
353410448 398030398 939172941 48525 121381983 
147076445 343868693 297503384 966549833 937150951 146765232 
69860798 234005984 364746712 542308257 5286504 
3 2 478432951 
5 2 657606064 
5 2 195222092 
1 3 613120670 
3 4 878517316 
4 5 981515219 
2 2 648187584 
1 3 355019122 
4 5 725391470 
2 4 680992105 
3 2 339879430 
1 1 906510240 
2 4 594299902 
3 4 998125725 
5 1 767006186 
3 2 799538422 
2 4 957666821 
1 4 746956128 
5 1 843386860 
2 2 319563346 
4 3 715388025 
5 1 255610304 
4 3 375672157 
3 2 14004052 
1 3 633718896 
3 5 361473495 
4 3 276151433 
4 2 602044055 
1 3 744008474 
3 2 506748603 
4 5 187961294 
2 2 221059792 
1 4 563121763 
5 3 321320441 
4 4 895633480 
5 3 566945080 
5 2 299520953 
1 4 486142805 
2 3 497345799 
1 5 994673289 
3 2 661527406 
2 2 523840388 
2 4 158267970 
4 1 246697463 
2 5 29247809 
3 1 142212100 
3 5 544879256 
4 1 604967522 
4 2 53966145 
1 3 605733630 
4 3 957832022 
4 5 429431675 
2 2 884051240 
2 4 226608581 
2 4 919610673 
2 2 541760206 
4 4 745901779 
5 1 870525746 
1 3 392872296 
4 4 969917110 
1 4 523537113 
1 5 611356608 
1 1 454988677 
4 4 26834165 
2 4 253002513 
2 2 228467101 
4 5 508430193 
2 4 225691551 
4 5 380412228 
2 2 956845781 
1 1 238004444 
2 5 944258266 
3 3 359559725 
4 3 187541011 
1 2 772468475 
2 1 708286340 
5 4 30504388 
1 4 324332986 
3 2 319456306 
3 1 517666994 
5 5 165739009 
5 3 286523304 
3 2 22893807 
2 5 141682248 
1 5 994880278 
2 4 445351227 
2 4 26185734 
5 2 68733521 
5 2 244760571 
5 2 107261909 
1 3 384279092 
4 2 469630358 
4 3 790303869 
5 4 397932546 
2 4 560429020 
4 5 644498158 
4 1 935667075 
4 1 729507886 
4 1 985563351 
2 2 19232644 
2 2 5281072 
2 2 831161148 
5 4 897175505 
4 4 218894106 
1 2 784472358 
4 3 267532770 
5 2 811063399 
3 2 981928456 
2 2 439086766 
2 3 787200613 
2 5 729148201 
5 2 655709235 
5 1 221700425 
2 4 369582306 
5 1 679844098 
4 1 791115501 
3 4 8966935 
5 2 265979195 
1 5 262739011 
1 3 76822713 
1 1 84768925 
3 4 364733879 
1 4 252645868 
2 5 185754237 
2 3 552930026 
1 1 922853930 
3 3 343031020 
5 5 648750456 
1 4 785404397 
4 5 238097994 
4 4 493584877 
2 4 66265886 
1 2 351147912 
4 2 161416378 
5 5 8031959 
2 5 286367841 
5 1 639137447 
4 2 916516256 
3 1 62347158 
1 4 964953441 
2 1 362741028 
2 2 796272762 
3 3 654126005 
5 5 3343792 
2 4 22708080 
4 3 746806714 
4 3 135363493 
2 5 479320134 
2 3 983115274 
2 2 716766396 
3 1 805283718 
4 3 324252831 
3 3 167983980 
4 5 64553881 
3 1 279470917 
1 3 825520874 
5 3 643955562 
1 5 121920263 
1 3 249861122 
4 2 885570794 
2 4 205315627 
2 2 613803034 
4 2 33130286 
2 3 816773785 
4 3 549510222 
5 2 283236985 
2 1 18783539 
3 3 342470312 
4 5 206470541 
1 5 890644122 
4 2 971272194 
1 1 29960847 
3 2 433345896 
3 1 516095364 
3 2 530773628 
3 4 607055019 
2 1 291711566 
4 1 571731400 
2 4 261226659 
3 2 966207630 
3 4 238044252 
5 5 625224993 
1 4 497128344 
3 3 902609678 
2 4 201400266 
1 1 25362936 
5 4 945127552 
3 3 685637039 
2 5 324760869 
3 3 7051724 
1 4 45842025 
3 1 428804499 
4 1 371464119 
5 1 890766289 
4 1 26894240 
3 5 616054422 
2 2 660212697 
5 1 45149844 
2 3 401565730 
3 2 818272265 
3 5 434235690 
3 3 106881127 
1 2 83752371 
1 2 333290592 
4 5 585173762 
5 2 681533860 
3 5 111304961 
1 3 399090198 
5 4 380596075 
2 1 532196791 
3 2 728437288 
5 3 365203791 
3 4 17498526 
3 1 56693301 
2 4 353395977 
2 2 636229431 
4 2 5257846 
1 1 75433103 
1 4 814893391 
3 5 589816935 
2 2 847612443 
5 3 506952719 
3 4 970527219 
1 4 500226951 
4 2 611297350 
4 4 941649733 
3 2 359981868 
2 4 626926798 
3 3 472001887 
4 4 313352817 
5 2 776875465 
2 5 193864926 
4 4 719423845 
3 5 90639713 
1 4 602277541 
1 1 71917457 
5 5 16518196 
5 4 892465603 
2 4 823458068 
2 4 887655512 
2 4 251354626 
2 1 809767940 
3 2 448821213 
1 5 316367839 
5 5 477895305 
5 2 16483212 
2 1 971416815 
1 3 975805118 
2 5 489602347 
4 4 305315426 
3 3 589370764 
4 5 401710476 
5 2 551244407 
1 2 862303751 
2 4 703847098 
4 1 868177931 
3 5 913028229 
4 5 562119550 
3 5 184409602 
3 4 648882464 
3 5 20215009 
2 4 255310990 
5 3 843066132 
1 5 709880949 
2 2 203068489 
1 4 186946431 
1 4 860571717 
3 5 122629642 
4 3 576781935 
1 3 951212864 
3 5 245683683 
1 1 632330594 
4 5 969237260 
1 5 495030886 
4 1 73180052 
3 2 472417843 
5 3 197364564 
2 3 419108011 
5 3 40111627 
5 3 671796712 
2 2 980842847 
3 3 702376501 
4 4 870699631 
4 5 764652887 
3 4 314309066 
1 4 853998004 
4 5 445435184 
4 2 738306827 
1 4 630543897 
1 5 411652005 
3 2 750130927 
1 3 878596386 
3 4 590614162 
4 5 403646832 
5 3 363381158 
2 3 311004844 
2 2 125958893 
2 4 490863678 
1 5 184883960 
3 4 578642598 
1 3 643714472 
1 3 317408751 
1 2 948421461 
2 2 852615820 
1 5 474508623 
4 4 178700906 
4 3 92637197 
3 1 799408170 
1 5 59257610 
3 1 6591803 
3 3 609557099 
1 4 723398810 
4 3 360378824 
1 1 966190541 
5 1 731072529 
2 1 17896550 
5 4 224579459 
1 5 977401074 
3 4 282164211 
1 4 43528749 
2 1 825842652 
2 4 983930034 
1 1 301410952 
2 3 28782164 
5 2 558852266 
1 5 982689714 
3 5 913741680 
3 1 316055144 
5 1 561516457 
5 3 406057265 
3 3 705554262 
4 2 274319810 
3 4 598101383 
4 5 872305732 
2 2 729803721 
2 2 428776176 
4 2 925250383 
1 2 229482678 
5 5 522504652 
3 4 441714675 
2 1 159432941 
4 2 187185722 
4 5 141088261 
4 3 959813182 
4 1 154554695 
3 1 806535884 
3 4 727934590 
2 5 71176553 
5 1 608024938 
1 4 164156173 
1 4 145888012 
5 3 391738683 
2 4 972965742 
5 3 946271003 
4 3 198425507 
5 4 676805642 
4 2 731044883 
4 4 946906015 
4 5 939325242 
1 5 433645544 
1 4 456974451 
5 4 923807892 
3 2 284452939 
5 3 577710754 
5 3 925778209 
4 4 747223944 
1 2 208714122 
2 5 675431055 
1 1 859485395 
1 3 110787469 
5 5 255104634 
2 3 59721582 
1 2 904118151 
3 3 620261301 
1 2 653365358 
3 4 539981306 
2 5 634067258 
4 3 862325636 
3 4 986286280 
1 2 505273333 
1 2 386018460 
2 3 717380801 
5 3 686739445 
1 2 88540570 
2 5 703590471 
2 1 296732047 
4 1 71009639 
4 2 297594245 
4 3 654930536 
2 5 529453703 
1 5 29093521 
4 3 235733364 
4 5 211550687 
2 4 563235378 
1 3 95123601 
3 3 819678092 
2 4 892019019 
5 1 530644324 
2 1 326445127 
1 4 726806519 
4 5 901080943 
2 4 294521412 
2 1 910721622 
2 4 675182778 
5 3 957637619 
5 2 234885299 
4 2 170254283 
3 5 827368592 
5 5 654042405 
1 3 374074262 
4 5 778242659 
3 3 494658553 
5 3 534711292 
1 2 371959449 
4 1 66610170 
3 3 863617598 
1 1 981255877 
3 4 806609295 
2 5 559534701 
4 2 668705226 
4 2 564945589 
2 5 397736547 
4 5 192169108 
1 4 895667165 
1 4 316546623 
5 3 519340288 
4 1 284763470 
2 3 7061623 
5 3 965959837 
2 5 208775829 
1 2 668549898 
2 3 230292828 
5 5 661539232 
5 3 43190287 
4 5 913747332 
2 3 224892510 
5 2 867392382 
3 1 772867816 
2 4 887247221 
1 5 435731182 
2 5 393283500 
1 5 659505527 
2 2 879596278 
2 4 952099485 
2 2 250318701 
4 1 495293697 
2 4 196869027 
3 5 787983520 
5 1 762856357 
3 5 997315293 
4 2 173934509 
4 3 321752623 
2 5 620874328 
4 5 91131936 
4 2 840846390 
5 2 47937893 
2 2 849350332 
3 5 237051888 
4 4 354591661 
3 4 599084475 
5 5 321897138 
3 1 225018407 
5 3 129970409 
4 3 579143420 
2 4 284660512 
5 5 476635754 
4 3 750756396 
3 3 992724905 
4 1 619333359 
2 1 141214076 
2 2 158629441 
2 4 709576625 
4 4 781504098 
3 5 960721758 
1 5 566457793 
2 3 510572968 
5 3 106549523 
1 4 849407150 
5 5 626968154 
5 2 698006545 
3 3 311523808 
1 3 53506720 
5 4 276933397 
5 4 334379190 
3 1 820838093 
5 3 623521967 
4 2 875804258 
4 1 435027745 
3 3 547412233 
4 3 532884409 
2 2 338308531 
5 4 333790804 
2 4 5646609 
1 2 302973548 
3 3 929553060 
2 5 336295485 
2 1 648367404 
2 3 241608571 
1 1 716834179 
4 4 906485098 
5 5 433419070 
5 4 125524186 
3 3 161694531 
3 5 984522189 
2 1 770114472 
4 5 928872143 
1 3 308540876 
4 2 966447091 
4 3 824192383 
1 2 819885158 
5 5 597045597 
1 5 516647345 
3 3 583176114 
1 4 988726099 
1 5 943021320 
1 5 983099188 
3 3 658959821 
3 1 509698609 
3 5 432923279 
1 4 364898450 
5 2 706911573 
2 5 550535870 
5 4 386282019 
1 3 541694890 
5 1 76494075 
1 1 645685806 
3 3 10030293 
2 1 329899209 
1 4 670386423 
5 3 343467942 
2 3 590547804 
4 3 271311154 
3 1 234492543 
3 5 398679675 
2 3 816631258 
3 4 594991341 
3 4 594702015 
4 4 104959902 
1 2 427678033 
2 1 549528502 
2 3 317780035 
1 1 308800711 
2 1 42852644 
1 5 398971473 
2 2 572916064 
1 2 513364656 
2 5 616263424 
5 2 528471462 
5 2 98150622 
3 1 221327424 
1 2 495170783 
3 4 365948348 
3 3 578879452 
2 5 206028093 
3 4 934248468 
1 3 289038846 
1 4 223503500 
1 5 313390132 
2 3 840315145 
1 4 309079734 
5 3 319610863 
2 2 503122815 
4 4 672558066 
1 4 186648219 
2 2 564360541 
4 5 331394822 
4 5 477516749 
3 5 171942551 
3 3 592164290 
