6 695 
8863423 301129674 112647164 301329905 924652630 
782777680 145647680 155350963 173068437 63464556 819452979 
820530690 409798361 847773299 499447821 655129171 
5 4 686401148 
2 5 489887091 
5 2 836876626 
1 3 862308146 
5 3 976135845 
2 1 445654490 
3 3 492349782 
5 5 703776619 
5 1 954808926 
5 4 505207143 
5 2 131893787 
4 4 767167230 
1 4 96877515 
1 1 323973942 
4 1 241666041 
4 4 789103722 
5 1 84364679 
5 4 838349553 
5 3 485394598 
4 1 873571494 
5 1 298586886 
2 5 536339651 
3 5 330713789 
2 1 789934367 
4 4 119421140 
4 3 87076212 
3 1 741636386 
3 1 942204875 
4 3 723595071 
3 1 487689493 
4 3 746012962 
1 2 732447761 
2 2 315732945 
3 5 907804463 
4 5 822335469 
1 1 832185186 
4 5 83861949 
2 2 880163756 
2 1 933428021 
4 5 631446660 
2 3 986879372 
2 2 432904802 
3 1 992374839 
3 4 718523390 
3 4 255651413 
4 5 420901619 
1 2 474758380 
2 3 780465942 
5 3 176768783 
1 1 954005487 
3 2 107567346 
4 3 169150827 
1 3 840957657 
4 4 403606429 
3 3 412068877 
4 3 728296883 
1 1 861617345 
1 4 73455614 
1 2 935620496 
5 1 392732325 
1 2 940709860 
5 5 23446393 
4 1 681628314 
4 2 627870024 
2 1 472045385 
2 5 985492753 
3 5 248800139 
1 3 29461482 
2 3 800814474 
2 1 401946610 
4 1 883252491 
1 1 331797944 
2 1 209682513 
4 2 144962734 
5 1 290508186 
1 2 514428071 
5 2 752587594 
2 1 936219714 
2 3 47728603 
3 2 981551561 
2 5 473203462 
3 4 937549978 
5 4 142421617 
1 5 624571471 
2 1 247462786 
3 5 86567125 
4 1 661767929 
5 5 707910187 
4 2 383459160 
5 5 117904448 
2 2 294567312 
4 5 588994626 
5 4 243981760 
4 3 741391105 
5 3 7159861 
3 5 20223041 
2 4 887750678 
2 5 458407631 
4 4 431556599 
2 4 776273455 
1 2 293340364 
2 2 619273141 
4 2 933159294 
2 4 224933778 
5 4 773502194 
4 5 737023072 
5 2 137378293 
4 3 899313701 
3 2 589112607 
4 1 862866374 
4 4 526402022 
1 3 824540045 
4 1 351239208 
1 2 883289702 
2 3 494678032 
3 2 734062711 
4 2 575176642 
1 3 577581234 
1 2 1602180 
5 2 506249791 
1 3 832015200 
5 3 384147896 
3 5 168759257 
2 2 609209468 
2 2 677362057 
3 2 142560571 
2 1 150985756 
2 4 907875385 
1 5 349071142 
4 3 49255420 
4 5 634593574 
5 4 657815162 
5 1 853964717 
3 2 621349392 
5 5 286501668 
3 5 363788630 
3 4 478160705 
4 5 715606575 
3 1 317726934 
5 5 570975254 
1 4 968516171 
1 4 46301438 
3 5 198527072 
2 2 558208210 
5 4 425100905 
2 4 882761696 
5 4 687416641 
5 1 92598294 
4 1 915889508 
3 5 386330632 
1 2 550770458 
1 5 41357799 
3 4 298616831 
1 1 173471309 
5 5 265330072 
1 2 520342697 
3 3 983460049 
4 4 259927990 
4 3 273501602 
5 3 874741706 
4 2 167547095 
2 3 354200595 
1 2 261498882 
2 2 955184977 
2 2 516504634 
3 3 331354133 
1 2 54073762 
2 3 429416521 
1 2 137279213 
4 4 785374044 
5 4 836644242 
2 3 23414539 
2 5 258743409 
5 3 746946641 
2 1 768079806 
5 3 233558260 
2 1 910326881 
5 3 844845033 
2 5 795760902 
2 2 363755501 
4 3 55837621 
3 1 160232510 
5 1 614250351 
2 2 816282297 
4 4 213004658 
4 3 977179502 
2 2 641283871 
4 4 220541709 
2 1 630766767 
5 3 190502210 
2 4 632339717 
4 5 171604442 
4 4 827206426 
2 5 373449288 
5 4 666561510 
1 2 332827819 
5 1 76237197 
2 4 762806218 
1 2 710016136 
4 1 499771142 
4 3 419209390 
2 5 295536875 
2 5 493566776 
4 3 331366490 
3 5 32101540 
4 3 463773518 
2 5 893073579 
3 4 848270357 
4 5 330201512 
1 4 696648904 
3 1 827137053 
5 3 164986947 
5 4 504921136 
1 5 176469951 
1 4 52590369 
1 2 615299741 
2 5 527831073 
5 1 129333794 
3 3 499308129 
4 5 627305607 
5 4 201333787 
4 1 717940131 
4 2 211904909 
1 2 17893415 
1 5 584702533 
2 4 464851635 
5 4 428457951 
5 5 764039606 
3 5 537028078 
4 1 573487504 
3 4 994491976 
3 3 446622875 
4 3 79002903 
3 1 272432042 
1 1 747382324 
3 4 789616371 
5 5 19365114 
1 5 601429758 
3 3 945463303 
5 4 955671640 
5 4 40909569 
4 2 836352729 
1 3 921724089 
5 3 425682222 
1 4 391239204 
5 5 108766872 
5 3 26022553 
2 1 118641771 
5 4 656669559 
2 1 886497359 
2 2 770063325 
2 3 636347397 
3 5 661131389 
2 5 23233865 
4 3 992269975 
2 3 313164725 
5 1 330013729 
3 5 114685583 
4 3 820995615 
2 3 843387370 
1 3 626242925 
2 4 197713910 
3 4 896269439 
2 4 220318521 
4 4 820500869 
5 2 847839690 
3 4 785264210 
3 4 360917544 
4 3 961683359 
5 1 854077071 
2 1 282749159 
4 5 107932300 
2 1 4445777 
3 4 94353750 
1 1 895111336 
2 3 187903380 
4 2 702463861 
4 5 550525654 
1 4 823973424 
1 3 219646437 
4 4 896629951 
2 2 89060811 
4 4 204474472 
4 1 62607867 
2 5 349314055 
4 2 687478135 
4 5 130229487 
5 5 694379480 
3 1 907723089 
4 1 726251469 
4 2 283123118 
1 2 481782196 
1 3 494917075 
5 1 822152585 
2 5 355082116 
5 2 967649101 
5 5 182899845 
4 3 217020800 
1 4 586419343 
3 2 813304202 
5 1 27586920 
4 3 385227099 
5 5 397387090 
1 4 302142447 
4 2 232025687 
5 3 352517570 
3 1 342745864 
4 1 595614769 
2 2 954352318 
5 2 808611008 
1 5 672660872 
1 1 334898813 
4 5 942507950 
5 4 257189025 
3 1 790726239 
5 2 985701750 
5 1 437281327 
3 3 112643457 
4 3 389574010 
4 1 739602808 
4 2 429174223 
4 3 272729128 
3 4 96833589 
3 3 208925524 
2 5 664165894 
4 2 850980662 
1 2 449753343 
3 5 337965811 
4 1 106228240 
1 2 820039796 
4 5 203369071 
5 4 545984994 
2 4 791718453 
2 1 742664549 
4 2 772818109 
3 3 264846699 
3 3 474181368 
4 5 744209562 
1 4 877733399 
3 1 256572034 
3 5 577390953 
3 4 162611230 
5 1 984965183 
5 1 557957922 
5 4 972225063 
4 4 579045693 
3 2 602041800 
2 3 481256819 
2 3 614134111 
5 3 475633087 
1 1 587143335 
2 1 763163667 
3 4 80442864 
2 5 273062659 
3 3 216174726 
5 1 823390845 
2 4 697049897 
5 2 118882315 
5 5 731415859 
3 4 256877540 
1 2 293747070 
5 2 957421231 
5 2 521772296 
3 4 504207614 
2 3 704540253 
4 4 379654947 
2 1 830706310 
5 3 680829059 
3 2 841743139 
4 4 598342650 
2 3 526401519 
3 1 523832090 
1 2 587481007 
5 5 684654007 
3 4 466273552 
4 4 52337989 
5 3 206460143 
3 2 309934735 
4 2 602894974 
1 3 905969171 
4 1 594975765 
5 5 176233165 
4 4 894884318 
3 3 150779782 
1 3 381110243 
2 2 342483314 
3 5 997207947 
2 1 112973326 
1 4 450594911 
2 5 178950665 
4 3 892649879 
4 2 578521525 
3 3 216685706 
3 3 356472355 
2 1 362593355 
2 2 616060911 
5 3 876524435 
1 1 662316495 
3 3 54260822 
4 5 278799048 
3 1 629629022 
1 4 308023443 
1 4 559596112 
2 5 507112707 
5 5 593164234 
5 3 402453404 
1 2 928710489 
1 5 124542841 
5 1 197098017 
3 4 349628431 
3 1 886593543 
2 2 76404267 
3 4 729356847 
2 3 362651182 
5 4 258992852 
5 3 873312203 
4 2 501591468 
5 5 62894466 
4 2 728470481 
1 5 985014233 
1 4 377563715 
1 4 405076394 
2 3 118627165 
2 5 230145709 
4 1 944433950 
3 1 400039067 
4 2 301951310 
4 5 458472008 
1 5 577652415 
4 2 357096987 
4 3 32601288 
1 2 36873257 
3 2 94654398 
4 5 389158762 
3 4 205390416 
4 5 493965716 
4 3 401479632 
5 5 302784445 
1 2 569107169 
2 4 981372241 
3 1 791385032 
2 1 449655368 
2 4 671503755 
1 5 492515856 
5 5 385211541 
1 2 846953150 
5 1 670345226 
3 1 442080165 
1 2 169712821 
5 3 950108203 
3 2 626735448 
5 3 707640137 
5 5 206238537 
3 3 106867096 
3 2 926583909 
4 4 77174174 
2 4 209556822 
3 4 156928384 
3 4 371968928 
4 1 187238810 
5 5 782755673 
3 2 38513363 
2 5 472914007 
1 3 219209301 
2 5 482092424 
1 3 45038466 
4 2 939963998 
1 1 449221698 
2 5 400785376 
3 4 426770271 
1 3 96007446 
1 1 471281232 
3 1 235753972 
5 4 621685514 
1 1 369053268 
3 2 702251563 
2 1 464430361 
3 4 65089498 
2 4 659348595 
2 3 121441731 
5 5 844000841 
5 1 342139377 
5 5 169067875 
4 5 566581063 
5 3 389434001 
3 4 814071160 
5 4 286704708 
2 1 910930625 
2 4 255456757 
3 3 859414900 
3 3 174366837 
4 1 325819485 
2 4 159712992 
1 4 34049047 
4 4 173433314 
4 3 573523925 
4 5 890160531 
4 3 205762197 
3 5 298483375 
5 2 474159205 
4 5 647758299 
5 5 355966750 
5 4 443173255 
4 5 285962739 
5 2 60058376 
5 1 432275807 
3 4 902320882 
5 1 650005229 
5 3 338340666 
5 1 436506043 
2 1 656358550 
5 2 517760365 
4 1 460677343 
1 4 123135318 
4 2 108563767 
5 1 513831858 
2 1 571500522 
2 2 37377468 
4 4 841601772 
1 1 72929121 
2 1 633467051 
3 3 10684998 
2 5 278105346 
4 4 547791499 
4 2 930165961 
1 2 432655819 
2 1 504581698 
1 5 435378644 
2 4 544569578 
4 3 992891531 
3 3 133908585 
3 2 794560214 
5 4 633554590 
4 1 998393052 
1 3 241449034 
5 5 560023264 
4 2 265102151 
1 2 30810433 
1 2 284023337 
2 1 643538827 
4 5 180220516 
1 3 195889403 
2 5 777119469 
4 3 927898356 
2 3 233444501 
2 1 256715103 
1 2 626670534 
3 2 731044087 
4 4 584029891 
2 1 75210997 
4 3 794709102 
5 3 536333097 
1 3 395406239 
1 3 946049203 
4 4 931114456 
2 5 446700897 
2 5 828758501 
5 3 446182834 
1 3 99045690 
3 2 102821509 
4 4 814404741 
2 2 160131306 
4 5 118510064 
5 4 823398864 
4 1 172056773 
5 2 219851776 
3 3 588099826 
5 4 930360373 
5 1 731317222 
1 1 442154598 
2 1 486177350 
1 3 724795833 
4 4 148050401 
1 2 870230373 
4 5 690999986 
2 3 748970360 
5 4 790060685 
1 1 725633820 
4 5 568797186 
2 1 132126771 
2 3 271056257 
1 2 711194863 
5 2 452216585 
4 4 83539295 
5 1 339417409 
3 5 698029289 
1 2 752795935 
3 3 166950044 
4 5 476480688 
5 3 27016085 
1 2 542450968 
3 3 58419635 
1 3 807070584 
5 5 479275595 
1 4 738530713 
2 3 668489375 
4 1 568250395 
2 3 371262760 
3 3 569373101 
1 2 669509296 
5 1 970619053 
5 1 683984439 
3 1 45665514 
4 1 274516084 
1 5 321481868 
2 2 533759603 
1 4 727710290 
2 4 115663512 
2 2 501082680 
1 4 19380630 
3 5 17873750 
2 1 712818073 
5 3 598605929 
4 3 555140828 
3 2 581424237 
1 2 749184502 
2 1 488013415 
4 3 579042931 
4 2 920621155 
1 3 492173928 
3 5 526812196 
3 3 898692447 
4 1 23802094 
5 2 364096128 
4 1 178326390 
2 3 908317431 
5 5 651517678 
5 2 157612611 
5 2 280948665 
5 3 469253530 
1 1 352546211 
2 2 874328546 
3 2 503423704 
2 1 746882892 
5 4 737816246 
1 3 997869292 
3 5 989170713 
3 5 313311202 
1 1 807192233 
2 4 814808305 
2 2 351800403 
1 1 658731354 
5 1 748514865 
3 5 282930052 
3 1 388551359 
4 1 682251794 
5 4 886106109 
1 2 387970308 
5 1 258486825 
2 1 382223331 
3 3 3910810 
4 1 86022676 
3 2 801818215 
3 3 448430715 
4 5 782136216 
2 1 136427125 
1 3 115595771 
1 4 276533892 
4 1 903940861 
3 1 723376634 
2 5 256719462 
1 5 255033275 
4 3 551062538 
2 4 804060400 
3 2 477460862 
1 4 434650192 
2 3 606735773 
1 2 131729867 
5 4 656666682 
2 2 543834926 
3 2 767122107 
2 3 99047118 
5 2 84872224 
1 4 149667391 
5 4 217774882 
4 3 866327698 
3 5 444838863 
2 2 692075782 
2 3 237267345 
4 1 65807440 
4 5 767664103 
3 3 162734610 
5 1 526068037 
3 1 244159627 
2 2 894873984 
3 5 761436220 
1 1 782796533 
2 3 77675504 
5 4 390232437 
2 5 147594390 
1 1 952266190 
4 1 118963364 
2 4 675085463 
4 5 489313330 
3 4 603864154 
