18 130 
638167764 871618093 962118352 492612140 61762642 985880283 92982620 597252977 936772322 295457146 833404399 494730191 277983811 450274764 468785412 334282445 612202721 
317203261 966394745 191559435 220517123 886351889 469829295 405571101 625684011 288023239 607727732 329333629 49950468 721078509 208669168 600620974 500443431 618474550 953900700 
37188116 841826093 118724012 247452135 677911371 895930665 347071430 737392928 210707941 709974646 354367040 273304537 963126691 422385639 87325348 98895284 544838439 
10 17 190457841 
8 6 603659934 
9 2 678705349 
8 15 940691466 
9 15 20226938 
1 2 274070715 
4 12 553497110 
13 15 491829474 
16 7 819878252 
16 4 198425341 
2 8 501231583 
15 8 640433542 
3 5 918397443 
1 12 41660358 
10 12 976435563 
12 9 765860902 
8 16 823859079 
16 2 649554459 
8 11 502935906 
2 11 275576135 
1 2 31999800 
2 7 74564809 
5 2 579141117 
7 14 378748889 
14 7 379375075 
12 17 40892407 
4 4 995778699 
1 5 316809092 
6 5 839357718 
9 1 699582063 
9 9 976834477 
7 8 920091203 
17 14 293268661 
16 9 108771463 
10 14 393147239 
3 3 394095670 
15 8 146483091 
15 7 424473788 
7 15 417003877 
6 6 277533519 
10 1 242469469 
3 10 765820401 
3 15 16107730 
1 1 970660675 
4 15 307523010 
11 3 330199761 
3 13 963937522 
3 12 419386226 
1 15 631712166 
7 1 88466463 
8 1 94320045 
13 14 98835699 
12 14 751106773 
9 16 766029794 
16 12 983588498 
1 9 183165784 
6 10 941492487 
9 16 704797070 
13 13 603135502 
8 2 857843033 
4 13 661003295 
14 5 422906343 
2 2 950709642 
2 12 939132605 
8 5 906843077 
17 4 308006145 
2 12 349681133 
13 16 697073557 
17 7 319345103 
14 3 381106168 
6 16 704063922 
11 2 213448043 
8 11 168936647 
6 8 958615536 
17 10 398670645 
12 9 183811044 
11 2 160361215 
9 16 916471953 
9 12 505183631 
15 13 364848359 
6 9 959665371 
9 8 762692429 
4 1 948495661 
16 17 740999158 
6 9 575205079 
9 15 907855579 
10 3 673703949 
14 1 405046137 
5 9 847727104 
3 11 277513809 
16 7 777815004 
13 10 191472897 
10 5 760345908 
6 6 405062357 
7 1 904902727 
17 13 680599776 
2 15 841260009 
14 6 321605556 
12 9 538844825 
11 11 12020399 
8 6 707203106 
10 4 690345354 
7 1 983292255 
10 7 274304903 
10 3 700007407 
8 1 497976622 
1 12 423388033 
15 8 436920474 
1 9 569372578 
10 6 797509037 
3 16 195066239 
5 8 426557517 
7 1 385656347 
7 15 323074059 
13 7 209255300 
7 3 266976837 
1 14 547287399 
8 11 26712480 
6 14 801100865 
9 11 728060646 
2 1 264801514 
17 11 568760709 
1 11 438259314 
9 5 781525222 
7 11 817115640 
14 3 865706774 
13 15 266074183 
6 4 98598518 
5 2 962815740 
9 4 865337417 
