500 346 
-1 1 0 0 0 0 0 0 0 0 0 0 0 0 0 0 0 0 0 0 0 0 0 0 0 0 0 0 0 0 0 0 0 0 0 0 0 0 0 0 0 0 0 0 0 0 0 0 0 0 0 0 0 0 0 0 0 0 0 0 0 0 0 0 0 0 0 0 0 0 0 0 0 0 0 0 0 0 0 0 0 0 0 0 0 0 0 0 0 0 0 0 0 0 0 0 0 0 0 0 0 0 0 0 0 0 0 0 0 0 0 0 0 0 0 0 0 0 0 0 0 0 0 0 0 0 0 0 0 0 0 0 0 0 0 0 0 0 0 0 0 0 0 0 0 0 0 0 0 0 0 0 0 0 0 0 0 0 0 0 0 0 0 0 0 0 0 0 0 0 0 0 0 0 0 0 0 0 0 0 0 0 0 0 0 0 0 0 0 0 0 0 0 0 0 0 0 0 0 0 0 0 0 0 0 0 0 0 0 0 0 0 0 0 0 0 0 0 0 0 0 0 0 0 0 0 0 0 0 0 0 0 0 0 0 0 0 0 0 0 0 0 0 0 0 0 0 0 0 0 0 0 0 0 0 0 0 0 0 0 0 0 0 0 0 0 0 0 0 0 0 0 0 0 0 0 0 0 0 0 0 0 0 0 0 0 0 0 0 0 0 0 0 0 0 0 0 0 0 0 0 0 0 0 0 0 0 0 0 0 0 0 0 0 0 0 0 0 0 0 0 0 0 0 0 0 0 0 0 0 0 0 0 0 0 0 0 0 0 0 0 0 0 0 0 0 0 0 0 0 0 0 0 0 0 0 0 0 0 0 0 0 0 0 0 0 0 0 0 0 0 0 0 0 0 0 0 0 0 0 0 0 0 0 0 0 0 0 0 0 0 0 0 0 0 0 0 0 0 0 0 0 0 0 0 0 0 0 0 0 0 0 0 0 0 0 0 0 0 0 0 0 0 0 0 0 0 0 0 0 0 0 0 0 0 0 0 0 0 0 0 0 0 0 0 0 0 0 0 0 0 0 0 0 0 0 0 0 0 0 0 0 0 0 0 0 0 0 0 0 0 0 0 0 0 0 0 0 0 0 0 0 0 0 0 0 0 0 0 0 0 0 0 0 0 0 0 0 0 
0 0 0 0 0 0 0 0 0 0 0 0 0 0 0 0 0 0 0 0 0 0 0 0 0 0 0 0 0 0 0 0 0 0 0 0 0 0 0 0 0 0 0 0 0 0 0 0 0 0 0 0 0 0 0 0 0 0 0 0 0 0 0 0 0 0 0 0 0 0 0 0 0 0 0 0 0 0 0 0 0 0 0 0 0 0 0 0 0 0 0 0 0 0 0 0 0 0 0 0 0 0 0 0 0 0 0 0 0 0 0 0 0 0 0 0 0 0 0 0 0 0 0 0 0 0 0 0 0 0 0 0 0 0 0 0 0 0 0 0 0 0 0 0 0 0 0 0 0 0 0 0 0 0 0 0 0 0 0 0 0 0 0 0 0 0 0 0 0 0 0 0 0 0 0 0 0 0 0 0 0 0 0 0 0 0 0 0 0 0 0 0 0 0 0 0 0 0 0 0 0 0 0 0 0 0 0 0 0 0 0 0 0 0 0 0 0 0 0 0 0 0 0 0 0 0 0 0 0 0 0 0 0 0 0 0 0 0 0 0 0 0 0 0 0 0 0 0 0 0 0 0 0 0 0 0 0 0 0 0 0 0 0 0 0 0 0 0 0 0 0 0 0 0 0 0 0 0 0 0 0 0 0 0 0 0 0 0 0 0 0 0 0 0 0 0 0 0 0 0 0 0 0 0 0 0 0 0 0 0 0 0 0 0 0 0 0 0 0 0 0 0 0 0 0 0 0 0 0 0 0 0 0 0 0 0 0 0 0 0 0 0 0 0 0 0 0 0 0 0 0 0 0 0 0 0 0 0 0 0 0 0 0 0 0 0 0 0 0 0 0 0 0 0 0 0 0 0 0 0 0 0 0 0 0 0 0 0 0 0 0 0 0 0 0 0 0 0 0 0 0 0 0 0 0 0 0 0 0 0 0 0 0 0 0 0 0 0 0 0 0 0 0 0 0 0 0 0 0 0 0 0 0 0 0 0 0 0 0 0 0 0 0 0 0 0 0 0 0 0 0 0 0 0 0 0 0 0 0 0 0 0 0 0 0 0 0 0 0 0 0 0 0 0 0 0 0 0 0 0 0 0 0 0 0 0 0 0 0 0 0 0 0 0 0 0 0 0 0 0 
0 0 0 0 0 0 0 0 0 0 0 0 0 0 0 0 0 0 0 0 0 0 0 0 0 0 0 0 0 0 0 0 0 0 0 0 0 0 0 0 0 0 0 0 0 0 0 0 0 0 0 0 0 0 0 0 0 0 0 0 0 0 0 0 0 0 0 0 0 0 0 0 0 0 0 0 0 0 0 0 0 0 0 0 0 0 0 0 0 0 0 0 0 0 0 0 0 0 0 0 0 0 0 0 0 0 0 0 0 0 0 0 0 0 0 0 0 0 0 0 0 0 0 0 0 0 0 0 0 0 0 0 0 0 0 0 0 0 0 0 0 0 0 0 0 0 0 0 0 0 0 0 0 0 0 0 0 0 0 0 0 0 0 0 0 0 0 0 0 0 0 0 0 0 0 0 0 0 0 0 0 0 0 0 0 0 0 0 0 0 0 0 0 0 0 0 0 0 0 0 0 0 0 0 0 0 0 0 0 0 0 0 0 0 0 0 0 0 0 0 0 0 0 0 0 0 0 0 0 0 0 0 0 0 0 0 0 0 0 0 0 0 0 0 0 0 0 0 0 0 0 0 0 0 0 0 0 0 0 0 0 0 0 0 0 0 0 0 0 0 0 0 0 0 0 0 0 0 0 0 0 0 0 0 0 0 0 0 0 0 0 0 0 0 0 0 0 0 0 0 0 0 0 0 0 0 0 0 0 0 0 0 0 0 0 0 0 0 0 0 0 0 0 0 0 0 0 0 0 0 0 0 0 0 0 0 0 0 0 0 0 0 0 0 0 0 0 0 0 0 0 0 0 0 0 0 0 0 0 0 0 0 0 0 0 0 0 0 0 0 0 0 0 0 0 0 0 0 0 0 0 0 0 0 0 0 0 0 0 0 0 0 0 0 0 0 0 0 0 0 0 0 0 0 0 0 0 0 0 0 0 0 0 0 0 0 0 0 0 0 0 0 0 0 0 0 0 0 0 0 0 0 0 0 0 0 0 0 0 0 0 0 0 0 0 0 0 0 0 0 0 0 0 0 0 0 0 0 0 0 0 0 0 0 0 0 0 0 0 0 0 0 0 0 0 0 0 0 0 0 0 0 0 0 0 0 0 0 0 0 0 0 0 0 0 0 0 0 0 
190 148 0 
288 156 0 
337 89 0 
85 309 0 
56 162 0 
450 341 0 
398 9 0 
485 325 0 
208 209 0 
60 495 0 
230 464 0 
498 248 0 
417 62 0 
400 378 0 
200 427 0 
221 205 0 
130 89 0 
121 193 0 
465 312 0 
273 367 0 
497 175 0 
163 439 0 
225 268 0 
140 218 0 
255 151 0 
244 226 0 
427 162 0 
78 491 0 
189 177 0 
437 44 0 
212 425 0 
72 331 0 
372 214 0 
138 54 0 
266 104 0 
155 151 0 
182 309 0 
481 206 0 
289 445 0 
183 228 0 
468 305 0 
336 293 0 
490 157 0 
280 24 0 
381 158 0 
475 372 0 
90 182 0 
397 380 0 
464 424 0 
87 149 0 
245 420 0 
125 245 0 
250 162 0 
346 141 0 
147 28 0 
37 144 0 
345 60 0 
267 71 0 
349 86 0 
466 78 0 
39 460 0 
297 429 0 
386 48 0 
288 492 0 
222 409 0 
127 263 0 
29 262 0 
487 90 0 
447 142 0 
370 289 0 
312 367 0 
81 360 0 
451 403 0 
177 164 0 
449 493 0 
241 307 0 
435 228 0 
80 265 0 
25 439 0 
348 299 0 
260 142 0 
22 95 0 
369 276 0 
130 242 0 
214 338 0 
216 288 0 
125 317 0 
297 324 0 
26 346 0 
443 455 0 
317 97 0 
457 154 0 
159 301 0 
356 440 0 
129 382 0 
28 150 0 
152 100 0 
75 105 0 
384 141 0 
326 59 0 
36 223 0 
329 75 0 
326 327 0 
413 76 0 
219 160 0 
386 402 0 
306 270 0 
5 406 0 
297 124 0 
126 455 0 
236 173 0 
270 185 0 
163 47 0 
349 84 0 
275 414 0 
93 45 0 
161 443 0 
240 220 0 
74 65 0 
276 357 0 
179 182 0 
194 417 0 
209 194 0 
219 383 0 
159 480 0 
332 235 0 
207 308 0 
191 472 0 
196 497 0 
125 380 0 
458 142 0 
42 493 0 
248 2 0 
50 389 0 
127 186 0 
316 30 0 
355 78 0 
88 96 0 
207 162 0 
430 341 0 
294 263 0 
468 72 0 
70 387 0 
473 15 0 
181 88 0 
158 251 0 
338 426 0 
246 312 0 
14 55 0 
301 485 0 
161 293 0 
55 203 0 
423 458 0 
262 446 0 
250 153 0 
342 250 0 
31 438 0 
218 169 0 
411 60 0 
212 124 0 
456 297 0 
389 225 0 
421 85 0 
344 266 0 
486 198 0 
192 358 0 
223 11 0 
126 470 0 
367 152 0 
242 241 0 
59 470 0 
108 5 0 
359 287 0 
58 471 0 
348 296 0 
372 18 0 
241 293 0 
267 146 0 
203 355 0 
213 352 0 
63 301 0 
74 39 0 
416 192 0 
232 490 0 
227 266 0 
96 440 0 
486 498 0 
144 236 0 
346 43 0 
115 405 0 
121 494 0 
444 478 0 
323 34 0 
218 105 0 
193 403 0 
386 145 0 
177 293 0 
383 253 0 
482 57 0 
454 211 0 
59 358 0 
374 250 0 
306 488 0 
415 446 0 
181 174 0 
235 428 0 
394 472 0 
345 351 0 
326 323 0 
10 78 0 
214 475 0 
367 322 0 
120 109 0 
489 39 0 
137 250 0 
119 422 0 
296 283 0 
116 131 0 
361 44 0 
264 208 0 
311 44 0 
114 333 0 
242 46 0 
259 476 0 
25 59 0 
447 466 0 
125 495 0 
112 156 0 
158 16 0 
417 351 0 
392 229 0 
476 245 0 
389 75 0 
409 185 0 
76 219 0 
258 167 0 
406 497 0 
369 438 0 
162 397 0 
406 443 0 
485 171 0 
146 471 0 
468 3 0 
201 82 0 
392 352 0 
53 353 0 
270 446 0 
476 41 0 
441 166 0 
289 163 0 
487 383 0 
318 190 0 
218 313 0 
14 170 0 
176 77 0 
204 234 0 
355 185 0 
349 72 0 
405 136 0 
131 106 0 
452 79 0 
352 303 0 
332 161 0 
268 28 0 
245 190 0 
319 152 0 
391 262 0 
269 114 0 
308 361 0 
150 26 0 
355 476 0 
67 415 0 
129 36 0 
157 46 0 
19 161 0 
145 330 0 
190 92 0 
117 338 0 
288 402 0 
200 76 0 
202 311 0 
339 247 0 
394 295 0 
81 173 0 
336 276 0 
385 381 0 
226 147 0 
120 238 0 
7 352 0 
359 298 0 
157 163 0 
24 118 0 
188 259 0 
266 275 0 
302 302 0 
262 99 0 
489 67 0 
160 144 0 
459 183 0 
409 11 0 
204 90 0 
444 58 0 
377 228 0 
309 105 0 
295 362 0 
365 457 0 
393 351 0 
239 386 0 
343 259 0 
75 232 0 
279 29 0 
118 17 0 
321 405 0 
255 491 0 
475 90 0 
325 425 0 
495 143 0 
393 242 0 
433 159 0 
88 264 0 
60 468 0 
189 388 0 
343 42 0 
346 382 0 
370 189 0 
277 421 0 
373 73 0 
427 66 0 
246 492 0 
339 304 0 
468 314 0 
102 80 0 
217 7 0 
387 390 0 
46 463 0 
259 428 0 
340 496 0 
114 338 0 
179 257 0 
83 96 0 
72 42 0 
177 153 0 
194 243 0 
66 466 0 
483 398 0 
393 455 0 
