6 472 
699114050 6084614 744041930 974770367 139220912 
586921130 561839217 175080533 152473533 148607635 607898738 
42050854 605643594 80264272 910464529 31690880 
4 4 854360741 
1 2 894226130 
1 5 86789116 
3 5 318895035 
4 2 251542606 
3 2 156548870 
3 2 91734986 
4 5 398825549 
2 5 683303813 
2 2 898890139 
3 1 518605767 
2 1 255490949 
4 5 481968316 
5 2 546087788 
3 5 376740988 
4 2 45062333 
3 4 477436222 
1 4 915858855 
1 3 379928047 
5 1 791414442 
5 1 285304937 
5 1 936348935 
2 3 344103588 
3 3 791510357 
3 3 144091949 
5 3 428259671 
2 2 460990569 
4 4 80109229 
4 1 53348382 
2 1 885810166 
3 5 232177481 
1 2 552808938 
2 2 151772801 
2 1 311157345 
4 2 164258921 
5 3 12168041 
2 1 193764170 
1 1 584268969 
2 3 238349791 
2 4 636461035 
3 2 822918479 
5 3 293835987 
5 3 424386271 
2 1 604537609 
3 3 144522196 
5 1 989441232 
4 3 55233875 
2 3 119167751 
4 2 832658927 
1 1 154209812 
4 4 552914245 
5 3 911885394 
5 3 875158919 
2 2 794504534 
5 5 527778431 
4 2 793490235 
4 3 417615423 
1 5 367115686 
3 5 198808440 
2 4 229871335 
4 3 400699223 
3 2 907978263 
3 5 55492356 
3 1 122156468 
2 5 117538061 
5 3 317464835 
5 2 756067677 
3 3 788474799 
5 4 905667578 
5 2 596979729 
2 3 660819759 
1 4 425986381 
4 5 552884537 
1 1 450700213 
5 2 314840083 
3 2 872603170 
5 3 535312086 
1 4 164249471 
5 2 639070741 
3 1 399839329 
5 5 259088577 
2 2 886444700 
4 4 423383420 
2 2 293907533 
3 3 591323531 
4 2 733763848 
3 4 361771875 
1 2 964007794 
5 4 216423377 
5 2 206414363 
2 5 83336739 
2 2 751001664 
4 2 854511221 
4 2 928748306 
5 2 751285484 
1 4 158717477 
5 5 518697493 
2 2 825205600 
3 3 36715702 
2 4 758357593 
4 1 389540761 
2 2 912922784 
1 3 548895735 
2 2 193654152 
2 5 291925850 
1 3 864147421 
4 3 49319035 
5 3 360666930 
1 4 694712333 
3 5 185386131 
5 4 228568007 
2 1 547793341 
3 1 514728128 
4 2 538544661 
2 3 410923879 
3 1 864624613 
2 5 219227410 
4 4 54183075 
3 4 632172397 
4 4 240022093 
5 1 813644541 
5 4 164628673 
3 1 602532992 
5 4 457075311 
1 4 102988241 
5 3 549381538 
1 2 657731382 
4 3 510720316 
1 1 595542905 
3 5 699421571 
1 4 342777935 
4 4 147752092 
5 1 658189485 
5 2 98038247 
2 2 65387111 
4 5 10763304 
1 5 262883970 
5 1 25504068 
5 1 168718791 
3 4 376018959 
1 2 237607670 
5 2 776994713 
4 2 858652126 
3 3 620839201 
4 3 231569834 
1 1 768337777 
2 3 537829013 
4 2 8107211 
1 2 638773788 
1 5 523319051 
3 2 350832477 
2 2 207594212 
4 5 18682774 
5 5 930639981 
4 3 135934689 
4 1 484679940 
1 2 762208230 
4 5 553654777 
5 3 356920390 
2 1 758768300 
1 4 941565989 
4 2 589637473 
1 4 628419941 
3 1 968302902 
2 2 328327761 
1 4 491436695 
3 1 823028992 
5 5 447449691 
4 3 324324053 
1 5 697871251 
1 2 708043863 
2 2 507887299 
4 2 500184146 
4 3 920768458 
2 1 321693926 
2 2 889736663 
3 4 527129599 
1 3 552054454 
2 5 370476928 
1 3 267290728 
2 4 247170505 
2 3 887257859 
2 4 196114553 
4 1 48362619 
5 1 133971096 
1 3 549243205 
5 1 734650480 
3 4 591459006 
1 3 362560146 
5 3 538170442 
2 4 84804558 
1 3 268557797 
3 3 154650839 
4 3 513757301 
1 5 72460972 
3 1 937047993 
5 5 604580991 
3 1 174543286 
1 2 114820683 
4 5 235819867 
5 5 814398489 
5 3 915854578 
2 5 91672325 
1 2 983582646 
1 4 931757399 
5 3 778190490 
2 1 638803095 
1 3 510837017 
5 4 320883228 
3 3 470153098 
2 3 435649966 
2 5 103568696 
4 3 135997192 
5 5 368682324 
1 2 347526959 
3 4 198649404 
5 2 406570542 
2 2 83935979 
5 3 333444001 
5 5 24528858 
3 5 537659544 
5 5 959302105 
5 2 393751129 
2 1 604785972 
2 5 176477681 
2 2 972950452 
3 1 647185645 
4 5 432150403 
1 3 201270415 
5 1 921715077 
1 5 964713917 
5 2 159830338 
5 1 865803918 
1 1 220823122 
2 3 82456561 
3 4 926925241 
3 5 939702346 
2 5 632454751 
4 2 259429785 
3 3 199629491 
4 2 958923140 
1 5 316600144 
5 2 185689752 
5 4 769964333 
1 2 671568675 
4 5 175959549 
5 1 841939789 
2 4 63749017 
4 2 863462826 
3 5 795402017 
2 4 743650285 
1 4 402810248 
1 3 352912292 
5 1 370384890 
5 4 176321768 
3 3 905631065 
5 3 523090317 
5 4 648667717 
2 1 220777108 
2 3 494027409 
4 2 755862567 
1 4 111021121 
1 1 645215488 
2 3 631746164 
3 2 711329193 
1 4 160040308 
5 5 208770882 
4 5 831735564 
4 2 380885146 
1 2 617916656 
3 2 234654022 
1 2 281354576 
1 5 813629695 
4 1 997915196 
4 2 401381523 
1 5 209444559 
3 1 975327221 
3 5 175545405 
5 3 121939471 
2 3 711457778 
1 3 860072910 
5 2 168857564 
4 3 897838968 
5 2 610721090 
3 2 227269165 
1 2 129530309 
1 1 553969521 
4 3 47792011 
3 4 723878483 
3 5 63387513 
5 5 290702073 
5 5 623149499 
5 1 352758202 
5 5 266479257 
2 4 321848387 
5 4 696850293 
1 4 617496866 
1 5 676840862 
1 4 730043174 
3 3 496248796 
2 5 883864769 
1 2 686175543 
2 2 856174216 
2 3 572798368 
5 2 219343548 
4 5 804982726 
1 3 582637245 
3 5 362254856 
3 4 186613079 
3 4 236920203 
3 2 704299898 
4 5 462073290 
1 3 734636829 
5 5 361512657 
5 2 168284519 
5 2 822289346 
2 3 793918071 
5 2 963953985 
2 2 404152952 
4 3 731474724 
3 5 941399127 
1 1 931192521 
4 5 587032450 
5 5 882438422 
2 5 364752678 
4 4 908372634 
3 4 945157586 
1 5 491853136 
2 1 67377308 
4 3 914023717 
5 5 334730828 
4 5 495399376 
5 4 688791985 
3 1 791103750 
4 1 671840353 
1 4 405066666 
4 1 160542159 
4 2 415558358 
1 1 133464267 
4 4 596258817 
1 3 344926628 
4 4 254395807 
2 1 482628253 
3 4 364114824 
1 3 432670722 
5 5 305712887 
5 3 799147979 
1 4 296174755 
3 3 688865273 
2 2 740556050 
2 1 781228626 
4 3 510839061 
4 2 285809997 
2 4 403228098 
3 2 319180240 
3 1 380279518 
5 2 311628330 
4 3 941763952 
3 2 279513833 
5 2 887025128 
4 3 762196877 
1 1 569605629 
5 5 17920454 
5 4 729456382 
2 2 209314022 
3 2 321926421 
2 3 865404566 
1 4 983451823 
4 5 401352098 
1 2 482517024 
5 5 871631293 
4 2 943287825 
1 1 714441069 
1 1 361729915 
2 3 134005036 
2 4 314387205 
5 1 984241089 
1 2 217903823 
4 3 149330254 
1 1 787736591 
5 5 125207998 
2 4 914239948 
4 3 895948559 
5 4 308029709 
4 1 638745760 
1 3 185458179 
4 3 409239644 
4 1 716715873 
3 1 616825363 
5 4 983521258 
2 3 391637819 
5 4 772283964 
4 2 574484162 
3 2 546339363 
1 2 988658097 
1 3 103016079 
3 2 222858436 
4 5 398143423 
1 4 20058819 
4 3 440968737 
5 5 827224092 
4 4 449975510 
5 2 743677770 
3 1 588787953 
2 3 881991602 
2 1 356044313 
4 5 714471949 
3 3 690849292 
2 2 683225011 
1 3 8889391 
4 2 131940752 
1 5 388323062 
3 2 992470340 
3 5 569136748 
3 5 572366095 
5 2 177578758 
5 4 575190496 
4 2 177057970 
4 4 228817463 
5 4 350950330 
3 4 980129764 
4 4 66416281 
4 5 845853185 
5 4 774262503 
5 3 678857460 
1 4 490905502 
3 4 48152008 
5 3 499807104 
3 5 649232753 
3 1 235011137 
1 5 973808899 
5 5 736183055 
5 3 744820137 
3 5 651859700 
4 2 573079248 
5 5 16737585 
2 5 921772903 
3 2 512419675 
5 1 578847137 
3 3 711645619 
5 3 716723348 
5 5 866947527 
3 3 851450379 
2 4 684871465 
4 2 407466773 
1 1 340096713 
4 4 512738270 
1 4 624966343 
5 3 494497000 
1 1 355101752 
5 1 245183569 
5 2 633196333 
1 1 597929631 
4 1 780218516 
4 3 244027600 
1 5 628804994 
4 1 973830320 
4 3 36406106 
3 3 964573918 
4 4 327622660 
1 5 4348999 
3 3 462935624 
5 3 853254848 
1 5 407971241 
2 3 137901734 
2 3 366190714 
3 1 928998714 
4 3 287892159 
4 5 942991475 
2 3 740940113 
1 1 181730365 
3 2 312798533 
