5000 1
745 1134
745 4275
745 3598
4275 157
157 1215
1134 359
1215 2240
1215 4150
4275 621
1134 422
4150 208
745 655
422 706
2240 4163
655 923
4163 2470
208 1552
4275 2808
4163 545
4150 3003
4150 2
621 1168
655 195
4163 2926
2240 1506
1552 1262
1215 1192
3003 2697
1134 248
1506 2082
4163 449
2470 396
1262 3308
4275 3837
1192 4642
4275 1205
2808 4853
359 1787
2082 2928
1205 2185
1506 4417
3003 808
1192 4745
396 3448
1215 64
1205 784
4417 4888
2082 632
1192 352
359 2671
352 3140
2808 1540
1787 66
64 2512
2697 3801
2512 341
3837 4883
2 3937
1787 3384
2470 65
2671 2752
1506 18
2512 4915
1787 3310
3448 1453
655 2158
2697 2528
2 1462
545 257
655 1157
2528 3968
4888 2221
621 874
2808 4305
18 55
1540 4994
874 747
396 2306
2671 4708
157 194
208 599
784 108
3308 2277
2928 3121
1215 3186
195 1203
2277 383
66 3669
3448 560
3448 2679
4883 1105
195 372
1453 2402
2470 515
1205 639
3186 3906
2306 2491
923 23
1205 209
2671 1981
1787 1709
3121 777
4888 1596
64 710
4994 3520
2306 2107
3598 4614
2402 4936
257 3830
777 3601
3520 1603
3801 1359
2185 3583
4853 3101
4642 926
4275 1674
2 4754
4417 3476
1674 2242
4642 2500
55 1492
706 4428
2277 586
2671 3100
3830 4996
4428 325
923 3704
257 939
195 1480
396 1333
65 1081
3669 575
1105 1832
4708 1574
341 2716
706 4062
1462 735
939 3860
2752 2967
3520 6
3310 614
2928 1012
735 1579
1012 969
4915 1913
4936 827
449 1245
515 1413
3669 3983
1709 3008
3384 877
3669 4173
1203 2171
64 2002
1134 2652
2306 2217
874 3630
18 996
3968 1256
449 936
2500 3184
926 4603
66 1183
4883 2647
209 2271
3801 657
1413 2355
3184 1914
1215 4152
3520 1501
1134 2428
1012 4121
157 1793
2217 3202
4417 101
209 805
1462 4594
108 1161
4642 1831
747 414
2470 729
4163 4482
1832 1749
2402 1826
2082 503
1709 4167
4417 2386
503 4612
359 4136
1981 3430
2082 3607
735 89
18 592
4417 3229
4612 1772
2185 327
3384 1458
2171 3335
632 2722
341 795
108 4674
735 1000
3801 2676
2671 3960
4594 1714
2306 2384
157 2151
1714 3919
2679 1781
2512 1646
1826 1090
1574 1774
3630 2018
4994 2683
2500 2839
341 2228
795 2281
632 1983
1913 4718
621 393
1501 3501
4883 2918
2281 1364
4121 1078
1579 3707
372 1631
4121 1255
2271 946
1203 1740
4417 1494
4745 714
1333 1342
2185 4230
248 4251
4167 4528
2652 1614
4888 2145
1359 265
1245 2186
946 92
4152 1785
614 3146
92 1589
2171 2381
2402 3790
66 4299
4136 3383
827 2810
3308 1938
2277 4919
4136 485
2217 1230
3583 1602
1245 2820
729 2192
352 2029
3501 114
3607 1437
64 3878
1603 231
265 2254
1342 1411
485 984
3801 4124
2716 652
3140 1123
4121 2600
4614 3368
2679 4580
3830 1042
1740 722
3906 791
231 2264
393 675
1832 4162
18 1862
3707 572
2386 4449
2683 3009
2647 1543
1831 1072
1862 786
1709 3913
3906 577
1157 3831
3630 4743
2002 1133
18 826
1832 1666
1012 440
4163 1360
1342 489
2647 1314
4603 3073
777 2792
639 1278
926 1170
632 2544
706 2068
3669 4227
4754 4054
3968 1040
64 3356
503 1703
3860 1570
2158 2273
1831 2425
4594 4536
1914 1937
1133 3851
575 2448
1413 367
1230 334
1078 2378
1494 718
489 665
4227 2294
2384 3243
3368 1964
1602 3292
1709 1865
2697 2184
4883 3267
714 768
2500 1050
3448 2735
1123 3017
23 2566
2716 755
1364 377
1646 3799
4230 2776
6 944
1666 2040
3583 4213
2355 2053
545 676
1078 1237
3919 3568
827 2246
4449 2241
101 4545
939 4253
1614 2993
3003 2257
4743 3118
1603 496
89 4646
1506 4865
3292 3130
101 519
729 3294
3229 4342
157 853
3003 1048
1832 1303
4614 861
248 4579
4305 1669
3669 1667
1667 757
805 1850
4883 1529
3130 201
4121 1908
1123 2635
2068 1839
3101 4358
2808 4935
2776 3871
1749 1625
4152 4703
575 3123
1494 3847
946 3196
1183 1444
4996 220
4718 2565
1255 4155
1413 2748
2158 1274
3118 1575
1937 1905
1793 828
108 536
2425 3657
414 295
92 1965
101 830
3601 622
2264 3166
676 2488
66 3720
3430 4040
1596 1926
4162 3529
3123 2844
2652 3019
66 1109
3878 4180
1413 2729
1669 360
220 3756
1168 4990
1540 3545
1774 2562
2735 3074
735 2915
2192 1495
1674 1491
2425 3240
3368 1508
1543 292
92 1448
614 962
4708 3975
4612 320
1491 3524
2158 160
599 307
2018 1017
3847 4789
2002 2535
2562 1394
1602 3628
1772 964
3448 371
3003 2295
2512 3198
4754 2412
4054 3812
3310 953
4789 1978
157 323
440 4458
3707 43
3003 3557
575 187
1133 2076
4865 2980
3356 543
4180 415
4612 3396
1965 3551
599 600
614 1254
4162 2681
2158 2916
1254 3777
735 934
3166 948
2185 4974
3756 2371
3545 1954
722 3111
861 3102
2217 4737
828 629
2735 2529
4342 2747
1839 651
1017 2815
1230 2293
675 4987
3073 2451
4227 1478
2386 1169
55 3245
2384 2312
4708 390
2776 3848
320 3584
4162 594
323 4734
3102 3581
4536 508
1170 2348
3756 4158
360 2901
2635 540
2810 1339
3196 2344
508 2132
2082 2907
2217 3845
4612 2607
2306 2296
1579 780
23 4550
3166 3114
1042 3112
675 3929
1215 1051
1862 3236
2184 1354
23 429
1646 84
1774 702
3121 4916
1954 442
377 2033
1278 3811
2184 3885
3100 4397
1048 1213
2676 2106
757 883
92 1847
2635 4933
4708 3749
3848 175
3396 775
2033 3779
1462 1690
2132 3343
3777 3348
926 126
1081 4243
3448 3684
2271 3228
23 1528
126 2004
3130 1739
3801 1935
4883 1316
651 2024
1669 1484
4243 45
702 637
1354 281
3140 3090
1364 2929
1832 4714
2221 3289
665 2081
3749 975
3100 847
1491 475
281 2124
2776 3025
55 1266
1914 2140
3779 4200
2264 386
3848 1729
592 3732
3851 1618
323 2737
1413 3238
2186 3980
2145 330
64 2701
3756 2834
101 3048
2018 1283
4987 4122
3557 3089
1506 1951
4936 1400
3669 2340
3707 3150
4936 3069
2281 57
1256 1677
3777 766
2535 3078
4919 353
639 4658
1690 31
1495 4466
1850 3027
3906 3992
2402 2268
1839 1097
3860 900
2915 4038
1495 1991
791 1032
3975 82
657 1076
1540 2613
327 4436
1040 4007
2834 1199
1847 3023
2671 2754
2565 267
1453 945
2993 628
2185 3001
2 2362
2306 2550
1316 4468
1170 2781
327 4105
939 4886
934 4
2500 4423
3975 342
175 243
2192 4963
1314 2332
4935 2895
3790 1235
2729 3315
3790 1294
4853 1558
1543 728
2106 2310
2217 4106
1076 1387
341 4272
64 1466
1314 3758
4737 3088
1444 3303
3027 2037
64 2645
1614 526
4155 3084
353 2523
1090 2556
3975 929
1646 482
2491 2089
560 3451
3289 1089
1342 280
4550 405
334 4424
2332 3459
1484 4390
489 2320
2528 473
3027 1545
1458 704
827 697
3245 1486
3906 106
560 2873
1278 139
3919 2110
2752 2578
2681 4586
3758 1210
1050 1784
3790 4895
1570 56
3749 739
945 1634
4124 2694
2381 1416
1360 3328
1090 909
3027 258
2529 648
1413 2933
6 1518
1000 997
3847 4020
4550 3873
2834 2709
4158 734
3983 2525
4251 1757
4545 4858
1192 1737
292 3639
3601 2416
2528 2449
4122 2770
295 3
3871 3788
2781 4692
808 2506
3315 4697
3017 2868
2344 535
3303 1760
1951 4409
2676 2991
2295 1044
1255 285
4466 4032
4105 1407
735 282
3001 455
2029 407
341 3884
2268 4002
4155 696
784 2892
220 3457
4106 4091
3520 3390
281 4308
996 2663
106 3468
1394 4930
3851 1779
4580 1966
515 3378
2488 226
4915 2274
4734 1747
3238 3282
4121 584
1213 3447
2110 370
1749 3694
1314 4414
1203 2598
2868 2946
577 310
1518 2827
4105 4284
3919 4730
1000 3346
1413 3705
718 3926
3568 887
429 1136
4658 2932
923 3795
2722 1185
1666 4117
545 4842
1964 4837
2451 973
1266 3578
307 3706
3607 952
1772 2354
1000 75
1072 4871
4458 4276
1387 1135
887 1656
729 2126
4603 2614
327 4788
3992 1819
1495 1851
220 2585
3310 2328
1283 2113
3873 880
592 3755
4155 3201
1965 4712
3003 2764
1772 897
729 3167
2124 3424
3545 2788
1596 1446
3848 3484
4230 2309
4674 921
4275 4558
2907 726
3799 1239
973 4452
584 1550
1135 4022
1048 235
706 4804
735 1102
2729 3176
926 4016
874 2797
3860 3599
1579 2503
4167 879
4227 3659
1851 1193
4734 2514
1453 2973
3929 255
415 3605
1199 252
2381 4021
2277 4232
407 2251
526 2555
1359 4378
2241 4239
4468 4982
3100 1676
3707 4878
4714 2230
3929 3406
1739 2327
984 3527
4227 3432
4180 4181
710 3828
1237 1473
2355 4345
3684 72
1090 1115
2844 1024
1254 4564
2470 356
415 346
614 3864
3430 3824
3919 4552
3598 4432
577 472
766 1891
4552 1734
1674 241
2107 4057
934 4457
4167 4467
1157 1522
1935 3474
2273 19
747 1623
975 1310
4117 672
584 913
1097 636
4888 3505
2217 4809
1905 3450
830 1650
2037 580
2709 2668
4163 2497
3801 3559
2647 2787
975 2005
1703 1116
648 1490
4163 4600
3 4290
323 1200
1235 2495
628 4911
3001 2422
4466 3161
3451 1398
4842 1813
2124 1705
577 4098
973 2190
1484 1306
330 1761
2901 2852
160 1375
1714 792
1448 2189
1254 967
2192 4109
4007 2665
2916 2664
560 1519
4933 4533
1938 3552
3384 4845
3111 3668
226 525
4054 1452
697 291
2340 2138
2973 813
485 3987
393 1979
64 1100
2967 1358
4528 395
114 1609
4586 4529
3795 1996
1979 32
3140 727
2980 164
1954 1304
3201 178
747 2390
3598 2363
3090 940
897 1298
4545 2305
4646 1471
1203 4598
2729 846
3023 247
2296 98
75 4972
1793 2751
2973 1507
395 3541
3023 855
1891 1428
126 4382
600 3041
3668 33
1157 1929
2556 814
2355 1208
3845 772
2815 1027
2107 668
672 3664
3837 4765
1358 2530
1714 1873
973 3061
734 1510
1446 1065
3527 2897
4424 3770
887 4176
4930 68
4788 217
1109 2245
1266 937
923 1661
575 3905
1785 3387
1208 3349
2416 3321
1407 698
3476 4562
4972 1319
3659 4149
1908 2300
791 2900
139 3197
2381 271
621 4682
1772 1884
586 1915
874 2564
4239 1800
2897 4688
4181 4784
1078 174
515 2285
2928 1645
126 1074
4562 604
4594 1284
2089 623
4378 2168
792 978
3335 3334
3243 1173
98 2545
1205 1212
1304 2349
3146 2468
4409 4569
1115 4732
1428 4435
2933 2994
828 497
2293 2335
766 4663
3847 769
614 1343
1839 3472
1050 1577
4158 4255
1081 2547
4213 1995
98 1241
2241 4063
217 2047
1634 1179
1453 4530
4275 1895
1667 3663
4417 3007
2709 1629
482 2648
3605 3757
4299 4767
3282 982
1375 4778
4109 4475
3356 1533
1891 1209
4842 1660
3583 169
414 148
1074 2439
1235 3890
3552 3131
1458 2597
969 2816
1100 3359
3812 2773
2994 1147
1596 2640
535 2790
3749 3572
2355 2699
2470 1082
2047 67
3368 1521
23 3909
3520 1008
1800 4443
1495 3896
853 3994
4022 378
2916 1357
3975 1775
2354 2415
4990 2223
72 3939
4176 4116
2897 4955
32 2749
1478 3591
2815 4208
2223 4408
637 3780
973 3608
3240 537
3069 3825
4467 3420
3757 135
795 4815
2929 1637
508 2937
735 2376
1929 2704
1913 4336
18 105
2827 3640
3476 1086
2305 147
4276 2911
923 4366
4435 2433
4466 4209
4784 1287
2246 4065
586 3760
1458 1619
2230 2200
1645 1869
1645 28
1552 992
4336 3373
2378 3234
4994 1077
4935 2886
455 561
3100 1430
4692 3063
2004 1585
1343 1939
1161 1670
4305 2391
1199 1778
4732 794
4466 3108
2668 1318
777 1824
3905 3006
3755 4575
1996 373
1136 3317
4580 1384
1784 1392
2729 2062
4251 3261
728 4118
3383 3615
2792 4653
1157 1011
327 50
1136 4573
739 1331
1042 4401
3552 3590
926 4515
3983 1539
2107 4907
3396 1221
1466 1513
3905 1636
4152 914
2820 3594
652 2041
295 1984
1734 4402
4116 4740
1358 1228
2797 1132
600 2656
1666 347
2294 1121
2428 162
1839 1752
651 3264
1609 2501
395 1569
3939 1107
926 294
580 2642
18 2482
2937 1621
3294 725
1914 1620
377 3715
3551 3612
3335 5
1185 2622
1629 3155
2993 53
3601 2494
3559 4413
4063 2290
235 2441
55 3617
4401 888
1316 2249
2240 4320
1895 3665
2053 4026
4930 4068
4098 272
292 3738
4573 4090
3176 434
2697 894
992 2316
1824 3563
1966 1857
2029 4945
4158 3649
2535 3105
50 1198
2271 2269
4054 4407
2716 2261
2113 1538
1937 691
1913 2890
4320 2266
2500 2389
4765 4264
936 3802
526 3575
4408 2227
4299 199
2781 3959
3450 2938
3780 1706
3960 1196
632 3446
3594 4031
2752 1429
2647 3995
2223 2345
3575 2885
2293 99
378 999
580 1487
3529 2492
2928 3056
4408 9
3799 1974
3995 1958
4935 494
3 4340
2306 3518
3121 150
1913 2777
1646 3944
2933 3866
2647 2859
600 4689
1781 1373
33 3049
1979 1649
4173 4650
2257 4326
2132 3254
2132 2559
887 3794
543 4059
496 2974
792 3585
4718 1711
600 774
1048 3263
4402 1206
4424 1565
3161 1786
4594 1073
734 1296
2024 1615
4682 283
405 2745
4475 120
3657 2888
2040 4140
2495 262
1209 955
1193 4817
89 2119
2171 2734
4308 4729
2428 3437
4845 1244
2381 2983
4580 3728
1196 3279
3328 3452
1081 2442
2745 2016
4603 3761
2257 2450
199 2207
1255 4056
3349 2031
174 1566
4358 4841
2585 2871
1490 3947
982 568
1545 2998
162 1523
3006 2224
2815 253
1813 1265
1979 3277
3831 4544
4612 1160
1416 3950
489 752
1458 2943
535 1389
2251 2046
846 2705
4598 1069
3788 362
3545 3737
3234 471
1241 3690
359 2258
4703 3620
1462 3361
4032 1286
325 123
4878 3047
3552 1695
407 1788
1649 479
1615 927
3238 1872
2230 4699
1316 1956
769 1617
4002 1404
3756 2202
4784 737
3795 3274
393 2466
3518 761
1506 4605
3788 186
2029 2177
9 3068
1660 3325
592 4159
2355 4906
1000 3028
2888 556
2171 1560
4915 2499
429 4489
2600 3057
2363 2542
4402 2577
2991 238
4159 3444
1314 2243
126 2445
984 1516
1448 4924
1069 1681
1255 4706
1979 4970
4326 4601
1774 132
1851 518
2258 3535
139 2660
560 1728
258 4047
4402 1053
4264 3000
655 4012
3073 4859
729 1270
4443 4003
2974 2956
2450 4852
1703 4219
3848 1950
1926 2513
2697 2330
4489 2658
479 3122
1375 3153
3535 2323
1286 39
4963 2595
1575 1820
2777 4370
3057 2097
2033 1225
1364 3908
2124 590
1086 290
691 2038
3732 4165
4106 3054
4121 2008
1179 595
4414 4050
3111 3967
3130 1927
3947 3696
1078 3810
3913 3151
1132 3002
2705 4004
3001 112
4529 1635
257 1436
2781 715
105 4451
3121 3298
1102 674
1241 3094
4974 1883
2245 4551
1978 3033
164 3843
4320 1382
545 4492
1954 4075
1448 361
1939 3488
1115 3677
4457 1511
1192 297
1636 3595
2425 113
1614 3977
4435 2059
4414 118
2305 198
766 878
1516 2408
3356 3997
1774 1341
4342 958
637 4978
4402 119
359 399
3111 1397
3628 2866
3243 2437
3663 4574
4734 2397
3432 957
3084 4212
4466 1972
3303 1450
964 4795
485 1431
1097 2208
132 3251
1287 2263
2300 781
497 3319
281 2058
1115 2711
3905 943
3008 640
4401 3644
1200 4221
737 1581
4987 3902
325 3748
4536 3924
1413 223
4600 4527
3860 1551
1734 3658
2747 2848
2488 638
3843 3971
390 3624
3690 2774
909 1700
3924 3972
1979 1590
4149 4887
3289 3945
1032 182
4253 1604
3799 4045
2658 2012
2171 3687
4706 3610
1954 1902
1136 3915
1832 2434
1192 2072
4212 4044
2268 426
55 2088
1283 3580
2640 155
3909 102
600 2087
1703 663
3166 466
2938 564
1032 1886
4708 4335
3234 1771
3150 4453
2642 4095
1774 308
282 1896
4276 4128
1213 2667
1170 184
105 1622
3610 3592
3552 3970
3063 2283
4370 3543
2221 4604
1538 3427
515 2524
4251 4376
4436 3536
2907 468
2041 744
2228 4104
3644 436
415 1881
2512 3823
1585 2736
4413 3943
2306 3835
489 94
1623 1066
4104 192
4598 2680
940 2591
4409 1075
4414 2179
178 3712
3860 4195
4370 93
150 4876
4580 2818
792 3222
714 3419
3419 268
1382 3380
651 3544
120 756
1416 1036
4935 2939
792 349
1872 2504
198 2098
3598 3900
4754 1763
1560 4280
4413 2954
4915 2978
1839 630
747 4927
4837 1282
630 4462
346 1823
280 25
4358 2093
2449 800
2177 699
371 891
1737 1300
4414 2624
3599 3979
4401 3809
2246 97
3384 2284
118 3961
4136 1744
2736 1071
4605 1587
1157 925
3263 1564
937 749
3624 2360
2694 1207
3535 1834
1676 2013
50 2289
2764 573
1471 3636
519 4622
1510 605
361 3558
3777 289
4007 3920
342 3952
675 1108
668 3682
2294 328
545 3832
4674 3877
2296 680
655 375
737 1948
1634 1720
888 3039
2185 933
2345 4322
114 1633
2607 1061
377 1454
2296 4187
3592 2801
359 849
3649 1986
1017 296
3873 2250
2053 4009
4646 3940
349 3109
4417 26
4646 3914
393 3465
967 1561
830 2620
1914 2150
2327 2976
3802 463
3795 4271
2437 203
2470 225
3151 3949
580 77
3837 2467
135 2904
1200 2379
3583 742
396 2471
1729 4248
3594 1790
1978 3642
4689 597
1304 1806
891 530
2886 2766
3980 1224
1787 4822
1851 3216
2667 3311
194 2807
4063 895
4650 1442
814 2092
2658 3331
3658 70
2679 2473
268 3778
691 3436
1896 4495
1053 505
3488 221
3349 2891
3788 4943
597 4554
2658 2322
1300 3538
3659 1807
2004 4606
4449 4049
3396 1750
2186 250
4528 646
489 2045
1761 3262
1905 2487
1561 1175
784 2687
2230 36
84 3174
2033 4931
4663 234
2687 4052
2379 712
4990 740
3663 4352
2089 3071
3468 4415
623 2570
3262 1944
1203 1184
879 3272
3140 2364
3757 2403
2354 1451
3272 4274
4703 3147
1902 1288
3319 548
2807 2209
3002 2854
359 20
1604 2960
1574 1811
909 912
1042 4652
2362 659
2300 1855
1523 1612
4401 2759
1358 2596
4449 2814
3950 608
2839 4607
4734 3110
4032 403
1081 3199
1587 492
3949 3305
3101 2114
1213 3504
2114 2858
508 1875
1991 1960
1428 4416
3552 1268
370 4920
726 2077
1451 2007
1674 4918
3980 4613
2747 3350
3866 3371
1763 3553
463 1463
4708 2313
3150 3358
2192 1049
39 1701
2488 904
1266 409
1268 3115
4734 2252
2766 4731
735 3160
605 4631
1545 1189
4417 3004
714 286
119 309
2439 4516
3640 4190
696 1919
3620 149
4706 922
1090 1848
4054 1906
4551 200
1619 3754
371 3623
2513 3426
2295 3353
2781 2078
1929 4188
1207 1598
1357 3887
4149 2022
1760 2721
3321 522
1484 836
891 4334
4789 116
4003 1815
2547 1095
2545 4355
3114 3993
2062 3673
1310 1658
1213 2181
3197 626
2749 3204
280 1509
4355 705
900 3922
3027 2758
3112 4079
2577 4903
396 427
2384 1242
2119 842
3198 4364
3690 1726
3843 3034
1991 2215
4284 12
2295 4882
1620 3962
1551 3753
1462 4476
842 1961
2046 3164
1625 2803
2033 1376
223 4384
3451 254
1633 4259
4730 2944
2663 1166
1184 3070
2158 1500
940 2017
1819 1526
1082 4061
2251 1731
1017 196
1256 2837
2704 2651
2386 3404
2491 4904
353 627
1237 444
1501 1080
2676 3769
3553 2176
946 823
4173 4186
3321 3586
3945 3237
4104 1363
1581 2809
2808 3336
4414 1524
1107 3998
2190 273
3658 3787
3476 1380
186 314
3263 620
272 1220
3090 3579
714 242
1740 1267
1737 1942
3356 2337
1966 4757
250 2475
3361 3168
3222 2684
1284 991
3279 4872
3524 2361
116 4110
56 1308
3447 2611
4012 4764
808 4540
1506 1783
3084 4210
1747 1922
2087 4780
1667 3193
672 4777
57 1385
3887 4283
1358 1143
914 2966
436 3745
3520 1327
1615 2641
2068 4602
101 4964
3102 3278
3968 4161
1884 510
853 949
1929 2549
1314 3414
3584 4412
1760 4577
4822 4977
4945 1748
4653 3106
791 452
2622 3205
4994 355
4562 2301
3824 2507
4586 2197
3694 4805
3436 1796
3028 1675
50 1828
888 411
3061 4514
4397 3633
725 3805
739 4329
1506 3081
98 2988
201 862
3551 767
1375 1334
2960 835
3712 2805
3048 2673
2676 343
2046 2401
2106 1111
706 4946
784 122
82 2314
1623 158
4054 2949
4888 3369
749 2896
2495 2534
1942 3461
525 3020
2671 1973
1728 1366
595 222
4943 527
343 2628
164 4048
4663 4297
1832 1742
879 3990
4865 1313
3905 1530
4149 4346
2274 3589
3027 4635
473 1835
1862 1898
1210 4437
614 263
522 506
4598 130
1826 3178
2107 4135
1450 2913
2126 4591
3712 2924
1360 4522
1008 4386
2699 2594
4970 2893
2313 932
3586 783
1676 1916
149 1137
1726 2455
3971 2079
1268 4834
996 4897
4604 1504
1533 1475
427 4954
3756 3010
1000 3836
2595 2393
2687 3719
3176 2824
3825 3281
466 3792
1783 3865
1739 3600
184 2419
2335 2849
2046 920
3236 4901
2525 2153
1612 3912
3914 3774
1510 829
2254 1580
3028 1568
2709 1103
1823 4774
1602 3320
3572 4087
3971 924
3608 3211
4837 170
3472 1971
2322 478
1954 2669
1334 4910
2079 1146
4804 2115
4964 2161
3905 3285
595 4799
1375 3170
250 261
243 664
508 3499
595 2623
4003 2279
4765 1892
2348 988
3568 1178
846 3175
2378 2742
3572 2265
729 840
4994 3219
904 1425
4200 3700
1451 3149
267 4840
2980 4800
1436 3613
3649 2146
3419 369
3010 2417
2449 4517
2933 451
3543 3611
1161 4228
2209 397
3811 104
3350 1591
2045 3302
126 4890
3937 534
98 1969
2381 4713
2660 609
3041 189
4299 2750
2146 4357
2416 4854
371 807
3325 2414
4919 1647
3584 3024
1193 1936
3563 2987
3962 4474
632 4164
958 3137
4424 454
2208 4027
3812 2527
1354 1324
2514 3037
1726 2832
369 44
4540 2518
840 4270
3176 4669
1448 803
4916 3875
1726 481
1533 3291
67 2917
2852 1531
2455 2831
2335 3800
2814 4438
66 2443
3884 4827
4386 2784
2455 1989
946 4620
4274 3255
2279 865
3757 4019
608 4724
497 2969
203 4487
2443 666
1137 1882
1690 4928
599 3248
1645 1559
3811 3643
3592 3141
1646 2631
3201 1260
853 3839
3586 2531
201 3957
1373 3933
1051 3143
937 2731
2824 1630
1082 2813
3272 579
201 3936
1711 331
877 2644
740 2732
992 4387
2578 2765
2913 4053
4272 2856
2946 3418
2416 2925
1783 2920
3788 4748
897 1846
1316 4610
3684 2588
1752 3194
628 1006
1135 2278
1179 3092
3267 4216
1647 1997
4764 2934
4688 4519
2228 4288
4408 2399
2393 1257
1198 3868
4159 4338
1898 1641
978 2639
3860 2398
283 4704
2348 4869
1806 3215
2683 3631
3034 4107
2943 1479
2470 3191
492 3417
56 3742
1437 87
148 3247
937 3522
1206 3876
4642 3128
108 4446
2681 29
1747 2493
1095 2326
936 4615
4845 4148
1450 2761
28 983
1006 3005
4358 3375
3957 177
1558 2086
3033 4292
4529 903
4610 1258
900 1910
2314 2819
3248 4702
2679 2352
1334 4568
2008 683
4858 4801
2531 3354
4704 1424
1513 4389
4702 2981
3291 2502
4748 1433
568 4537
283 2424
3975 4644
2086 4881
3774 531
1242 2056
4575 811
4642 4494
4020 3574
805 1063
1135 1710
4181 3697
3908 4698
442 2835
1807 4131
3919 1369
2784 974
3586 4980
2408 4934
1484 3360
29 2780
1731 4490
2773 2877
1641 1985
3843 4775
1731 4685
2110 2741
174 4986
2660 1246
97 1068
2258 1222
983 1383
1316 2845
2524 1663
3738 1412
2158 1911
4329 2539
104 2216
177 549
3073 517
2493 4985
1661 4843
3847 4542
3078 1888
2264 4520
449 1233
3084 1715
2542 931
3983 2726
4545 2942
3990 2650
1559 2688
4854 4477
2916 2714
2735 125
2344 230
3572 589
2597 2472
2924 4668
3061 2783
126 1188
4152 890
1209 528
637 2905
1429 4431
4668 3741
1448 2636
1834 2193
728 2593
1674 4750
4934 1582
1100 4889
3054 3051
1357 578
390 2997
4765 4557
823 2554
807 3393
2068 2462
4990 3956
82 3483
1298 1297
2987 688
1622 2612
924 551
1108 919
728 4711
1645 960
2564 1165
89 382
3437 1595
72 2276
2918 606
1258 131
4352 701
4431 2713
2531 3689
2924 2965
4210 554
1663 1546
3251 916
1748 989
3474 3058
29 2236
1790 2083
2980 979
2285 1064
4152 499
3002 2823
3436 4178
632 3549
1960 3725
3450 4671
608 3507
3536 3156
3121 4076
1703 998
4928 2205
3444 4792
726 2757
4817 3735
2663 4070
646 83
3452 2117
2151 2219
1210 3519
657 312
2651 661
2501 2619
3168 24
897 1261
2974 210
1714 2325
2031 547
66 2791
3245 4130
3738 37
3945 2935
3658 687
3628 2167
2313 2474
2652 4088
4270 1967
927 4395
1564 1693
2389 1084
377 968
4181 2879
2640 748
4322 3148
436 4470
2209 4807
1902 2160
1282 3701
1500 3159
4745 1396
2694 3637
3 1395
1580 4418
1115 1525
407 219
877 2537
2904 1515
2774 4958
2283 825
4364 3635
2624 2576
969 4459
4057 3561
3605 3388
4209 4314
2363 2000
1267 1653
4305 810
3118 1329
702 2804
2285 1414
72 3752
672 1312
4338 3322
2624 100
296 298
3866 4655
472 4293
2549 1159
4750 4707
325 1459
396 4523
1715 4957
1073 495
794 2315
3924 2214
210 2366
3848 1592
320 3517
2470 2372
3436 2303
114 4756
1354 213
2242 3314
537 1279
2808 4571
148 181
3068 3625
2642 1045
1824 1139
252 3747
1095 4690
756 1070
2932 2800
4682 2075
3319 3227
2866 1770
4756 2484
4865 682
3971 3183
2018 3032
1749 4833
3261 1176
2271 3627
454 4204
1484 1975
1224 598
77 1702
4087 754
1847 2762
1937 911
2441 4617
2669 3681
1747 3515
1313 2014
3419 4111
2068 4670
626 3258
2016 2727
3414 1101
554 3722
4740 1651
4795 2670
630 4589
2934 1655
2622 4060
1558 566
2885 2143
1511 2590
1729 2599
2487 3220
1939 2461
2766 1167
1783 2490
3559 2589
1670 1405
2325 3012
4706 4596
4764 4014
1262 2568
2462 1236
503 3603
1146 143
2591 3288
3450 274
3809 906
3465 3249
3176 4246
2924 4654
1974 4179
1334 1887
2944 1764
2745 1218
496 785
2591 1583
4131 3489
683 3053
4540 3244
3024 1567
1875 3932
2022 3989
768 901
3640 539
3211 3928
3289 2996
1660 3651
1711 4960
1752 935
536 660
3146 4129
3839 1022
4671 4832
2636 2950
2024 2105
1168 3119
4054 3223
3111 2297
4490 4700
2904 3189
1100 3857
3047 437
3579 4348
308 2910
2008 716
937 3271
2924 3533
4883 4779
4933 3471
362 866
4516 4211
426 4875
1076 2489
3902 103
4799 277
672 3095
4106 2898
3159 2427
3056 1299
1453 4296
1663 2483
3737 2458
4176 2042
352 4649
3452 1460
2741 4160
1979 557
3939 3671
1567 4469
3533 1955
97 970
2330 1716
3228 165
3885 4192
268 3013
3949 1776
664 4818
1169 1092
479 3195
2490 2833
294 2794
4032 1998
108 2055
2813 4157
1268 3888
2907 4456
3971 4202
1939 3344
3657 3026
1513 4289
1100 4102
1734 4039
4131 562
184 4029
3057 1474
2401 111
1179 216
1726 4660
2716 616
1670 1854
933 236
2314 3622
2482 329
1832 2485
737 3726
2022 2793
4178 4277
323 4142
283 2238
3968 204
627 3859
2467 2560
840 3313
623 4998
2378 1968
3671 2569
823 124
2301 4404
1333 348
2352 3966
1286 3503
3979 2957
370 3339
2243 2196
4004 720
1480 117
960 3062
3968 1309
2171 1217
676 1216
4438 428
2960 3449
676 4628
258 3806
1676 4561
3140 4226
2399 3803
1097 4810
330 2121
2764 544
2705 2906
29 1755
4533 2602
3360 4508
3902 2148
2837 905
4840 2603
2455 4983
2352 3157
1720 3879
3944 1957
1049 3374
4027 1033
3545 1802
56 137
4654 4279
2243 3863
4382 591
4714 4588
2399 947
1902 3206
4594 3833
4954 857
1425 4037
4780 610
3712 3534
4780 3394
1539 4509
3255 4632
4109 2927
4588 1874
1157 4839
1101 1037
3600 2156
3664 2370
4805 4625
2792 3532
1790 3341
2671 2244
471 753
877 134
4402 2019
1027 2985
126 4973
2215 732
3418 3440
766 2536
3026 3075
4452 1704
1748 1830
1071 2608
2384 961
341 61
1651 4665
2974 14
323 3478
1957 3104
1960 4538
4213 313
117 950
575 4984
1857 4639
1996 3293
2297 4354
1747 4072
2414 3103
931 2678
3037 4353
807 1696
1710 2785
1787 3060
1530 3250
503 1057
3859 1639
3611 4266
4432 1362
2485 3477
2501 1900
3994 750
2774 870
1006 4263
2981 3079
405 3653
1300 5000
2013 3085
4118 815
1270 717
3313 2625
4160 2136
4740 4077
3390 837
4040 1445
4778 3826
1802 2343
126 2405
3262 1605
135 917
1661 2291
4088 2853
1334 1106
3700 477
1385 2643
1961 4710
3961 4250
1617 2557
3777 3324
2935 4222
536 3316
3990 4616
1888 4864
1910 541
4688 3609
2974 3729
155 3312
1522 2431
98 3352
3956 1803
1515 4005
4631 1810
2752 2698
3247 141
3887 4667
104 3392
735 71
3810 1
1625 3734
4136 4174
4615 2318
1430 3429
1495 4422
32 3898
3980 2952
2913 417
3010 3260
4635 3091
3343 3403
3321 340
4436 4146
3704 2298
632 3672
1237 3065
4110 1924
3810 4929
4996 2365
3643 3999
1851 1841
4935 3270
3919 476
1911 552
3625 3855
3810 2739
561 2872
2566 4741
1538 4555
984 839
2471 689
1913 59
3237 2629
4435 1920
4973 4636
1538 532
2176 1009
155 951
4517 2275
2956 3257
3195 3347
2823 570
840 4570
4537 4630
199 2775
1327 2971
522 3634
1823 179
2294 2826
518 1390
3444 4521
4052 400
4048 1557
1935 2430
722 4953
3707 2452
786 3462
564 3816
4116 2712
2805 2069
3112 3724
2492 3481
1473 3323
4729 2155
3694 3299
3871 679
525 421
3062 3366
4522 845
2241 2048
4928 1418
632 3676
2042 1365
4517 2995
2089 3703
1772 980
2466 3231
2598 1947
2713 1912
895 2707
2956 3516
2764 4134
4799 1013
3971 1018
4605 4744
2045 3662
2901 3295
3800 790
1451 2357
4216 4524
3748 483
139 1963
4449 4991
2424 4803
3591 1039
2761 4648
4702 4634
2928 4645
3147 1112
4530 971
2650 4641
519 2825
3100 2373
950 677
980 4170
4284 1402
112 1422
4711 3614
2660 2802
1366 4441
3658 284
508 1685
2500 1717
3137 4349
2687 1248
3520 4445
157 3883
4275 1320
1342 502
3450 4583
1045 1180
3682 1791
1973 2195
130 1488
2926 1272
3950 2392
320 1827
4994 4265
676 3667
888 3985
3358 2094
2859 4434
755 4300
1359 4084
3027 2789
18 546
3518 841
1619 3466
123 3011
2679 1356
1839 2756
2223 4541
4980 3941
2577 4705
2271 3510
958 35
4853 908
3211 1907
1147 1754
4280 3688
573 206
1645 1708
2804 34
2965 3154
4190 567
4305 1374
1475 4319
254 2380
1619 4993
2115 4257
1824 232
1011 460
4600 4590
3288 4481
814 1421
130 806
1956 4609
1081 3783
3940 4252
1637 2095
2950 2358
3313 1626
1460 1959
1012 1977
3264 2728
6 1419
3143 2067
2223 4531
4699 3253
123 2421
1033 183
2075 4736
4164 62
3243 4023
3267 185
4432 2953
3845 2923
702 4301
3314 1624
522 2795
2075 4532
4209 3304
2797 550
3115 2486
4858 3355
3997 2407
1978 4051
772 3523
4558 431
4551 3666
82 1264
2494 2659
253 3746
2323 3686
2037 384
988 1933
65 3342
991 2262
236 448
1374 1280
1975 4359
2590 2846
2954 4034
1557 2435
2935 1281
4642 4108
2416 4362
2676 741
4079 3072
4489 2329
4489 553
1453 2876
4648 2710
3311 2307
31 1202
3383 1571
1989 4411
281 412
1057 4321
1630 1122
2797 3487
1708 1290
1742 339
1737 1795
1077 1348
1333 4360
1078 2374
629 3718
502 2862
920 641
1519 1860
4805 615
4265 990
4277 128
591 4333
4886 1643
4027 1976
3681 4694
3254 4138
2834 3751
2209 4198
1262 2096
359 1903
933 2516
1813 1928
2224 658
829 3820
1513 694
900 2606
4342 3494
2774 771
768 4247
2544 2963
1891 4608
3943 3904
3051 1876
4519 4500
4516 3399
3904 2201
1750 1562
3149 4215
2590 1600
2512 2410
1919 2914
1437 3955
2699 4225
3664 4846
1475 4539
2833 976
2455 3965
2750 4812
3598 3675
1284 834
4054 2457
3620 2666
4495 276
3106 4043
1742 4189
1429 504
3000 3218
1200 3910
754 1759
1471 1840
2281 2387
3174 304
903 1722
454 910
1540 2767
3092 1502
1529 3207
4580 3377
4660 4403
745 4094
504 4447
1579 1476
2401 2331
3079 2693
1950 3485
2370 156
3285 4917
1258 4151
4589 4281
564 4114
3955 4191
3722 2304
846 797
1359 3829
331 1238
2441 3708
2184 3035
3622 4794
594 2420
130 4460
3277 4472
1264 2828
3970 3015
3396 4323
665 1725
2376 743
2304 1751
4161 500
1412 191
4706 229
3147 1921
1703 380
4841 2350
2628 2460
698 2142
1596 2213
1892 2584
975 3661
3156 3762
1380 1610
933 4235
4800 1678
3153 2573
4740 2580
1453 4717
3642 3759
4247 3645
3334 3209
3751 4233
922 650
1430 2546
2556 709
3178 3046
4895 3849
3312 4218
3665 1010
1460 3793
4407 1792
808 3181
3876 4835
3472 49
677 3852
4487 1054
2834 2672
3039 107
3175 1498
4646 625
204 848
2079 303
1574 3318
3312 820
4072 2481
1795 4723
2934 4392
2058 1697
4401 3364
2471 864
2370 4913
3965 2478
4589 2715
996 3442
2384 3187
3396 4172
4779 1496
2352 2317
4508 202
2502 1408
2600 4760
125 3265
3244 3454
2019 3500
489 4193
1135 354
4538 3233
2417 3276
4757 724
2320 2135
1212 398
4652 3930
1521 1307
1834 4294
496 3269
2363 4675
1398 4307
1663 3766
369 1777
1963 432
2594 1443
4918 1844
1508 3743
3101 3082
1802 3744
3353 2336
3011 3951
4052 73
2963 2753
236 1945
2716 2811
1209 3059
3342 1047
1518 892
494 4112
1102 3546
2837 1292
1101 4125
937 1005
222 2931
3270 1547
1810 38
263 3022
2124 918
3314 4100
1617 333
2672 4802
888 1150
803 3180
2942 1195
1287 21
2014 3113
560 4018
1653 1144
4707 4940
622 2959
395 363
1663 2532
1217 3018
124 3942
1530 1025
1585 1930
914 942
4568 1593
3073 3606
1320 588
280 1718
4620 3135
2848 4092
4930 3629
2954 1186
3265 603
4613 1724
2756 3086
4561 388
2097 1361
126 4147
43 2945
2777 2259
4875 2912
855 4937
1327 1251
847 244
845 4661
2291 445
4516 987
4916 565
855 1114
429 1409
1650 1379
4579 2510
442 2840
3054 4113
4280 3570
1725 4361
1135 1499
4537 2653
2699 4199
4998 4585
2562 582
452 1578
2257 109
4955 1302
4259 4720
3071 2260
1695 1866
3020 899
2069 2356
3349 3169
2405 4177
4688 1657
626 4988
1695 1616
3468 3796
2946 4862
4226 3337
658 3683
2277 4770
661 1062
3758 4433
3906 966
2757 763
3848 488
1552 188
285 4535
2710 2109
2758 4851
1109 3903
1343 3242
2879 4341
2069 2267
2405 1171
1111 4426
1903 151
3928 2889
1590 30
68 733
3187 2655
3227 4932
4076 319
1283 730
4230 2282
3724 4971
1737 3740
1264 133
3758 2521
32 1613
2716 2986
3724 3797
1123 1512
1411 4141
3474 3144
1258 746
4263 2806
3609 306
495 1659
1430 3597
709 1378
2837 1527
1550 4132
3968 1423
923 3714
216 3405
2856 1829
3888 2843
4280 46
2953 3083
672 1536
3997 3764
4606 391
2326 4659
1115 1769
794 3577
4277 4693
329 2616
2448 2210
2242 2609
3857 773
1494 1059
561 1970
2777 4313
4152 69
1938 4471
1251 1723
640 1099
4882 893
1413 1694
3673 4078
4211 2122
1530 374
4276 2382
44 1187
4173 4914
4122 1699
4187 3306
2442 555
105 3973
2269 13
3590 450
1442 1879
2250 2164
4048 1391
1084 4543
1044 4391
3311 2235
3303 4343
3005 3815
4617 1730
4998 4948
4653 3171
2804 1601
4974 3497
216 3948
3557 2955
2300 2654
2566 4725
1961 144
2946 3362
2709 1671
545 2657
659 3309
2145 379
2767 3391
1280 4119
4431 928
369 1388
1132 4619
728 136
3072 3807
213 2006
3315 2508
2357 1247
4604 1743
4271 433
4537 3107
2216 467
4239 3560
4441 264
966 3443
3575 48
2397 2720
1071 2984
4756 3493
1045 1142
1903 1368
4580 3711
734 2863
769 293
2804 443
192 2409
3260 3280
2168 3296
2754 1098
594 3284
2012 4229
2911 2101
2217 1934
3008 881
361 3475
1552 418
3484 3934
4158 1588
934 3290
3962 4406
2576 4203
4631 240
3708 3733
621 690
1225 4067
1040 4036
1012 3573
3942 1789
3690 711
3484 959
397 3509
4340 3506
4890 3798
2609 1505
200 1323
1183 647
1160 3691
739 1899
1919 3098
2783 464
1551 4578
4639 4440
264 4332
4253 1797
4307 4549
4704 4691
3740 514
3724 1093
591 896
3269 2964
1498 930
189 4857
2710 3145
3111 507
4876 278
1847 1940
903 3891
4263 2465
4036 4826
3985 1885
3191 3736
3910 465
2106 2480
810 3301
4580 4183
4460 804
2645 3226
4433 3655
1922 2769
944 3235
2192 3679
4228 1441
3787 1335
3769 4099
4076 1386
1551 1608
3314 3410
3999 336
3368 3067
3216 2232
2731 1094
4631 4879
1731 1741
2056 4742
3201 1673
3929 275
3700 4798
4411 4295
2242 1514
1543 4695
2606 3964
3534 4643
4112 4339
3280 2255
1914 3138
4246 301
3289 1721
892 3327
3315 2191
4233 4565
87 838
1570 4892
914 3435
3617 2272
3004 654
560 1447
313 337
1133 4679
1964 161
894 3283
2186 3621
641 1780
3628 3654
4193 1870
1251 4735
1454 3395
3047 3785
3748 852
1968 7
1933 2850
3939 4405
2852 782
975 3821
1348 2454
290 2169
4402 469
2184 1060
4953 512
383 4201
2017 1889
1036 4965
2491 1864
3366 821
940 1153
2405 751
4659 1517
1153 3953
3575 22
1516 2661
499 4825
2407 4497
955 1154
1193 822
1394 2903
2644 2052
1538 3935
4219 394
1516 2771
3387 2226
3800 4838
4659 3858
792 907
3666 1932
2699 2857
1525 1853
3811 884
1378 1736
3201 3984
623 205
4571 3232
4901 2884
1708 227
2264 721
2910 2476
3015 3066
3069 3881
4756 2438
2040 662
3941 809
2305 3496
804 1002
1526 2127
2609 1962
1281 2222
4475 2638
2150 1766
2150 2440
1552 4010
1888 574
3845 3991
3570 3895
2251 4753
3503 3604
1402 1576
1473 2689
2931 3539
1224 3498
922 4236
3614 4115
93 3969
4650 4046
1180 4787
2794 462
4740 2071
2274 3192
1451 4952
2260 2730
2751 3512
367 2351
4635 4324
1173 1321
599 4310
926 171
3164 4388
1157 4908
2737 2411
3151 1332
1734 3893
4159 491
908 4185
4202 1799
4685 2755
3621 1177
1780 4793
1506 1712
689 2864
30 843
2243 2333
929 4421
1690 3179
39 1172
2820 2394
1658 4507
4858 686
4088 2426
4697 2342
3905 1668
1475 1918
2832 2188
626 1079
506 4383
1009 4701
1086 3372
3168 2085
337 435
2246 3771
2532 1537
715 1340
2470 4979
472 3723
3183 4175
1977 2400
4858 1124
3947 1014
4453 631
2642 456
1423 4548
1789 1152
590 731
806 487
877 1689
4179 365
3216 2902
1601 3709
3755 4448
111 1992
2753 854
98 233
3704 1118
4441 1652
4290 1285
2179 3134
579 4912
2210 3641
567 3907
188 3530
4329 3132
1851 2601
2310 4369
3355 317
1418 1642
2097 4351
519 1085
926 2123
117 4154
2766 1140
3088 3880
4601 868
1712 2377
2897 4017
4018 2763
2437 1805
3089 3050
1309 256
415 1901
4084 86
2645 1833
307 3433
1827 4572
3211 3482
2274 596
4409 4410
3023 2129
3538 3571
1039 858
1414 1782
1976 4758
4110 54
2352 3133
3063 4686
3509 4245
1244 4850
4457 1125
4774 3889
3507 4626
4532 3648
822 1489
3530 4880
1974 3619
111 779
2857 1988
1225 4282
3559 3916
3291 1439
4832 79
433 1890
1785 1825
1173 2812
349 4768
2445 2286
3997 1497
2480 2231
182 1311
1813 2515
1014 4303
2715 509
775 1682
4588 3854
998 8
747 3434
718 1322
2791 816
3442 389
2279 2798
1935 4499
3644 1638
2393 1381
3836 2869
951 1878
62 4207
499 1457
1716 886
4741 392
4557 3986
1706 96
3324 3252
128 2130
1298 4687
1479 1842
2059 3678
2167 4269
4881 78
1221 4633
495 4666
3089 3428
3147 649
2905 1055
2699 3287
1726 4085
319 1464
2079 559
2735 4968
2739 159
1506 4238
1540 1812
4792 4064
1283 3441
1157 3163
4470 1483
2853 2453
3072 3397
4107 3562
1444 474
265 2128
3305 3632
3207 4849
2437 2204
4698 1145
2310 4273
4994 2116
363 3014
4948 2456
3454 2604
3023 2073
4072 832
464 4938
1873 302
1354 583
4408 2432
646 3750
3147 2464
2858 486
2764 1672
3940 40
1800 3982
1667 4041
1474 2552
2906 2100
303 977
3572 3775
683 1586
178 1350
2852 3542
3561 4855
2329 667
4965 3200
1524 51
4474 3814
1944 4000
3420 1367
4580 576
2038 1953
2045 3077
3249 3588
2644 3958
486 166
365 4961
4610 3781
4573 3927
903 1229
1394 4747
1475 2174
73 2347
4626 1204
2235 3602
1685 4902
3534 4306
2291 1762
3194 2063
781 406
911 2865
2716 1249
1748 4496
3829 401
1339 4309
3944 3172
2014 4739
2623 1535
243 287
100 4942
337 1021
4883 2817
4188 88
61 4721
2589 2423
4273 3177
1706 4488
3533 3152
1988 2586
2550 4727
3477 4709
3518 4783
4853 4962
4850 3763
4641 4241
4538 2447
2640 708
2092 4330
1940 4559
3675 2821
3761 619
2279 1644
3715 2551
3944 2061
1492 3721
31 4080
4545 2861
936 602
3347 850
2684 1662
2190 3842
2997 1328
664 1043
4431 1344
3889 3268
1581 3923
658 3931
1939 1401
4974 279
3405 2023
3290 1756
1984 4786
1444 4673
3218 1982
4441 2157
3636 4249
3657 3730
3586 3400
526 1345
2217 4311
72 402
3923 4806
4017 498
2534 3080
658 2175
3105 1031
1813 3139
1069 1337
3737 2760
1748 719
1299 4169
3589 2744
2151 4316
4757 2103
683 154
950 4828
3252 4651
3631 152
2106 3874
3164 1126
1425 1128
4292 3870
905 3087
3335 1485
2474 3492
2570 3767
2495 3511
1831 4581
2831 2003
2773 4563
791 1849
1965 4419
4309 2543
4930 3286
805 2469
636 2444
1751 1190
1600 764
996 2183
2424 4863
4094 2172
637 2723
4390 2034
2219 4479
2037 4367
1337 4473
1663 2746
3218 4950
4780 2367
3035 1243
597 4217
3535 799
565 1665
4878 4844
4230 3401
2732 1440
1578 4493
1055 4866
194 2334
4702 1336
2276 3402
767 110
3144 3521
629 2505
1672 1067
4177 3411
3965 3030
1237 1597
1560 995
4542 1941
1079 321
1328 4083
711 760
3960 4396
507 2909
1451 2887
4227 3862
3781 4638
894 4599
2006 239
4881 4681
4810 4430
1928 4868
2075 523
3848 91
2002 2039
3631 3455
1936 2220
1093 2682
4415 207
4591 703
1941 381
4620 3901
1699 446
4348 872
4105 4894
3279 4505
3390 611
4802 2341
2547 197
2776 4399
3341 2567
1166 3214
2593 1455
3893 1753
749 2830
3251 2043
4472 4256
278 1719
1536 2111
702 3479
1319 2308
75 3495
1425 4291
3885 1917
3037 1877
2490 2899
2260 2908
1385 1735
3608 1980
2472 3911
3474 1868
4777 1818
162 2280
729 1859
155 3773
4303 167
1144 2977
170 2054
386 2118
1571 4214
1559 1058
3729 3938
4435 2247
4864 457
4017 1470
1533 1456
78 3564
12 4143
4167 3425
4826 60
2758 1240
4665 4344
949 2855
123 4220
2557 1117
945 2526
1363 3996
815 368
2215 4498
3355 1163
4800 350
1950 787
3657 3656
1312 1399
3030 4899
3503 2479
2825 4261
747 115
67 2187
1506 4144
113 1821
879 3652
3432 2575
375 2662
1747 533
1735 624
2473 4861
2140 3918
3961 190
4505 2637
1085 2975
3289 2375
4469 4234
1376 2772
1383 4103
4930 2778
3148 4829
4352 4013
3130 3246
4565 3036
1047 693
1530 4989
3223 3409
30 3363
1166 4830
4822 1814
3141 4258
2637 4790
4701 4484
2625 4205
1577 2120
3234 1269
1963 4553
159 4657
1543 4483
3519 387
4778 4011
3107 3526
340 2070
451 3173
2190 1468
3231 3819
3276 3861
2148 4478
2820 3886
4588 410
3744 669
56 644
4724 3182
1950 801
1443 1909
2805 3486
1742 1355
410 430
3113 366
3435 2922
1610 2359
4570 2395
1212 1226
2879 4576
4263 4791
4542 4318
242 1553
1170 2706
2624 3491
4850 2292
329 3537
2752 3899
4845 1469
4468 1767
1527 11
3930 2162
190 2418
4812 10
1429 3680
3858 1606
39 1415
637 1449
93 4506
4675 2218
669 2561
1423 3791
3932 1007
169 4969
199 954
3306 1804
4490 4611
729 3203
1716 3038
1359 2571
4389 2847
1839 3818
4167 4746
4370 1532
2710 3921
795 4153
2515 2970
1862 2519
1839 2233
557 260
1796 2141
991 1683
1720 4033
3728 1894
3877 2256
3279 4368
3084 3385
2289 2633
2470 1707
1203 4512
1047 2102
2887 3593
1814 2948
2093 4373
471 4662
1399 4672
1094 898
4655 214
4731 212
2789 798
4535 3407
787 1946
2126 3381
368 2533
4886 2199
1954 439
1581 4166
3442 4365
1782 4751
56 2057
4704 2674
1524 1994
4116 4223
2659 4260
1595 4380
3261 681
1376 2630
4167 52
1955 685
1844 1174
2932 3185
3305 4268
291 1481
3462 4427
2863 4621
2249 863
3278 1223
2465 2339
4963 1573
4931 63
625 4526
901 3042
2911 4816
2315 2941
4265 3954
3356 738
3628 818
2087 47
2280 322
2942 470
195 2695
1785 2617
3950 1130
1027 1432
4672 2947
907 4206
1774 831
4358 2708
1832 146
4098 4525
934 601
1586 4394
3428 876
4100 4197
4348 2610
4396 915
1566 1370
718 2509
1264 4939
2490 4304
4336 789
1207 4485
795 4231
1329 902
1108 3408
1673 2028
4140 1556
1300 218
4304 4997
1228 1987
3864 2894
909 259
4152 1052
362 441
4231 1232
4257 2147
4608 3480
595 1289
916 1808
2273 121
1976 2677
191 4696
2529 145
3023 3367
4625 4502
4067 251
2303 788
281 4501
688 4567
669 95
2457 3892
123 3846
3238 3398
4822 4400
1916 2558
1059 2134
277 1028
1539 2030
1457 1680
1220 1632
3005 3329
1065 3502
3457 1091
1582 344
23 3210
4991 1271
118 2992
9 1087
3255 58
3433 1305
1266 963
1032 529
4545 585
3689 2882
1257 889
2864 2288
622 3076
2784 1931
3535 4811
3973 2020
3478 2011
1160 2396
663 4425
373 3188
1931 1234
276 4008
4646 1349
4051 1104
2481 1713
2800 305
221 1534
4516 90
2150 2036
3304 245
4155 4379
3870 3326
2442 2206
4358 1520
3620 4680
4185 1993
3180 4073
1872 613
1147 4374
672 521
1623 16
1478 2880
2534 2936
3703 4015
497 416
3118 288
2513 2178
3951 3458
2722 1227
4736 4315
1094 1727
2188 2548
1075 1698
602 2930
3404 4237
3252 335
2282 869
2568 2690
1314 447
2794 2198
2096 2152
179 1295
579 4278
2653 4513
125 193
1391 3702
1700 1023
834 4510
4397 4761
1439 3731
1511 3338
2430 1843
2967 4823
4695 1393
33 1034
1651 2860
2503 1317
2986 2060
1304 246
53 1277
308 4420
4626 4898
4357 85
1470 4766
2505 4465
3746 684
1429 4683
2344 4168
1818 4597
4818 3055
2442 3213
517 2579
4599 985
212 2104
1244 3256
2440 4813
4031 511
2379 2051
3921 2064
201 127
4462 2383
2101 1461
999 3382
3185 2159
1707 1687
3393 2867
534 3370
1124 2225
2047 3699
4203 793
1515 1019
4901 1822
3530 4763
4109 1211
4878 2540
660 4145
2086 4566
1850 3365
3795 3555
1174 4286
4303 1096
3980 4733
3893 3817
108 642
4740 300
943 3695
3578 1347
2701 3031
793 4534
3985 4312
3207 266
2516 4328
1678 4677
1698 172
1087 4664
738 4385
4147 1503
1296 607
1917 1275
1307 4074
3690 2870
4508 1738
540 516
3188 1654
1658 311
159 4900
274 17
1751 4082
4634 324
3779 2324
1762 713
4283 1794
1786 1679
4053 3043
3435 2149
3866 1554
30 3808
1040 4992
3631 493
1992 1029
31 1549
4116 4393
4849 2406
2132 1686
2176 215
1210 1773
4311 538
2505 4752
2261 4922
2534 844
1601 3567
4011 3804
749 299
3254 3136
3485 1688
3132 758
2392 3126
1047 2940
779 4123
257 695
2662 2311
3401 2044
236 3587
2805 2080
3575 3422
805 4371
238 2010
912 4372
1443 3438
1386 153
1797 2477
3426 569
2914 4546
391 3768
1118 2180
4936 4716
2390 3445
3251 2878
1589 3693
4602 2881
1712 4133
2031 3340
3271 4444
2576 1330
4980 1897
2010 938
2371 2321
1361 224
477 2436
4919 41
4360 228
4887 2065
1549 1263
1853 1141
4078 1768
4177 1732
2955 2703
479 249
23 338
1709 2842
2970 3300
3587 413
4253 520
983 4093
4220 3840
3008 3508
3235 4356
1206 4637
1275 3052
2089 2702
3957 3120
4914 2838
4474 1599
4380 1692
3497 2685
4328 1151
4912 3124
572 1181
1549 4656
2329 2921
2197 4030
4675 3894
236 817
1718 3670
1605 1852
2095 2538
4034 4224
3354 2621
886 2740
2573 4944
4008 4715
2660 2229
4260 3869
1094 4623
3396 4350
4112 812
4406 4819
848 1880
4197 678
3711 3853
2006 2961
2053 4071
117 770
3990 2719
830 2270
1329 1291
3014 2388
718 4909
4386 3638
2415 4726
1834 76
1363 2463
1341 2413
3091 2353
1522 981
3966 612
2030 1472
1898 4503
4911 4455
4668 2517
3770 4429
2887 856
4452 871
477 15
1028 2338
1562 3230
2116 3946
1392 1417
3520 1119
4190 424
760 3127
1734 2074
1329 1438
3666 796
4827 3273
1317 364
3689 3822
1339 965
3295 4923
1153 2979
1471 3856
4128 634
217 4504
2109 501
981 2786
341 1758
3385 875
2792 459
447 168
3433 2234
888 2686
2845 2021
4004 1817
4335 3064
1339 4836
495 2368
2856 4069
3704 4254
297 4755
1804 270
3896 3850
2645 129
1463 1035
4402 4959
3828 3376
347 1353
3054 4139
2856 453
1833 2768
508 3618
3156 885
29 4450
1933 2163
3451 4627
1712 461
1363 4797
1821 173
3152 1352
932 656
2793 1816
1400 2015
1185 1904
2037 1477
1103 819
2702 27
1052 3727
3520 3974
3795 2144
1623 1863
1331 2646
489 1434
2750 618
3989 4242
6 2615
6 3786
827 3116
711 4856
4102 2718
1099 4722
3669 3421
2537 3097
1184 542
4617 2182
4307 1465
3116 4156
3943 4317
2870 3413
126 3531
415 1746
27 4398
4580 4006
2383 4461
4566 3556
3593 3867
4003 1326
1998 4647
3924 859
1180 2841
3503 3988
724 3739
1248 4769
2436 4547
1344 2627
4652 3456
292 4873
3035 2779
2970 2050
3247 4331
172 1765
4703 1482
1494 4194
2338 4771
421 3565
2492 357
3807 4676
1247 1026
1343 2738
4617 3470
4434 4042
822 3464
3305 3710
1485 2154
1168 778
970 4262
66 423
1483 1809
2641 4885
4763 4454
2414 3217
2490 1273
382 2574
3014 2319
3630 4640
3877 2248
4121 3241
2657 3963
338 3513
1575 3841
544 1691
2407 140
3983 4820
2911 2541
3454 1867
4239 593
4429 3582
2679 2733
3066 1837
4754 1041
939 3275
4865 458
4820 484
194 81
567 2090
519 1083
3953 4629
622 4796
1634 3333
4290 1231
431 4782
231 860
157 993
3043 524
4477 358
2549 4808
406 4302
726 4595
2684 2287
3106 4381
727 3467
3965 4925
1027 4126
2774 1555
2415 3379
906 4480
744 4511
2475 2962
3197 1346
4818 4584
2784 4776
1447 986
1991 3416
2234 3165
896 1377
496 1129
4823 4921
1165 1191
1224 1845
3128 4089
3421 707
1565 2125
2136 3415
1774 671
3135 1197
520 3528
371 3784
3691 4464
2886 563
2199 2166
4630 1164
3784 2237
178 2049
3998 4097
4663 2982
485 2851
4405 4981
4229 4285
747 3646
3186 3782
2320 3158
115 4035
1216 833
348 3514
2338 4905
1396 2822
4422 4439
4654 3212
4992 1640
2085 1315
4076 1351
4671 3239
1394 4896
1874 237
2080 4171
859 2951
4621 1252
4730 3386
702 1925
996 4867
3801 3698
2857 2165
4276 4893
4029 4926
4047 1871
2920 4486
405 873
1870 4096
1443 3844
3938 994
3582 2429
1679 180
1045 1046
3123 4956
4424 1745
2074 4025
1434 3297
1727 2520
2524 2649
1821 2691
3430 1426
2024 1182
2473 269
463 3981
3825 4772
3561 4556
3557 3431
3539 2025
1535 4884
322 1858
3901 326
167 2009
1907 1301
3343 4024
3537 4821
4657 4327
2624 80
4751 332
4343 3266
801 2605
3680 4814
3486 1563
2889 1219
3862 2112
487 4976
1940 1158
2487 558
702 1030
4779 4947
380 2632
2069 2131
2419 4891
821 3550
4280 2032
3369 4086
2148 941
1624 2999
30 3765
707 4137
4285 2173
2310 1943
2812 1015
2780 3834
167 376
505 571
2493 3525
2319 3713
88 420
3723 2587
3444 4127
3638 1627
1676 723
54 4624
1686 2137
4039 1131
4882 1594
4727 2446
4367 1338
1678 1155
4660 645
2076 2385
1538 3044
3302 1004
1479 4028
1319 1838
4041 163
1775 1016
1574 4347
2249 4860
2222 4781
4352 4831
272 1406
3448 4941
2088 1410
1754 4874
82 4244
2811 1544
4044 2091
2019 4738
4275 3813
4713 4999
1597 1293
1274 2212
3916 1923
4379 3330
3002 3190
3708 3872
3872 1194
3963 882
3294 972
1421 3685
2733 3469
2273 3307
1973 3389
708 1325
180 4749
873 3647
2443 2139
2753 2553
1048 3616
1437 2875
2472 3540
2811 2133
4782 4298
64 2618
3471 2346
1015 4518
238 2782
41 2990
2000 2796
807 4847
140 4363
3785 765
468 653
183 4785
3386 3045
3268 4759
2545 1648
1535 776
2381 4287
1000 692
2940 3224
4181 3016
1279 3692
2073 3660
1593 3125
4467 867
3224 2919
725 480
4902 2581
1125 3345
3465 4593
106 176
832 802
2312 956
3535 3093
496 2989
95 2874
3362 1088
592 3412
3095 2498
3247 643
338 3225
4781 1259
4964 1611
3416 513
2607 3674
2235 2692
4798 3576
1983 2968
3414 1856
1124 4491
1509 1607
341 2099
2365 142
3901 490
839 3117
2320 4184
3167 3717
1847 2592
1910 4966
1637 3021
2806 4995
4391 3040
914 3099
4710 1113
4645 1548
199 2459
4455 3357
462 4949
3443 3490
4616 851
771 2829
1580 1253
1670 1798
3896 2404
1860 1156
2182 1542
4125 1435
621 4101
495 700
3688 3423
1765 2194
784 419
2526 1214
776 4055
136 633
2399 1664
1485 4058
4774 3351
3686 1467
2979 1020
724 4773
3987 3772
2224 4719
3279 2203
2987 3650
2159 3917
3377 2626
3490 318
3039 1990
3910 4678
1900 2035
2699 1120
1195 1250
4947 1801
4973 3925
465 4081
3518 1003
3606 3460
4785 438
2389 4684
828 3827
2381 4463
2013 4848
34 3838
1892 4375
3889 1138
4433 1420
3815 4182
1433 2634
991 1952
2161 1541
2320 2717
1851 759
4402 404
3181 736
4498 3473
35 4728
3560 4066
2814 351
195 1148
986 316
722 315
3432 2572
1931 1372
3394 2108
35 1110
3176 2211
2494 3162
4760 1149
4095 2302
1449 4582
1595 3976
863 2369
4901 762
4087 4196
958 408
3455 4001
2596 2496
4786 4592
1078 385
3564 1427
843 2725
1129 2563
3522 3596
2695 4618
2168 42
3291 2743
3803 4967
2117 1861
2255 2836
1834 2084
698 4762
1532 2253
792 1371
2324 2799
2989 2522
3926 2883
4831 4877
2280 2958
2641 3626
2010 1733
1722 3978
1196 4240
1695 2066
2848 74
3601 2724
4582 2972
4356 2700
4279 2583
3271 824
4328 617
4839 1201
4571 4325
1703 138
3331 4587
4521 587
1441 670
4926 4120
2389 4870
4061 4267
4392 2026
2420 3566
4432 1584
2259 3439
1469 1001
688 1276
173 3548
524 1127
4662 673
4470 3208
3003 2582
2919 1949
3454 1403
4637 1162
1312 4442
3241 425
3878 211
1531 3029
3881 1836
780 3776
3434 2299
3360 2675
3286 1999
74 2511
2429 3129
3466 345
4645 635
2929 3882
4967 3453
4592 1628
1385 4337
1587 3554
2275 4824
2628 4560
3239 3332
1169 4951
2818 1684
4218 1038
4133 3716
198 3221
1523 4377
2757 3463
269 1572
1875 2027
3486 2696
3002 2001
94 3547
1345 2239
4164 3569
1628 581
862 3897
2100 1056
88 1493
269 3789
1012 3096
2873 3259
4831 1893
4562 4975
2387 3142
4933 2170
