5000 2
2662 1002
1002 2535
2662 1971
1002 2478
2662 1844
2478 4918
1971 2889
2662 751
2889 1445
2535 2599
1002 1572
1844 4167
4167 2699
2535 4711
4711 4879
1002 1465
2599 1381
2535 2988
1971 2502
1381 2894
2478 1499
2599 517
4918 2068
2662 4351
1971 1496
2068 3998
1496 1303
751 625
751 3795
1499 1646
1971 4527
1572 3045
3795 3445
2502 2339
4527 767
767 2958
2958 68
1002 3177
2662 1117
4527 3756
2662 2385
2662 3154
4351 411
68 2077
2599 1025
1844 774
625 503
4167 4163
3445 2939
4711 793
1496 415
2385 2746
2746 4426
4351 3789
2339 2820
1025 3867
411 159
2699 1321
793 4189
4351 1521
2939 217
1496 1165
1303 2961
3445 98
415 2941
3045 3044
3998 1031
2958 3150
4163 2285
1844 2993
2599 3175
2478 2935
4918 3616
1971 3759
3175 722
1321 3047
4351 788
68 1903
2068 4359
3177 346
2958 3424
3175 2829
1844 1615
788 659
4879 3589
2941 1525
517 145
1572 2821
1521 333
3998 1865
3795 4994
2385 3614
1117 3625
1031 4518
1496 2526
1496 3298
3998 3945
1844 3561
217 227
3616 1610
2746 3543
68 2635
3795 3882
68 3626
98 4699
2662 1408
3945 4578
2829 3544
2662 3659
2746 3316
2958 1569
3175 3308
2068 3557
3795 2814
333 4301
3424 277
3945 697
4699 2230
1610 1867
2339 171
793 4135
3316 1010
3625 4310
3424 211
751 4013
3998 3490
4301 3583
4013 1170
659 4487
4013 1513
3544 4280
3154 1862
2939 3207
3945 2676
346 2885
2077 1706
3445 660
1496 379
1706 3469
2526 2365
1862 2771
4280 2229
4578 3785
3175 2002
3659 3328
1445 4454
3626 1732
1002 994
3544 4193
751 1969
2958 4112
2814 58
3207 1684
4301 2511
1025 516
3316 308
1732 830
1684 4543
68 834
2502 1137
722 3621
1010 2004
1865 3527
3867 1628
2939 2842
516 4811
3945 1519
3626 275
1519 3266
2385 3040
830 481
4310 389
4426 3601
1165 1852
3490 2737
1646 1113
3659 2248
159 1818
3867 2942
1165 1261
1513 4304
3207 1942
1844 4252
2502 1159
1010 365
333 2431
1684 2492
2229 1991
3785 3679
4135 1216
2248 1821
68 4813
1321 2366
2662 1033
2535 4423
3601 4951
1465 3498
774 1589
3044 492
751 486
994 2453
3445 4153
1942 202
4135 694
1844 1888
1031 93
1844 228
2842 4309
694 1592
1165 4869
2077 1919
2635 4329
389 3734
3150 2233
3614 3966
3543 1880
3424 3599
2230 4576
2004 1674
1610 383
3583 1203
2842 563
4578 706
1865 1726
2771 4215
346 3774
58 79
1589 1552
4994 1436
411 2868
1867 1752
1903 1322
3561 2017
3150 3606
3424 663
4329 4725
4280 4858
1519 2418
3621 3604
2829 85
3966 297
2068 2458
3604 864
2737 310
663 1785
694 2636
1732 4082
3424 3360
563 3197
1785 3552
3197 4460
4423 644
1589 4609
4329 3588
4454 2141
1865 953
3867 1458
1628 831
171 4663
2746 1424
1216 4622
4329 523
697 3428
333 3720
4811 3086
481 321
2885 166
1865 4973
788 1421
1519 146
2771 681
563 760
3308 1290
2285 4618
4189 3980
4112 1371
1408 3911
3308 748
4813 759
2699 2039
2230 3521
3328 4493
3583 1770
1381 372
3659 495
4813 1583
697 699
4858 489
3207 2312
1117 1616
4329 413
774 1368
517 253
79 3407
1880 538
1684 1299
1261 469
3945 709
2820 1213
4576 4772
93 1061
389 3855
2002 2678
3044 557
346 1231
3328 455
3588 1571
659 662
3428 2538
2935 250
1321 41
379 3314
793 4985
1165 1975
227 2589
2312 4381
2868 4707
3040 1779
3720 4118
4994 1542
2285 199
277 3348
4329 1329
1329 4204
166 1685
3583 2583
2821 930
3789 405
2431 3924
333 4247
1117 237
1880 646
2004 1109
79 2488
4163 2836
2746 3433
516 1993
2502 1673
788 3295
1993 984
3428 274
2230 3105
4879 3676
4135 289
3614 419
1684 4030
1732 2890
1770 3824
253 3743
1583 4205
4576 1951
389 493
4811 4273
1465 764
3659 1267
4985 633
3824 2819
2821 2780
4918 4330
289 182
237 4731
2229 1567
3616 4808
1552 1125
659 635
1542 444
767 1728
563 749
2385 2241
3756 3617
4112 1309
3924 4055
2538 1385
4205 3199
4309 1989
1458 3186
1329 713
2077 3292
646 1409
4359 956
1951 2726
3407 156
1321 2408
1322 2461
2885 589
2636 3495
2312 341
492 434
1025 1965
4994 3497
830 4499
3676 4343
1368 4843
4527 500
3469 1561
3855 4757
1567 2536
68 2747
1552 4695
3789 3225
1231 350
1309 3248
3583 132
2635 3196
3561 837
1942 631
2780 2086
297 125
1408 628
1267 2340
2285 798
635 1823
1770 4953
1993 427
4381 1304
4252 2225
41 2133
2536 168
2662 4080
1844 147
3497 1068
1513 3630
275 1889
1031 789
4973 1081
3630 906
413 3132
2458 2310
2889 318
4304 3735
3175 1000
4918 3204
1823 555
1061 931
4808 2245
1867 620
3544 4293
202 3059
2890 4345
1031 1915
2941 255
2004 1839
2635 754
713 4826
3789 3524
953 9
1919 3946
2941 3708
3946 3447
4826 325
3348 3099
2942 1241
2842 371
3911 2482
2133 4401
3498 4233
1241 3395
2746 1038
1303 972
1137 3452
2241 2406
557 570
3395 4866
2819 4139
694 1382
1329 4679
3911 4348
4772 569
3604 3016
346 1154
2889 2722
3490 3237
3735 3005
4679 3098
413 2744
1552 4744
706 153
1436 3345
1371 2700
2488 4977
555 1021
830 787
1571 783
3521 197
760 2469
411 328
3606 356
4348 2223
4618 3607
2747 2308
1021 4848
2285 3650
4112 1928
228 2925
4343 938
2492 1916
2890 3799
994 4728
4695 1535
1002 1026
3630 142
1329 1835
1993 2898
4273 2168
492 3837
3945 1211
4744 4556
1862 2697
760 3660
662 1147
405 2651
1889 4528
1038 4144
3328 1262
3154 485
2526 2802
2141 2500
2245 1811
4953 3943
2488 4136
834 4067
3543 273
2141 1461
759 4655
2453 1490
2771 1892
1975 24
3045 3185
1033 2786
341 2284
41 3714
4869 2185
3086 2129
555 535
1571 2823
3630 909
495 2125
2935 3009
1965 1935
3998 4196
4879 402
1589 1285
1117 1602
4728 2544
699 1758
3016 4521
4304 1454
1458 4147
9 1655
1965 893
1935 682
503 3451
1928 1065
4204 3641
4112 2953
1615 600
4973 3002
4401 4787
2786 1692
1823 3460
3005 1012
2744 4221
481 1477
4345 3964
2086 436
2461 454
4454 2224
625 3797
182 584
2699 2633
625 967
2961 2605
1031 1020
1454 889
199 2287
3005 2297
4112 1980
1241 2301
3005 240
145 985
1610 815
2771 3217
217 4311
3614 1939
4528 587
325 1007
1561 17
1525 3386
2077 2075
4811 1098
2678 3738
4330 1263
3966 3525
2017 4930
2297 2619
3016 3726
1615 4355
570 4819
633 3116
722 2169
1231 4004
240 2572
3966 3722
4293 2685
4858 1894
58 3535
199 800
3495 2065
481 2643
1935 39
3589 4265
1592 2234
3785 623
4655 880
4205 1466
2722 952
1965 4482
4711 3992
3911 4019
500 515
3589 2444
1862 2813
2482 2121
2017 4831
1839 2421
4067 4467
2169 687
3535 4783
1436 776
2461 1479
938 2641
4460 31
4265 608
3445 3214
4994 4258
2988 1281
783 2346
168 2464
663 3109
2823 2803
1261 4374
628 593
3785 305
1461 2368
1823 2300
906 554
492 161
563 807
631 2838
1290 4938
906 2015
1844 1681
4973 3054
372 1209
147 1130
3292 1118
3924 4683
2993 461
3626 839
2502 1143
663 1078
3945 1089
535 449
1109 845
4699 1515
2004 562
240 1704
3185 2768
1479 954
1903 1053
2233 1713
2464 3293
3544 3750
1436 3465
1989 1763
554 1355
4055 680
2803 2267
4454 1041
767 3223
3177 2809
635 586
2408 2883
2771 647
783 382
3199 3874
3495 2584
4521 1359
4808 540
318 139
3735 643
383 4235
1382 3060
2838 4902
4309 2703
24 4113
3795 3279
1728 4716
4423 4242
3795 2967
3154 2534
1213 3623
1835 4982
3445 2964
4843 1517
1572 1492
830 968
807 4570
4235 1014
1031 1843
3525 25
371 4649
2287 1582
589 937
938 4805
557 2096
3604 2527
2700 1270
3386 4796
3279 1794
1862 725
356 591
2726 2954
2284 2071
4902 3833
4695 57
694 1438
4467 2639
171 1175
3498 1801
4345 3167
2297 3052
4982 4042
182 3864
1852 320
3943 1091
909 2316
1892 1751
2185 2305
4080 1937
800 3454
1216 3537
2676 2612
3150 2323
2308 173
217 977
1844 2805
1002 4767
1355 246
2842 4219
1170 3953
1438 1913
2697 1342
41 3459
680 2289
4265 1658
3109 4169
2838 3191
1209 1923
3588 747
1610 4587
3616 4795
1262 387
2746 4978
321 1123
1211 855
2737 29
1159 1074
1971 1160
515 4109
3395 1411
371 369
709 408
2323 2594
3386 3041
1041 3762
855 479
1031 464
2421 4593
4055 1699
2289 2507
4193 923
469 3724
68 4166
3641 2231
9 4115
2544 194
1065 757
1216 1047
2612 3230
2941 2505
3824 1326
767 2144
1535 746
3451 3810
1763 2051
1002 4830
41 3727
764 3857
625 2850
3150 4120
4973 4053
25 2258
1143 3170
2942 3939
2284 2016
4265 204
909 3124
356 4815
125 2159
1490 1702
600 1812
4858 1536
1125 1412
405 1164
2385 4812
1569 3108
3279 575
2248 1982
2898 863
1002 3013
2065 137
4813 1471
2633 1417
1616 5000
1658 1228
328 2556
2697 2521
308 1925
137 2629
2534 2058
2744 689
1471 1947
3451 2198
2017 3320
4205 4123
3451 1193
1130 412
1089 1550
2229 110
3116 400
1993 1874
3098 3093
3604 1232
481 3813
837 2595
1499 1611
4042 4251
620 4958
2071 1158
3789 336
2461 3709
2258 2816
1758 2389
4355 2974
977 2238
2605 3405
1241 3026
1684 381
2823 801
2768 3049
1137 568
3726 3305
1020 2260
3170 897
2287 3993
2746 3730
3454 1044
3525 4447
3093 2436
4030 750
1002 993
1053 475
1137 1908
2159 1264
2850 606
3750 508
4019 4598
3005 648
750 4396
4374 3919
593 284
3186 2055
774 2989
2534 4867
1499 1884
2340 232
1321 3840
1355 3662
3320 2742
2444 4504
1521 3256
646 4654
3150 3257
1937 63
321 4696
3946 3962
1137 2763
4813 2294
606 3222
2368 4425
3041 2381
4958 3761
3279 1931
2301 1804
110 4245
3945 102
1752 2830
2505 4929
4951 1774
2641 3592
4487 2442
227 2593
4115 1395
787 2547
3544 3793
1919 3918
2125 307
2953 1575
2310 2174
4067 4842
793 2571
633 416
2737 331
1130 4168
3054 1358
3086 3321
4938 3973
2595 3563
3833 1474
555 2056
1615 26
346 4111
1408 1866
2633 3582
1923 1345
2556 1392
3320 1425
831 2410
2527 3375
2289 2611
1047 1428
4815 4558
1492 4750
646 4687
2703 866
2547 3092
3214 1282
2169 1055
336 1302
1209 1901
1951 231
1862 614
2442 4580
994 4352
4251 1642
1939 814
2225 3127
3222 2359
3498 2448
845 3133
3734 99
1752 466
3459 2529
4977 1178
767 3790
3662 1186
1993 987
3150 891
3720 3153
3360 1063
3204 2631
3943 634
628 3286
4381 4963
1980 4560
4879 2001
3992 1789
3582 4738
2365 3253
4235 2646
2055 1988
3810 144
4938 87
2015 1030
41 1378
614 2257
1261 4208
1282 1206
1216 124
4221 903
1267 1085
231 3200
197 843
4711 4197
3945 2325
255 4421
608 3804
4467 3338
87 4339
289 4555
634 2972
4649 339
3200 856
3132 2034
4301 3915
2365 1460
987 3802
1642 4376
709 1568
3939 574
2676 1311
839 3932
4521 1904
3045 4152
2836 488
2310 3317
3980 44
4725 1313
1290 3990
4454 2701
1216 473
2989 1388
2771 2011
339 2531
4423 18
284 2835
3756 4691
3833 4755
449 2118
4578 4278
3543 4201
1536 4003
246 2148
3428 1914
1026 2435
3167 4827
3726 509
3774 4211
3316 1777
1658 1442
2148 1127
4598 3669
909 1701
3589 312
956 1945
3980 3370
1965 4165
2974 3082
4699 1714
4454 1562
4813 3731
4120 1534
1534 4292
4258 4284
4003 1966
2408 3903
444 1899
1947 1850
3320 4765
284 1488
1038 4449
2771 4956
3874 3389
1923 2041
1947 2686
891 1415
2583 2178
2744 888
1041 4627
3537 3081
2410 162
2726 4095
3200 3694
3041 1144
977 2028
3124 4388
2521 1619
517 3675
2325 1234
1206 609
3660 209
4963 3349
2198 4589
562 1847
2701 1652
26 1506
3200 1983
4167 2851
308 2586
3349 1994
473 3326
1408 4325
139 59
3918 714
2697 1783
4930 3620
2536 2205
1329 107
4168 2680
369 1362
864 2375
3679 4637
492 2128
2294 949
2571 652
3620 4020
369 4398
652 3346
2612 816
631 1665
4757 1434
3223 1952
4518 3868
333 857
1175 2806
3946 3803
834 4721
4795 1476
381 2795
1234 4484
856 3745
593 4533
3837 2849
1923 2426
2763 3139
2198 3331
98 43
1081 537
3641 1152
3840 624
1411 698
3093 1006
2527 4672
3790 11
709 1257
3864 3085
3002 3063
1158 418
328 533
2234 1280
2586 2793
4493 2343
2816 1001
2703 3516
949 1215
759 4910
3604 3572
305 114
2849 258
2245 1212
1947 4915
606 4335
4095 1712
2316 1269
888 2003
2366 1639
2635 2976
3081 1827
555 4814
2935 4180
2077 2719
1143 3361
3588 1276
1280 4061
1699 3018
2408 4099
2435 3757
1602 2361
2258 329
1811 4232
2241 3784
4716 2010
2340 4820
1123 1307
4558 4674
2185 2146
3660 2038
593 939
444 4192
2883 2218
336 1798
845 428
1496 160
1506 1495
1542 1437
2898 2328
1706 499
2233 1173
2389 4974
3720 1765
93 4400
1947 1287
4977 3699
3552 3312
1880 4522
1928 38
310 1932
1078 2450
68 4541
1515 4001
939 3783
1047 2292
79 2693
4169 2627
4311 4941
9 2892
336 1599
159 14
418 2191
1257 847
58 734
125 4562
725 1897
3789 1781
1025 3218
4589 2162
4265 3475
3196 4983
1914 4360
1777 3443
3085 3981
660 1891
297 1497
3939 4998
994 4792
4004 2107
3592 4184
2174 4592
4820 2392
4219 610
1903 4078
4163 4332
631 3325
57 94
1567 3224
274 3072
2051 4647
593 191
2408 4069
1280 1174
1355 1029
204 2060
644 1677
4454 3173
2096 1623
1685 133
2325 519
3626 3985
4280 1009
2125 741
4082 214
593 3916
3292 241
3345 2716
4120 1277
4543 1992
1894 1296
1078 3065
1178 270
2368 4072
972 2655
2448 4463
246 252
2680 2858
2444 2419
1326 4829
4744 4337
3331 2523
1488 3176
4707 82
994 4331
4672 1223
4332 463
4750 3100
4061 3363
3563 2791
4663 4834
3903 451
3177 4093
4915 2843
1993 12
1945 2327
1158 1075
1113 3551
709 1443
4020 1621
2436 76
1477 1710
1277 3741
1812 1239
1047 1308
419 2622
533 4600
3082 1806
166 2946
2629 1883
312 599
1751 2324
3167 1546
584 4220
329 2161
909 410
972 4074
2538 524
211 2495
1794 129
4731 1247
217 4186
3459 966
610 2668
3100 942
1311 178
1774 2186
369 2053
3490 2893
4649 603
307 3296
1568 871
275 2871
320 3088
3797 4837
3735 1643
2589 2320
1458 3648
1009 2064
694 4625
2231 2087
1322 3938
1495 409
1302 998
3938 3952
800 4995
1939 470
4292 4358
39 4250
2593 2441
3797 1790
1213 1755
1269 2117
3659 1537
4543 3923
469 4126
2805 1731
258 3913
197 907
3348 4380
2339 3113
2890 1651
4343 3155
815 20
2889 2845
2809 3438
3314 2932
2612 3624
3132 1286
909 1422
4560 1339
746 2657
3454 4760
4421 1272
1713 4474
1000 1507
1234 673
2421 4334
2461 319
3998 2374
2292 3677
3237 3087
3405 3142
3623 2638
2289 4935
331 51
2144 773
3013 3877
773 716
4805 778
2786 2955
3438 3533
589 2102
4674 3890
931 2929
408 2557
3714 3530
4232 2757
3932 2291
1806 1972
1639 1544
434 3437
1454 4642
1091 115
949 2626
697 4248
760 4268
977 4526
1031 992
1919 828
4683 1918
4819 2867
2967 2518
1408 4473
1752 425
1209 1921
603 4182
1928 883
2436 3118
3308 2197
4826 3367
1174 2279
4112 4816
3589 3576
778 2493
161 1505
2458 2271
405 1807
2077 187
2146 2188
3047 707
3624 2494
4609 4224
3537 149
2816 675
142 1219
2077 4079
2556 3067
2071 1226
1460 4457
146 645
3346 1240
757 2891
2838 3870
1212 4054
3127 1725
466 4191
1850 4362
4815 596
682 3954
9 4246
1296 1822
38 72
1499 3291
146 287
1903 1491
3543 4462
2118 2647
4362 4448
741 3117
2586 2739
415 742
682 4342
425 2106
3099 1150
1465 2862
1781 3274
2205 3397
3601 2576
2556 717
1499 4862
4078 3629
4589 2387
4189 3487
3924 498
3576 3426
1567 3466
3803 1532
1945 2896
1471 3391
699 2713
1702 4894
1616 4096
3098 4172
3087 4777
1137 2766
1065 4328
1078 3192
3890 4992
3759 239
1988 1258
1442 2887
1385 3263
1701 2731
4808 2844
20 54
3397 3157
2028 189
2058 1695
1798 2923
3257 1169
1311 2943
3224 2314
4820 4151
4265 3949
535 3471
1899 1448
1025 268
2343 3505
1544 4638
57 1608
764 4660
356 3781
689 3313
4622 4060
3397 2304
1445 2379
1170 1859
2464 4390
2629 4368
828 4952
2410 4271
1599 4027
994 3245
2701 3400
4165 1305
1385 2804
1969 1067
1081 2632
1031 886
415 4142
3314 242
4974 2658
4325 812
1261 4770
3191 2147
3191 2598
1345 4705
4528 1008
3086 4557
1965 4366
1628 1985
839 3639
4935 1004
1988 3140
2343 3078
4829 4183
4556 1259
305 3809
1932 1394
4974 1180
1434 3963
2041 2170
411 3080
3199 2743
3557 105
4368 4916
2385 3711
1513 3522
1280 3760
3465 3440
2850 192
4449 3880
2102 692
3437 4835
2593 3193
3660 1632
984 2733
4248 2578
1619 2649
1515 1080
2821 1227
4224 1954
3176 1873
2605 1596
1098 2720
535 1179
4637 2022
1684 1508
533 184
4078 3968
4334 2483
3607 3658
889 1666
4335 4823
2511 1617
3726 2854
297 1337
1047 826
1358 4107
3437 2446
3530 3029
147 4327
1779 384
3108 4412
866 1826
1239 3509
3193 2570
2346 4509
2128 3492
4120 3015
1490 3749
98 4874
4201 487
4992 836
1296 3656
4487 1817
4827 4788
1299 704
1710 4470
4304 2740
751 1049
608 4980
4330 4397
4397 3692
2231 1872
4958 3765
3395 375
1513 1588
631 1406
2469 2729
4504 170
3833 293
1137 2752
4813 4943
2885 1162
647 1787
2121 4961
987 2491
2225 2434
485 1636
3153 3941
4327 2906
589 490
1619 3401
1674 3678
2771 2172
2829 1013
2224 2210
228 267
4638 1970
4473 2120
4772 3066
1623 3687
2368 1997
2746 770
416 2189
2896 3161
1240 276
4848 2073
1466 3206
2941 2984
3438 1953
3855 1724
356 4143
241 3020
145 122
4963 2095
574 4719
523 2650
646 2937
3263 3448
1442 3027
3098 1565
3761 4466
1807 257
1658 926
2746 1312
2885 3128
3433 370
3013 3755
4447 1762
2823 1050
3749 1145
4448 437
3016 352
3100 1069
4183 1667
3992 1238
1704 2602
1448 3353
4543 3843
4587 3668
3466 4009
1144 4733
3630 2098
305 3852
4589 1453
3626 862
538 4702
1436 3674
4600 4665
3724 2262
2421 2897
3155 2690
3113 3366
3401 3249
2375 3354
4995 4206
4360 3898
409 3502
2643 3517
1322 4949
209 3849
1234 2615
3222 4202
12 429
110 4710
1193 1062
4938 3074
3314 23
3709 2126
2780 547
3072 4010
105 4715
4466 3655
2301 1775
3440 28
662 2565
2529 1760
2804 2860
1507 1747
3314 1618
4527 4386
475 2952
2632 842
3938 2884
170 3138
1588 62
4952 360
485 19
714 564
1897 1224
3296 340
1162 299
4929 4818
3882 2025
3629 913
371 2080
1394 2277
4180 467
845 1485
1728 981
998 4975
4796 2405
1014 529
1465 823
3890 4475
2073 4914
350 3744
500 4043
3405 3350
227 2200
608 1369
481 4732
171 3909
3745 2256
1062 3073
2786 4017
3424 4227
3291 1405
4732 3149
1947 4776
4826 3235
1075 2792
3809 1870
4345 3542
132 2776
1307 4630
3837 335
4953 4290
2147 1082
3108 2475
1270 2429
1937 796
3224 4840
227 2706
4449 1813
1515 3430
3864 2397
1098 2652
2339 3814
4738 3732
2374 685
4017 597
4975 3165
3293 4554
3527 4028
3730 1547
3516 4779
1342 2659
488 1898
4355 4384
4388 134
800 37
843 2528
652 2412
3783 679
2359 3983
4169 1151
2189 2322
1507 32
589 3145
328 2981
4462 1468
1491 1426
2060 4807
1628 484
836 1373
2025 3879
4126 1857
1667 1332
3224 4243
4309 390
3757 3681
146 727
4795 2546
3361 1289
624 3037
4010 2965
3774 4365
1777 4989
1547 111
2015 1420
383 1230
3328 3573
4376 459
815 4605
537 4038
2308 2006
2366 3817
3067 2616
3604 865
2458 3884
267 1949
4869 2779
4247 4445
4111 671
408 3818
742 2715
3530 4709
3952 2303
2289 281
2680 2758
4866 394
4655 3528
557 3107
1007 3931
742 3431
2843 2895
760 1943
51 1163
4201 1986
2174 3250
2224 230
147 4507
171 1157
2583 2601
2491 1377
2304 1792
273 441
173 3917
2117 2460
2055 2417
2016 351
1892 2349
3735 4214
252 2778
2752 3612
1685 1868
897 1096
4388 3550
1206 3972
62 3895
2706 2666
1085 3378
2651 1579
3962 442
4293 566
4914 2270
793 1387
94 2007
864 2688
2495 2683
1949 3333
2641 4933
1775 1622
2535 910
1281 4517
3509 838
2786 1265
3641 2994
1850 1350
3263 3268
3849 4531
2492 3141
1307 3569
44 1580
4290 2382
3732 1183
1806 73
1021 1401
1775 2919
257 3089
2016 1023
17 1250
72 245
4113 3450
1241 4392
1465 3194
1532 2457
3913 1430
4609 2356
3735 1795
1868 799
2842 16
2460 964
3314 278
1026 3036
3732 4579
3624 2624
3864 3562
3563 4108
834 4729
3176 1142
3128 4322
839 4774
2125 573
3674 3982
16 2588
1986 4477
3813 1910
3118 4012
3155 2088
16 4897
3756 3488
18 4479
3916 4354
39 1955
871 1764
4600 2104
2323 3825
4152 2917
3286 4249
4474 4090
828 1653
28 4429
2699 3645
2230 3507
4284 1672
783 506
1866 2054
1477 2798
4013 3097
3020 472
2205 531
2599 4828
2740 398
3235 3031
1883 4688
1212 95
1537 2163
3002 3380
3117 1366
72 2661
1807 1998
166 560
2088 1600
1732 686
746 4847
2328 2467
1001 1645
1240 438
321 860
3295 4333
4232 4393
189 4713
3963 311
461 1128
1891 2057
609 1995
4625 3069
437 2226
4812 775
3295 753
2893 1815
11 21
1762 2496
2747 2513
1567 2913
2586 1545
4522 1294
1358 1195
3092 2084
2389 4089
3952 832
2349 612
3321 1999
142 1768
3589 1967
1050 4300
2086 3062
4777 3710
1491 595
3621 1626
2942 2750
328 3255
3789 3703
1213 3619
623 3642
1618 259
4487 2212
4258 1740
2868 2033
1792 1056
1144 2000
4460 4967
3191 1996
2494 4742
1925 2828
757 1235
16 201
1532 784
4951 4488
129 3382
1525 1805
2697 1325
1381 3605
3257 2044
801 1631
1426 4415
312 212
4322 2330
3154 4465
1228 358
449 510
910 2372
1949 501
137 362
1801 285
4974 850
166 3162
308 3794
4949 349
1329 3929
1322 2582
4770 2865
2205 1907
4252 34
1507 935
1238 3179
159 3928
1420 526
2033 2618
3067 2485
1918 2399
2343 5
2598 2970
832 229
214 3560
3825 388
2285 4714
124 1690
1565 3540
1165 3182
199 263
489 2614
2803 4138
614 4459
1067 4087
3833 2839
2602 3698
4961 2363
799 4102
3291 3151
9 4263
202 4438
3781 1745
3448 2370
4030 4373
466 4584
2392 2253
1857 4516
993 4297
54 3148
4373 3778
4487 3111
1211 4320
467 2679
3086 1493
62 4105
1643 3922
105 2373
2289 878
4840 525
4744 261
2343 2090
3625 4751
2622 3416
3963 548
1068 549
3235 4016
3630 2745
258 551
793 150
375 4497
2521 3061
4504 3869
1865 2973
3794 4773
1867 4005
646 420
268 2332
767 4697
1751 3385
826 744
1546 2709
3346 2724
1420 3696
3185 736
1951 1153
799 2298
4292 4037
4874 2179
2643 3740
4206 4743
4013 4199
2502 833
122 4934
1371 3976
1684 1252
3093 4451
142 3991
2075 2677
1568 782
481 4344
2170 2621
4473 4127
789 2648
1955 3816
4914 3920
1602 2863
4449 3955
3674 2653
2887 2026
2871 870
2757 1814
139 4294
2636 1604
3939 4314
3726 1138
4820 2864
1965 4634
886 4255
4812 2476
3919 3024
1206 1293
931 2734
1758 78
3694 905
1949 3283
2301 3742
3527 4122
3179 373
1994 4671
2141 116
4003 4659
1712 286
4605 4594
1674 1697
4263 4514
3061 2987
3659 2689
1313 4261
888 848
2257 2695
4655 3647
3255 222
1862 1558
319 1363
442 3309
171 702
4355 4146
1631 421
1001 4088
2661 2242
4750 4999
202 4615
3895 3384
4204 2422
1281 2471
2279 2684
1363 4379
2090 4882
3320 3231
352 3567
2285 4430
1387 4361
1519 3873
3149 4577
4958 4014
2370 3280
4379 3715
2819 205
3291 3701
1812 3418
4249 1693
4554 2903
4014 3926
516 3854
2226 1869
1485 233
1813 1256
274 1882
82 2908
1276 2901
4874 641
923 3201
3176 2236
472 820
2461 895
847 3210
2890 4367
2771 4098
4973 3323
2690 3491
4807 234
707 1278
32 2948
722 4323
2385 3010
1706 4802
1020 3805
277 2123
968 1767
4783 919
1847 1494
268 1192
4837 1306
4191 4766
1263 4986
2426 4905
1294 338
4380 4981
299 2591
336 3183
4197 4693
2763 2037
2932 2092
1517 4307
4201 2313
1685 4865
4426 2508
4702 752
749 2900
1061 1243
1818 3403
278 1598
1798 4906
1693 4419
3026 4524
905 439
1025 2306
3533 2335
563 1398
3225 2577
3065 4959
4792 4717
4729 2184
3089 763
3552 4469
3139 2357
3291 4669
1089 3820
3031 3376
2605 3866
125 251
4123 1045
4329 2992
419 841
4359 4403
2080 1911
2662 2040
987 577
4429 1196
1436 3716
1690 594
624 56
41 4887
1055 4730
3024 4532
1544 1071
1329 4178
2230 4140
2688 2232
2952 1083
2884 3358
2065 3579
716 2012
889 176
3720 2928
1485 1595
1702 3180
2392 872
1145 1902
2441 1641
4473 4682
1329 2870
4812 3689
966 3904
2197 1831
2330 3906
1982 4621
4975 4489
2885 4370
3904 3275
455 3608
3491 4007
577 4435
1238 924
3743 478
4865 1273
1641 4048
2928 2364
287 4125
2270 3634
888 3365
2051 556
1970 3775
3380 1721
767 822
3127 1349
275 676
1062 2604
3525 1748
204 1688
1098 2674
3641 4698
1798 2727
4533 2396
3309 4806
1699 4347
591 1676
9 3120
4953 4491
1916 3051
870 4890
4473 3769
537 3705
3433 1973
3920 4764
2325 1560
39 947
250 2350
886 2525
2088 4749
3668 2091
4994 3335
3599 2249
321 4481
4973 3242
2169 1245
4638 4306
889 2489
3708 1198
923 4149
2838 2559
3774 1463
1765 2563
3113 811
4715 3682
3024 1644
977 4990
34 2337
2185 840
4284 803
1192 853
2037 4602
4294 1518
2200 4761
803 1005
1488 2705
2346 2857
2528 2050
1465 1528
681 1251
2253 3068
4445 4408
2359 1171
1642 4739
1366 2760
2659 4041
241 3609
529 440
1468 3441
1173 3171
3179 502
4206 2539
2012 2009
1758 3900
1602 4410
286 545
2632 1314
3448 3691
3403 3227
1806 1963
1157 2558
3097 2085
336 3461
681 2978
2677 616
4005 2393
2262 3591
1186 3285
134 1370
2906 3330
3040 4239
2816 1310
4152 177
3431 4891
4202 3883
4384 802
204 1433
459 2949
1712 4836
114 2083
2129 4628
2793 3421
4204 1987
2107 106
2294 4318
3274 148
2332 1750
2734 1715
1653 925
2368 4103
3626 553
1325 3439
1760 969
1173 3836
4258 1564
1888 4174
3687 67
4672 74
1740 2931
1312 2567
4322 2501
815 3970
4249 361
4126 3259
4963 491
3183 1709
1995 2190
620 1059
2238 215
68 355
1528 1070
2185 2899
1373 4546
1466 4748
763 3079
3461 1185
4696 2317
4744 2947
4004 3733
1704 970
2392 3704
942 4564
734 4217
4457 4050
4774 476
1558 3776
3843 578
25 3432
2829 2263
1286 3273
1031 1338
4532 2295
1130 785
1997 1733
1490 1837
1925 3190
3990 536
4805 4303
2017 2856
2699 4024
2148 2352
1425 851
4327 36
3525 3347
3727 3233
4123 4870
3196 1722
2088 1576
3180 417
99 615
2763 4216
4702 2998
4482 917
2652 4928
287 2454
3224 4281
4693 2977
4792 664
1965 604
4329 193
1592 4896
3296 1217
1231 3978
2330 3631
2893 4778
333 928
2903 3164
1010 3881
1338 3788
4557 4439
2381 1974
4216 4775
491 4283
442 2579
59 3558
4221 1416
3879 4472
1811 719
2898 3474
620 3942
889 1330
2328 2265
132 4551
652 882
4139 3390
2218 1116
1595 3806
3117 4446
3009 2067
3201 3927
1732 3473
913 3152
4206 4312
3132 2209
79 2762
4990 1201
4776 705
519 835
1631 2023
3013 2403
529 638
2619 316
4696 3220
1247 2581
1616 2029
4072 3247
2457 3318
2964 3048
1355 2203
2002 3499
2863 2574
2595 4478
551 2735
479 1419
73 2817
4136 4262
3296 1111
1755 920
4248 1825
3317 4029
2579 2409
1411 2122
1142 249
2683 1210
2668 1011
4449 4106
3321 1344
2450 1052
3403 1187
2314 3736
624 225
261 4222
4481 3178
3769 3104
4419 4678
624 2165
3803 1656
3196 8
1157 2654
1892 280
2436 118
1007 2428
1378 4427
1109 4436
4580 4681
4053 2276
4775 2664
3018 1464
2887 965
1082 1551
4469 2132
1144 576
4678 4114
2923 4800
4109 4692
4743 46
3816 3565
321 846
4719 3780
481 1524
1904 2486
293 324
4281 3126
4204 795
803 4838
2313 3453
2023 4181
1988 3394
3804 431
1521 921
217 3844
1033 4411
1089 2503
795 2920
2719 2907
3104 2682
1453 4948
2746 2675
444 908
2165 4051
3759 613
4242 4782
4232 4746
4713 2789
4368 497
2234 2542
4114 4769
2234 2617
1286 4409
4384 2673
3521 1799
3376 4535
4933 3282
3087 2347
604 2272
2467 2345
1442 2634
2301 1132
3734 3587
459 2714
4816 1522
2077 3690
800 4722
2619 2741
2328 213
4147 4453
3528 2319
536 47
3776 4269
760 1530
261 248
1422 1057
563 2669
2016 2694
4906 1315
4551 4395
3722 2510
4600 4677
1524 3622
4103 1462
1310 4540
3740 3456
1811 2915
1545 3343
3874 4177
625 3265
3066 448
1157 4503
429 3122
3855 2960
1143 4566
4986 958
1492 3351
3560 1112
2937 4128
3224 4538
299 3807
3599 621
2526 4064
906 2280
2636 2207
2700 4372
2513 2201
1491 4434
4999 1161
3674 3135
3906 3603
2952 4937
2041 4727
3857 1402
4013 1691
1280 1333
4001 2355
4168 2281
699 2307
4634 203
4332 3011
2453 1846
95 3369
1247 797
372 2140
4837 1630
110 48
1837 696
1588 157
442 3581
831 403
1216 2480
3282 4898
261 3737
2332 852
4649 3860
1234 2321
3794 430
1408 3216
1409 1470
1312 4544
1096 902
1062 3555
199 4720
2795 2437
1388 4583
2768 3763
4454 1720
285 3979
4360 3444
1972 1222
261 4289
4746 180
4531 3269
1748 2580
4374 2254
3774 4954
3953 3826
4366 1959
1011 3357
4933 1741
830 3077
3093 3281
3698 733
4373 4582
1128 2837
3920 2568
2406 4662
2636 2790
2521 2730
3769 4960
1286 2149
3736 3728
4978 2749
4959 3014
4010 1875
4152 2414
1579 728
3879 2395
1764 670
1029 3429
1029 294
3799 2916
4654 4821
547 3503
4779 2211
1025 3570
1521 3782
524 4635
118 3822
4635 3464
1959 1905
1359 4011
2004 527
4874 3546
2370 1300
1195 4496
3448 818
2805 2109
1599 521
297 4860
4555 806
4535 3106
1747 1101
4499 2160
1704 657
4388 2177
3582 4856
2125 2512
3608 288
663 3862
1479 3289
3836 2982
4489 1467
2399 996
3601 2119
2345 4752
277 1664
3370 3463
1069 3646
1798 2796
409 450
609 1410
798 4148
1777 282
3970 2717
2457 2645
1610 2069
4600 4629
4001 1360
4096 2402
3674 3933
1880 765
2631 163
1899 4904
4359 874
3890 598
4293 4639
1949 4661
733 1449
2883 1236
3781 4899
908 4545
2779 1514
1163 3636
2978 656
4078 3752
3557 3115
1069 4282
4733 1379
156 869
3020 2266
4199 3632
3357 3458
170 936
998 2522
4954 1478
3405 256
1795 2251
3122 4845
2690 1585
852 3261
832 2093
2044 1936
2857 3988
129 1037
4696 4972
4469 3559
3782 2455
831 3571
2450 1606
2096 1414
2483 2171
184 668
449 4179
1789 4418
1884 2873
2715 3297
87 207
2435 3028
3242 2089
4216 3999
3740 4619
1006 678
1837 2807
564 2630
2976 2855
4099 2362
681 829
746 4567
3465 1612
1992 357
998 1141
398 4185
3826 3827
3430 898
1081 1635
4980 3090
2280 2465
4710 997
4477 344
2943 3187
297 1229
3634 4737
287 3633
147 2413
1085 1885
628 2596
1996 3663
4727 1077
4788 456
634 1200
2140 89
4367 2386
2700 4667
2098 3442
1989 1887
931 3254
3737 1543
850 3195
597 4230
3499 2215
2604 1679
2460 667
4772 2983
299 2945
2683 2061
4167 3921
2055 2620
2510 3848
4910 3226
3619 780
4311 3457
448 3032
2507 2166
1768 2748
199 4210
4106 3586
664 4407
1908 2774
1151 3306
63 1472
4144 4877
4088 3341
2141 2549
2796 3594
675 4794
3013 443
278 4023
4725 932
2974 4508
4742 2110
2061 755
1310 4689
3495 2334
2256 3753
4108 2738
4397 2145
1358 3876
783 4022
2505 1718
3939 3208
1464 2124
2654 669
4527 2070
3274 988
4731 4574
2664 2996
1550 3030
2010 3483
2645 2909
596 2138
615 2834
3742 3264
1306 71
2701 1934
2168 2309
4429 4385
365 810
4152 4925
294 4338
1178 2712
4232 1940
4125 4631
146 295
1338 1717
3895 3767
263 3163
1239 3532
3081 404
2417 3303
1903 1076
1534 3398
3405 2342
4278 2608
5000 1501
4138 916
669 262
4717 4444
1410 2142
2862 3526
253 3449
2612 4708
1442 4117
1567 1756
2988 975
4742 3322
4738 1500
4977 4270
4683 2656
2674 1810
1500 2139
2092 4537
1215 1509
604 3651
744 2474
2061 2499
1302 1441
37 1531
2645 1511
4967 1136
4777 1255
72 1207
2614 3064
1074 2959
1681 3184
1940 64
1285 3003
679 4768
3824 1079
2464 1122
1421 3472
3139 446
4283 315
2330 1895
1299 4515
74 1647
1998 3536
669 60
479 2244
645 532
682 4645
1635 2237
1342 2877
3330 4110
4281 1260
4816 353
1873 2336
3869 4923
609 265
2809 2167
2901 1833
2419 1864
299 4464
3015 2274
1905 4046
1231 15
3991 962
3552 4888
3949 4071
263 2302
1362 290
4890 2600
3945 1107
2630 3131
923 4607
3527 4228
1724 2459
1963 4253
1747 3188
2412 844
709 2782
58 565
202 2975
3328 4852
4410 4653
3331 1871
1349 3408
4425 3847
4916 3159
3915 1022
4303 3420
232 121
1755 2100
4980 4195
4776 1205
2982 3834
3210 720
1965 2999
1078 2554
909 3584
3632 809
2928 136
2674 4170
4600 399
3783 2074
349 3657
2496 49
4634 861
2189 1678
4460 2388
4750 3168
1014 868
1022 1990
1463 4070
4258 2566
211 4008
937 2008
2133 2180
4521 2113
4219 4200
1294 611
2373 3842
1903 3831
4716 266
2177 3758
2724 2299
4605 4052
4217 2707
2033 386
3642 4279
1478 3541
4554 392
1192 2691
4716 243
1733 3902
789 264
2941 4601
1448 445
744 3484
4339 4701
4330 6
1050 3125
4551 4194
3879 1890
3018 1922
386 1120
1471 3215
2461 435
2123 4853
985 4626
4934 4623
1733 1863
2676 1452
2291 4173
1899 50
3167 2859
855 1390
325 119
4388 2905
2142 1018
4135 406
681 2815
1056 1555
860 3712
838 1248
4582 2032
4671 380
2292 4286
204 899
2695 2876
1408 3995
4638 1858
2731 2449
3164 4404
1561 1838
3945 3593
328 200
3818 1607
1241 4357
643 1796
3081 4387
2795 66
4858 1603
2080 4422
1789 2957
898 1403
4879 4045
1467 715
437 1084
4089 791
2343 4032
4148 4369
1798 3211
4014 2220
531 3754
2489 1978
456 1246
3081 4976
853 254
2657 4571
3295 3959
2621 3290
2730 1520
3048 423
4245 504
444 4901
2512 3635
2281 4911
2639 4085
908 414
3255 4940
1408 4656
3932 3039
1147 2150
2727 1700
3646 4341
3799 84
4890 2904
844 2247
1552 1135
3696 918
1494 3055
1109 3574
98 703
4521 718
295 2456
2307 3936
3280 4563
4524 1407
2272 3339
815 1184
4522 2516
3992 3377
846 471
1949 1139
4554 2755
3296 208
587 309
4589 1772
479 766
3099 3112
3067 3987
3738 571
2741 2610
1679 4756
1226 4486
1157 458
3063 4190
1602 3613
121 3961
2225 4585
4713 3146
233 1526
4314 1266
4122 2391
4974 1376
4454 131
3365 4624
3613 3653
2276 235
1371 2866
4486 1746
2304 269
2386 4363
3890 3957
2547 1659
2581 3534
784 1383
3296 3174
3231 2079
3831 4040
4122 4718
1652 511
1902 3548
2170 1548
3599 2157
386 2628
2483 165
4527 238
324 4468
316 2826
4252 4785
1507 3615
2312 2775
600 4198
2867 650
829 3718
4517 1400
2200 1155
215 1254
3735 2888
4199 2968
1293 2438
3928 4801
4562 2514
4580 4833
953 3986
2422 1878
4228 1099
1717 825
4398 3371
4589 3315
1388 4550
2298 4133
351 743
4954 2710
1449 2487
4329 359
1630 3181
2001 3654
3927 3075
4869 3672
2437 1225
2804 224
31 4903
3432 2799
3283 1017
3335 1480
3062 3590
4835 152
2996 4548
1724 4510
3013 4119
2915 4885
3571 3996
4774 4437
4074 3158
1513 2398
388 482
832 4588
4152 3427
3029 2235
67 2290
3880 154
1163 2127
2591 3500
3569 4962
1588 1244
3297 1948
573 2812
4540 637
591 3878
811 4817
1270 693
3592 771
4020 915
2004 1450
3810 4259
1639 3875
2267 2208
4527 1917
4232 3948
3354 737
2485 1140
3809 2445
105 4988
335 4596
803 348
1747 2831
2258 2468
29 2708
2830 3975
423 959
2601 877
4788 4176
1565 1840
4681 1423
156 1134
243 1836
2513 3739
2323 1204
1763 181
3385 2094
947 1357
3929 1446
903 1529
2277 572
4200 2479
799 990
3158 3792
1436 4908
4622 2158
1975 3415
37 1757
1515 1504
4020 4315
2142 2761
3517 758
3635 4058
4251 4319
1762 666
4626 4326
2117 2985
662 1689
4801 314
1231 1516
680 691
1304 786
786 3399
1923 1605
964 3319
3870 1929
2867 2348
1822 2027
1263 911
4906 2640
2505 4452
1651 4157
437 3914
1235 3845
4146 3294
1691 397
2651 453
4615 424
4460 3812
2141 2052
3833 1950
2619 2204
3231 4753
715 1584
3191 4666
3591 2663
2121 3240
3183 4706
850 1319
1038 2199
4727 4797
3099 3373
3167 4944
3491 2926
1313 1739
2270 1791
3913 2081
3061 2046
1485 2360
4554 4525
1998 3518
3401 2852
895 3787
2091 2036
3682 2115
4551 1900
3753 130
1150 941
3952 126
2651 999
3722 2769
2652 1660
2601 2872
4448 2216
4995 4026
2289 1707
1525 2394
3220 3871
780 653
3286 1829
4766 2045
1136 3423
3066 3022
265 3342
4527 3336
4834 3496
2981 3851
99 2329
286 4094
3495 1729
3672 4613
2932 1455
4701 4614
2742 376
4426 4402
1543 885
4284 2371
4184 2874
774 4793
755 3144
3157 3853
489 4604
1954 2062
2514 4025
2885 4492
278 2175
4180 522
1342 3504
2256 805
1838 1040
4817 4643
3029 374
2985 2936
3331 3892
1511 1941
2083 4893
2132 345
386 550
119 4798
147 2427
2007 1669
4014 518
4045 4033
4918 96
707 1199
3090 3359
1647 3470
1173 1220
178 3547
2328 179
3740 4946
2291 4456
4280 3899
3315 2097
719 2344
638 3673
3215 2623
4765 2696
4108 301
2621 991
3662 223
4918 1744
3778 4889
981 520
3345 4771
1750 2732
3825 3136
891 4724
1880 1786
1504 1348
142 946
3517 4735
159 1909
4698 104
4672 4758
2804 4130
4117 322
1416 1523
2599 4175
4866 4673
4309 934
68 3683
2211 378
402 426
2652 367
3561 3258
1276 4569
4310 3974
1239 4371
4333 4913
3180 3947
3810 4822
746 4049
102 3519
4546 1110
3131 3896
2479 651
2503 3695
1750 1347
3869 4229
3783 2358
176 4620
574 2076
611 3577
4808 4213
1890 1393
3049 2156
2572 978
4985 3925
130 2728
2201 1841
376 3538
2207 2555
3183 247
3441 2783
3064 4561
3753 3462
4949 922
814 4231
4133 1027
1626 2517
4390 4321
1967 4841
299 3859
1695 3121
845 980
2075 1301
506 3262
1151 2250
374 3832
3149 3025
4080 2956
4801 4993
379 4844
1823 854
335 2922
1910 3638
2870 3994
1552 2497
2375 1629
2858 3956
3030 2944
498 2452
2107 4876
998 3746
564 2721
2978 3411
1347 1237
1525 2930
3108 1735
2909 735
4327 3684
1009 3239
2720 2202
4050 3751
1225 1372
2731 1719
1547 3396
4725 627
1070 3596
2866 483
993 4781
3121 4965
2088 2825
3853 2607
4696 544
2381 1591
4899 216
1719 4745
668 279
3737 1316
591 2878
3348 4855
2177 2545
646 1624
3015 1124
4679 1353
4038 2672
3715 1126
290 4155
4038 3713
3235 3893
795 973
3453 2784
3201 4875
2798 2875
3179 665
4713 1166
2757 3773
4042 3568
1733 477
2650 1984
4117 368
4805 986
222 892
3552 1086
1969 3545
3587 260
4557 1032
4594 3697
2113 4428
2984 4287
424 1104
3842 4520
2669 1754
1236 3905
2678 1320
3988 2597
4545 35
3655 827
2686 4736
565 4790
3579 3965
58 1716
4550 2625
3086 326
946 220
748 1650
2147 552
2211 4420
4261 2213
2381 724
1000 2013
4393 1661
2589 732
3836 3652
3999 3700
1799 3271
1135 3627
4630 3095
444 77
4322 158
346 3940
295 3828
687 1188
3037 1439
440 185
2485 4780
1991 2264
3018 983
694 3556
2845 1291
265 303
1811 3717
4721 1208
2382 4081
4497 2882
2977 3476
2045 135
2897 4863
1758 2613
3975 2030
1113 1696
2161 2702
1902 4416
1863 2390
3941 3829
1833 2439
1939 1553
1501 1066
826 2759
4503 306
1238 879
1783 4694
4802 138
691 4494
2892 4633
980 1654
3877 1861
4385 4501
1493 2152
119 4784
4751 3485
2090 4383
352 4305
1617 777
3442 167
2632 1614
3807 3419
4279 881
1984 1782
2373 2173
420 1352
3145 4559
4801 711
4706 4302
1752 4917
4449 3885
2731 824
2224 1927
3249 1780
3877 401
1078 927
1385 4789
2446 2338
3736 514
484 2841
648 1484
2144 3017
157 769
3187 3057
3936 1549
2664 3602
3990 1842
4427 3819
997 3198
4268 4018
732 3402
4230 4450
4752 4225
646 3702
958 3300
4681 602
3437 4611
703 2609
3659 4680
2608 1855
949 3610
157 4909
780 4264
612 3493
19 4968
4566 1051
2574 3219
2310 4480
4249 1094
3505 630
2280 4039
3089 2553
2887 2243
600 4979
404 4413
2838 1734
3472 2311
284 1675
3104 3515
1704 323
877 2275
2584 639
26 605
1227 1361
3657 4162
1417 4267
3691 4809
493 2562
3430 188
3834 1039
3303 3865
2502 2293
4323 3160
138 779
1385 963
4401 2195
1051 2490
3936 422
2486 1115
3353 3033
4404 3119
2624 1103
2142 1100
4967 4854
4729 1048
584 1723
3534 929
1691 3212
1978 4912
526 1482
2993 3379
1442 1924
483 2927
811 1753
4972 2341
3125 3477
3717 3770
3715 948
4570 1510
4835 2754
1009 2980
2699 4047
826 2797
2274 2116
2774 4872
2068 3270
3458 1177
47 4006
705 3288
2039 3272
1665 4062
2618 3997
248 2176
1953 1830
253 2938
2768 4921
456 3611
3500 677
4054 3907
3998 3506
2505 1356
3526 196
2975 4160
2339 914
2399 3344
965 1808
892 4754
3397 2971
737 3644
1922 3006
370 2404
2678 395
2860 13
1928 3236
615 2902
2927 2794
3017 33
1382 4266
159 622
17 4131
2040 4505
451 175
1228 1469
4292 684
3271 465
2455 690
2117 3337
1862 4519
4559 1854
3668 1540
1902 2530
518 4685
449 4134
2542 1242
4515 590
714 1431
305 3723
1005 2687
3504 4759
4184 4394
4980 3930
2480 2005
2680 2059
1504 3276
3590 3984
4937 530
2683 3891
1642 2550
4578 1769
4580 2808
3224 1671
1635 4161
1572 2407
3882 4892
975 7
2761 4700
2959 3147
2677 2950
2545 3707
4211 2193
2968 4073
1769 4641
3498 2886
4032 3110
3117 3287
1258 3839
121 42
2150 4969
2992 3053
2651 2861
1388 195
478 141
4410 460
2629 1194
1312 1663
1013 2569
2321 55
1562 3387
144 2541
3079 3566
2578 271
4807 813
1782 4803
3624 4406
3663 940
3154 2416
2796 1365
3182 2105
1891 3766
1854 884
3312 2667
556 2764
3973 4317
3820 3894
1250 1335
1230 3324
1741 3748
2839 4926
2184 887
4515 3414
2292 4203
4844 4534
4584 1427
2450 4632
823 3480
159 2432
3920 2840
2635 2770
1205 904
4138 3000
1433 2111
3676 4712
475 2772
997 1687
893 2788
2604 3267
914 140
1552 2498
1923 1958
597 1447
2348 4308
2942 4704
301 2914
1259 632
2775 1214
3657 792
4030 2520
2052 283
1403 1711
3552 2606
3631 3393
1170 3960
290 2112
3365 3479
792 3012
1053 3539
4270 4187
3540 4295
3860 3597
4372 3096
685 3304
2837 4575
3274 2384
1935 4670
335 2912
4061 4763
837 90
3274 1119
4821 1114
3072 4274
3892 432
589 1776
4013 236
2705 1727
4449 1738
964 2718
1650 2785
2116 674
17 2986
2714 169
1306 2063
575 2217
3966 4097
3292 3514
2996 4100
2144 4668
4934 617
529 1149
3752 1613
1664 1683
868 582
308 1736
1859 4141
2525 10
2659 4927
2496 4116
841 1896
1237 1324
3002 2221
1782 543
2895 3764
3864 4549
1535 4234
2427 761
2435 300
2727 708
2645 3666
4619 2833
4653 2318
3766 4218
1757 2911
2133 4617
2242 1092
2077 2990
2719 957
2397 103
4099 2378
2887 393
4870 859
2699 4441
2001 3786
3460 1668
2887 2991
329 819
3178 3301
3348 2164
1478 3076
1419 4849
1495 4455
2707 2154
1888 1938
1213 2551
565 1327
1047 474
3031 2333
2654 1819
3190 3094
1611 4442
1006 4500
195 1797
4575 2704
2471 4091
4670 4424
3559 2473
2727 2592
1654 4511
2357 3046
805 3071
2655 607
135 3798
2167 1297
4630 3435
3760 3808
4566 3967
2607 3671
382 4859
47 2082
2017 2101
2813 4158
1873 4377
4944 4907
4559 723
1713 4646
4969 3910
3161 2587
2244 1498
2668 65
1152 1730
2505 2781
2098 2670
2202 2228
265 3937
2454 505
161 2585
4282 3356
4532 3861
1521 1054
1213 4984
399 3101
1628 4207
3848 2519
2799 4285
3690 1601
372 2353
4665 3549
4379 1397
2677 2575
3584 4747
1630 1343
2733 3977
1904 4664
2236 756
645 3221
4447 3252
1096 2136
1660 2665
234 661
1163 1295
4624 739
1650 3512
3784 3897
2959 4056
1980 4431
3822 2425
2628 688
3338 1172
2396 1121
4687 1288
4915 3103
2809 672
4611 2822
2710 317
3536 3600
3382 221
1250 1176
1836 1486
2180 2561
4526 3134
322 4873
4421 183
2338 512
680 2969
1433 3205
2368 2800
4584 61
481 4565
2418 4799
843 2963
4491 4075
3346 629
3867 3058
4153 4364
2337 4553
1813 3685
2566 945
851 4433
1054 4734
947 1708
2739 3618
1547 971
3469 2286
880 1340
4390 3856
1286 70
946 3241
4776 3768
2412 1097
4198 172
2305 507
1936 3686
2600 3050
4242 4101
4754 2787
224 1268
1942 2824
3003 4159
3225 92
3707 4640
573 2268
859 2995
2885 4349
287 4405
2270 1851
2887 2424
432 4573
1700 4236
4289 1881
2337 2020
2180 4547
3447 3001
1288 3580
1534 4223
2757 4804
455 3835
3710 1088
4918 2367
2902 3725
2513 3
1899 4137
3913 296
3753 2773
1501 1328
2571 2846
1894 4652
872 3332
3593 2811
3131 4684
2852 354
1859 496
2978 1879
4815 3084
3824 1637
154 1926
4593 2765
4085 1944
2770 1512
4710 3410
3917 2660
1002 3680
3762 583
591 2369
182 944
3683 3368
4511 4209
2531 3482
390 1389
4331 3042
1403 1435
3343 2767
1237 190
1672 342
3324 1968
2067 4291
370 794
3208 4076
2144 858
476 1090
4055 951
3040 2962
2679 366
464 468
663 4212
909 2573
2800 1527
1668 2048
2200 452
2707 1559
4901 3935
3269 2351
2418 654
1653 3643
1656 729
2238 1102
4223 943
4466 3251
3746 3340
609 3688
4927 4083
3151 894
2639 1148
1256 4241
2352 1034
714 4000
4178 143
3192 4895
4143 272
4228 1597
1112 1845
1484 1640
140 1095
4782 1221
1600 618
3807 1367
3415 2853
2931 1761
3525 1073
1365 3858
1951 1218
3892 1129
3817 2934
635 4257
855 2183
3767 4077
2556 2509
1745 1828
4047 4922
4867 1318
1385 3008
1975 2466
1325 4156
4270 4350
2720 2918
3288 4900
4001 4296
2891 2869
972 1578
3975 2134
2919 4723
2744 2252
1388 2049
2813 3564
578 2484
2056 3307
3751 1253
4688 2736
1615 4740
1845 1577
452 1384
2494 3637
4220 2564
1582 447
404 4256
67 4036
2857 4741
4425 4595
3695 558
2828 3102
3471 1131
3230 3886
3431 2463
784 3238
2849 4378
1562 3489
2701 2921
4847 3406
1176 4065
3763 2881
383 762
544 3169
122 69
2017 2018
4796 3665
4218 127
2931 4502
3720 1638
3736 2137
2419 1554
1033 4884
4259 2151
2146 1298
1717 995
2073 2451
4689 4880
3431 3425
2120 4942
2125 3934
1929 2637
2840 1003
3911 4324
3444 2261
3709 462
2647 2506
2767 2470
2128 4886
558 1694
1713 2296
46 3889
4544 3575
1610 1742
4782 3244
1352 768
3612 4839
2738 1766
3149 2832
258 1323
1262 1634
1338 534
4387 494
4909 581
475 2315
1687 2447
1291 3670
4290 3229
524 1957
905 4485
972 3310
3380 933
2904 2443
2599 2777
1048 4443
4511 2131
1855 206
1193 1346
4662 4851
711 4154
2160 2066
4585 1541
4258 740
3408 1853
3691 1336
3005 4950
526 1197
1302 1633
4961 4658
2613 226
1995 1784
724 4850
2268 3838
1174 3796
3838 4389
1402 4536
447 2400
4660 1906
382 1481
2311 155
2961 53
278 701
935 4523
3589 91
825 580
3956 3422
531 4920
4269 2273
2855 108
1295 1019
4343 3278
2487 4861
3235 3628
3295 4375
2629 1533
2340 1933
888 2380
1178 3821
911 3352
1878 4260
1542 979
3674 1058
3037 4597
4366 1538
3858 2951
2517 4226
3169 101
1056 4490
4583 4498
2193 377
64 817
2177 4586
4109 1473
1669 1778
4643 2031
2077 1981
3743 1028
4892 3887
3074 4686
4094 683
4182 1375
3938 3381
1224 3771
2930 1249
1559 700
2190 3129
1360 4399
2777 873
3634 4483
1822 2711
4085 1391
3239 1960
4622 4676
3267 4121
3559 1292
4803 4132
1941 3246
4474 1587
2597 592
3903 4657
2874 2
1476 1404
3964 4244
4491 3951
2329 2192
4514 1556
4004 4568
1568 3302
3676 4059
992 3311
4424 2153
4910 4150
4088 1475
3723 3501
3623 539
3724 960
2304 2420
3036 3971
4093 304
1431 4591
4682 83
4793 2671
4499 3392
29 2354
2313 40
3111 2047
3521 1912
2231 4391
795 2411
3240 292
1772 4529
2315 457
1532 2472
1879 2326
3558 3434
3273 875
4861 1386
262 3299
620 4476
3977 4336
826 982
1938 117
3680 808
3194 1106
4909 4919
2262 3409
2676 100
1100 112
356 3043
1327 4084
676 3143
4627 2979
4052 974
4223 27
3094 1962
2153 1976
3851 3667
378 2219
4423 45
3885 4124
4307 2014
2166 3846
1968 109
3118 4612
4901 3056
3655 3166
732 2818
1887 4762
213 4512
4428 1759
293 1956
3566 1432
1495 1773
2678 4966
2267 4955
4862 2524
557 1087
1367 2537
1097 2278
4966 1233
848 4864
37 642
927 4092
153 4063
4196 2288
874 4726
23 291
3215 730
3975 2035
2082 3595
3957 619
3878 3436
2305 976
4090 30
2969 649
651 1876
594 901
619 164
578 3553
118 3969
2749 3554
4213 4857
4498 3413
1393 1920
3710 4878
2643 3640
2070 1456
4568 4970
662 3729
3225 1590
1123 2548
1048 4881
3480 2543
3946 1893
3752 1334
2017 1036
4549 4066
2871 4461
1102 2698
4885 912
3683 4581
3194 4996
4629 1816
4999 3156
3306 4188
4332 4883
3852 4644
3063 86
4972 655
1796 1977
417 2377
3373 347
2454 3850
163 1399
4150 3511
4231 337
3656 731
1665 4971
3113 3228
2040 3083
262 1457
565 3578
2727 2269
2126 1563
2589 3719
2536 2827
2761 2924
2059 1042
3605 4068
3752 3801
1304 3364
771 4299
3473 2681
4782 4947
1208 4868
4242 849
3247 2282
299 1961
2116 2590
4860 1648
1754 1856
2223 1834
4900 363
2989 1503
2452 4636
1294 1064
1436 2723
1234 407
4101 4
233 4603
122 385
3094 513
3146 2401
2626 52
4300 3404
1747 4238
2048 790
1334 1374
2876 218
2896 1788
2311 3383
1437 3888
2012 3520
3082 726
599 3004
3353 2533
4652 2255
4890 2642
927 4957
1103 4440
3505 2135
3795 4458
1316 890
1721 1539
1299 989
1225 1168
1944 2182
560 1182
2640 2433
1976 1489
4343 1594
282 4240
1642 1662
4672 186
2531 2848
1871 2283
1397 3531
699 1657
4663 3189
679 2801
1290 3130
941 2024
3312 781
2752 4786
3627 3091
3041 4608
1300 2532
2792 3277
942 4171
3118 1793
1315 4824
2358 961
3085 1072
4820 2376
1565 210
2765 1566
2082 4356
3995 1946
769 3034
4370 4610
1129 658
2441 772
888 3800
3910 3007
1473 3372
4355 3202
916 1202
1179 1331
3377 3721
3347 1848
2527 1191
2145 1609
3116 2430
924 2880
1448 2222
3665 3693
4854 1093
3515 2910
2584 3021
288 1364
2384 1800
2329 2644
28 2206
4719 1396
481 3123
3146 876
3393 1686
3845 3137
650 219
71 4316
1716 4572
3876 3747
170 1979
3728 3510
3080 2239
1336 3232
599 88
4165 4002
2166 3508
3238 2383
2318 396
1959 1849
2621 2515
1394 3811
1463 298
1411 1705
1640 2552
3071 1737
1153 120
3087 2879
1008 2504
529 4964
350 4414
4811 4599
4679 710
2554 2481
1425 2019
2977 2194
2165 3815
1102 4924
440 1275
610 4825
566 4340
4944 3661
1042 4936
4160 950
4331 198
4864 1035
3883 900
4531 4237
1186 3019
1093 1680
924 3467
1840 4276
4848 3327
3357 3284
3273 3362
2664 1586
2658 721
2435 1189
1501 3908
2618 4810
150 3777
2299 2692
1852 4254
2008 3213
3228 4690
2707 4871
1868 4353
3064 4931
846 2751
4892 433
2433 4590
2998 3791
2070 4044
2516 343
2764 3243
225 2214
4371 1181
3691 97
3788 2196
4133 1413
4549 1860
3604 4035
3270 4034
993 1749
3913 1824
2075 2756
3980 3585
1188 4987
1932 3388
899 1581
4367 3486
2772 804
3787 4939
2299 1380
3461 75
4862 1
1400 2130
4306 4031
4479 2440
2083 1820
1896 4542
1534 1284
4248 22
4870 332
401 4129
1153 334
3302 3260
2022 3664
2374 2259
4854 3872
2208 1832
1260 3412
2419 1108
3758 1279
112 4513
4193 3070
4917 2560
2 2415
2630 3023
3225 2331
2675 3234
428 1809
954 4616
2975 2940
4034 541
2007 3779
3826 2423
2389 601
1042 2143
4301 330
4993 1351
3484 4086
4915 3114
1529 2810
4750 1964
1757 1703
4807 3823
2222 174
2216 588
3124 3863
599 1459
242 4791
382 745
4110 2477
2694 3830
3225 1156
1030 3334
2274 302
704 113
4626 3209
149 1886
2220 3529
2539 3172
3792 567
4547 640
1347 1670
3228 2021
1862 4104
4284 4991
1263 4506
1339 1877
2366 1341
4537 80
4364 3598
357 1483
2877 2603
2733 3374
2669 4552
1910 3355
1597 821
2172 1743
4276 1620
1445 2246
1277 2997
1300 2114
1822 3649
1082 3523
1860 1593
3218 1803
2721 1167
3978 327
3852 579
3539 3478
3672 1502
2245 81
210 1274
2221 3203
1752 4703
1754 3038
370 712
1523 2933
702 4530
2671 2108
3759 244
3248 2753
4902 4298
658 313
4287 4145
149 3841
2423 3329
852 546
3700 4313
2389 3912
239 1060
2757 2847
4927 4846
2528 3772
3785 1930
3779 1487
2708 559
1122 3706
1622 4997
2443 4288
4368 1283
4906 3950
3328 896
2220 1146
374 4277
3071 2103
1380 151
3898 1046
348 4539
3979 1682
3177 2078
4755 4021
275 1354
4738 2043
64 4471
3459 1429
2098 1317
4472 4606
3489 2966
2770 3944
1867 3513
4170 1024
162 561
502 636
1562 1451
1572 3417
1390 3468
4902 2187
2491 4164
739 4275
1519 1440
1192 2227
3921 3455
2698 1133
4630 128
209 738
735 3446
3081 2181
4213 2155
970 364
406 4272
3237 4057
4613 1043
3740 528
3766 3901
1922 1271
1843 4650
4257 2540
1939 4015
1851 2072
521 4495
2194 1573
2727 542
4403 3481
1792 2099
797 480
4853 4346
4331 3958
359 2462
2825 1625
2885 4675
1325 1802
1231 1557
1132 1574
478 391
3277 4945
2734 4832
2890 4651
2493 4382
3146 3035
3090 3494
1113 4417
4992 4932
4331 1570
3208 1418
4767 4432
2975 123
3432 867
2833 1649
261 695
3434 1771
4128 1190
1836 4648
2669 955
3272 1015
975 1698
2190 1016
2795 2240
3098 626
1860 1444
4034 3989
1165 585
494 2725
2708 1627
4446 2042
3757 1105
