1000 30
111101001010011011000110101010
001001100111010111100101011010
101101011000110100000000000100
000000000011110110101100101101
111111110100001100100011010011
101101111111101111010010110000
111101101011111000010110111001
100110100001110010001010110001
111011010001011001100111001010
101001010000010001111101001100
110011011100110010101111101101
110101010101100000110110001111
111101010001011000000001110010
000110111011001111011110000010
010101000000011100000010000100
001101110100011010001010100111
010000011110000010011100000101
000010011111001011100101000101
111011111111101101110100101011
011011011011001110011010101100
111011010100110110111001111111
000110001010101010100111110001
001001011101100111001110110100
111000101000011000000101101100
110111110111110110000111101000
010001001011100000001010011111
011111111001010010101111000100
001101001010010001100010110110
011010001111000100110010101001
111001010000101001111100000000
101101111000001011010101111001
011101111001001001011011111100
011000011100011110100010000111
100001000001011011001000000110
100011000110100011101001000101
011010110000011010011110101101
111011101001010110001110110000
001000011001010001111110010101
101110001001101111100000010011
011010011010010111101100011111
011001110000010000011010100110
100111110111011101101011110101
100101000001010101100101001010
001000100001001101100101110011
110010001111101110011001101101
110101111100000100100101110010
110101100100001101000110111001
111010000001100011110000100100
010101011011110010111110010000
101101110110010000001010001101
010101000100101111100010111010
010011111101101011010001000100
110000011101100011000011000101
011100110110110010010101010000
010001001011011110000011001101
110100001001100111000010100010
010011100100011100001000000011
001110001100000111100000010011
001011100000011100000000101000
011100100010011101011000111010
010100010011011111111111001011
110100010110000000111001110001
001101001101110100101111010100
001100110001100001101101100101
100100111000011111100100111001
111100010010000101101101001110
010111101011010100010101000110
000101100100000000110011010100
010111010001100110100100011001
101010010110000111010000011100
010010011000110000110001100001
001001101011000011001111010101
001001000111100001110101000110
111001010011011000000110011100
010001101000001010011001010001
111100010010101110000001011110
011110111000110011110100000000
101011110100110000100010101010
110111001101001001101100101110
001110110111100010111001001100
010101101111100100010001010000
001011000111010100000111011111
100101101110101110110111101100
001011101011111100101000011100
111001000000001110010001010111
111110100011001011111101010100
110100110001100100101101111000
100010101011100010101000011010
110101111011011101101011011000
000111111010010100000001000101
100110110110000111001101100010
000110110010001100110000111011
010000100011111100001010010110
010110101110100101001011110110
100011011011000100110000101100
011010111100011000111010001010
001011000001101111111010010100
110101100011000010011111000010
001100011000001001000010001110
111000001010110111100011100000
000001110100010100011010010101
110111101110100111101001111101
111111011110001010011101001110
010110101110011001010011111111
010100011110001111010110010100
001000110011100000000111110100
111011000111111001011110101001
001011000100001010000100101111
001011100000010001101011110000
001011101101011100110011011111
001011011100110000111000101010
100000110000001010010010011011
110001011110100110100011000110
110100001010010000010011010001
010111101010000011100001000001
011001010000001101001110100001
011100011011010011101111101101
100101111001111111101111100111
100111010011001111000000010100
101010111101010111011011110011
101101110010110000110001011010
001000111011010101101010001110
100001100010000000010111101111
000001011001011101000111111001
100100111111000000010100100110
011100101100010010001111111111
010110001110101101111011110000
011100100010001001001010011000
011101111110101100110001110000
011001000011101110110010000011
110111110000111100001010100101
101100000011110110000000111010
011010011010000100110101111100
000110010001011001011111000000
000011100111101101110101110101
101000111001001011101001000110
110000010000111011101111111111
110101010010110011000010000111
010000110000000100000111100001
011111000000100000100010100010
111011011101000111000101001001
001110111000001101000101011000
110101000000010111111001000111
111010010000101100010010011011
001011011011010100011111001110
110010011011101001010100111100
101111111000011101110100011000
100100011110000010000000001011
101110000110101011100011100101
110111010000100000110001000111
001000011010110110010010000111
011011000011000110011010111101
000010010100111110001011101111
010101111001010111001001000110
010010101111111101110111001010
000011000011010010000001101101
010000111101101100001000111011
110011011001100011101100111111
110100111010001000111111010110
111101111100000111111100000101
110110001001011111011000000110
111101111100010001011110110001
110011111101100000110000000000
110101010101010001010010100101
111011000000011101101011101011
111110000001101100011010010010
100000100111101110010101110100
110101111011101010010010101100
101000000000001110100110011000
000000110001111100001101101101
001010010000001001110011001010
001110111101010000100000110100
111001000110001011001000000101
100011110010101101101001010010
110100100101001101100110100110
001110100000011100110100101110
010010001001110110100110111101
000110001101101001010111001011
010111110101001011011111100101
011100011011000111100010111101
100111101011000010011111010001
101011110001111000111001100000
110110100110100101110111100001
110001000100001101010111000010
011010010000111000111110110101
111111001011011010111001111100
001001110100011100001101110110
010111101010110100110011001001
100011010010101010110110100010
011111001001111011101001110000
000110010101100111110101010101
111001111100001110000010001001
010000000010110010010100010001
010110111110000010010101000001
011010011110000110011100000100
111010110101111110111101100001
010110110100100011100000011001
000110101110100110011010001110
101010011100000001101110100101
000000110110111010100010010011
001000111100010101110010101111
111001011101100111011000101000
011011010110011111011111101110
100011011011100011100001000111
100101110001001100010010001001
001000100011011110111011111101
101111110110110010110111001101
111111110011001001011010000011
110011011010111100001110000100
101101001101011100100111000010
000111101000100010101101000111
101101011001001110010101111110
011010110100011010010100010110
010011110111100011110100001110
001110110011110011011000110001
110110000100011000010011100101
111111110010101110111100001100
001000101110011110010100111011
111100010100011110110011111110
101110101001010011110011110100
101011000011011111101000000000
110010001000111000100010001011
111011001101101101111111101110
001100010011001110001001000110
110010110000110111000101011000
101000001100001110011000111010
100001100101110011100111111110
100010100010001001000010101110
001110111011011110110010100011
000111111001101011111000110100
000000111110000110110101111110
101000011011011011100110000101
000110011100111010000100000111
010111001101100010101101100110
000101011100110101010100111010
111100000101010001110111110011
001000000001001000111011011110
100001110010111110000111010110
101011101000111000101101001000
100100010100100000101010011100
100111000101110101111110001001
101000011001101010100000111100
110110001000011100100101111001
000111001101010101101011101100
100000001010111010010001111011
111001110100000100000010011111
111010010111100001100110111100
011011010010010101000001100011
110111111100001000111110111111
100110011000101100010111101100
111110100001110001101110001001
010100111010000000101100101011
100101011010000001000001101000
011011110111001010011111101010
111001010011000011100011011111
100000011110001010100011000100
010100100110001001001100110001
011000101001101101111101100100
001111000111010000001100111000
001110110101001000111101100101
100100001111010000011110100010
111100101101111101010101001011
010011111000110010010000000110
110011000011011110000000101110
111001100001100100010011001001
011101010100100010111101101110
010010100010110000010011111101
110111110000001000111101100111
000110010111000011100110100011
001101111011110101010110100001
000110110010111011100111010001
000001100010110011010110010010
111001110101011100001011010100
001001100110111100100100010101
011101010010110111111110110111
000011001101101111100011011101
010110110101011000011101000011
110011100101110010010111010011
010000110110011000100011000100
100000010001011001101101110011
001001010011001101110000101100
111001001011011001100111111111
100111111101111110101001011010
111000110001001001100000011001
101000001101001000101011000011
000110000010100110011100010111
110000010101011010101001000110
010010101111101001100000000100
101010101000101010110101001101
000010011010001000001110011101
100001110110111101101011000111
001001110110101010010110001110
001001101001101001111010010000
001010110000110101001110010001
111011110000101101000011101000
110001001101100100001000110110
110110011111011010111011011010
111111111100110111100001001010
001101100010111110010100100101
001100101100110001101000011001
101101011110101000011111100011
000100010001101101110011000010
100000100010101010101010111110
101010011001110000011111000110
111010111101100011101110001011
100101101100010011010011011111
011000011010000110101101001101
110100101010110101101000110010
101111011100000111000000101001
100110010000100100111010001011
000000001001011100011000111111
100011101110001101100111100100
100010110010101010111101100011
100001000111001011010010000011
101101011111000011010001001100
011111010010100000000000001011
011101100010010110010100000001
110110001000011111010101110010
100110001100001011110011001011
011000010011100011100100101111
100111100100011000000000001110
100101001110111110011110010001
101100011100100001100011010010
001101100010011010010001100010
111100010110000010110001100000
011011000001111011011010100001
101110111101001111001101110011
000011001100111101101010100010
110100000100110110111001010100
010100010010100011101011110110
101101111110000100001100110110
110001111001011101010000101110
111000110000001011011000110111
011111000000011011010101010100
100001000100000111001110101100
011011011110001100001001111001
000011001000100110110011000001
000100000100000010011111000100
011100100101011100011011111110
100111110000110000110111101101
101100010101100010011101000011
000110010111111010101111110010
011001010111001011101011001010
001001001000010111001110111111
001100101101001111111001000110
111101011110001110100010010011
011000001000000010100011110110
110001111000000011101000110011
011011001110111001010011100010
010000000000001011100001011011
111100010101011011011101010010
110011000000101011101011111111
001001000000111101000110101010
010001010110100110101001011000
111011110100011010000111110111
001010110011000000100100011111
101000011100101110000101000010
011111010110111010101010101001
001000011001101111110001001011
100000001011000000100111011001
101110110100000111110011101111
010001011010100011001011100101
100001100111110010001010011011
010101001110101110001110001111
000100010100110100000100011110
111011110110100110001001110110
110101010011011101111111011000
011001010000010001000011100000
010110111011111100101110101101
100011110011111000010011000010
010100111000011101011101101101
010101011010011110000110011110
100110000110110111101011001000
001100011110100100111110001101
100001111100000001010100000010
011011100000110100101010110111
101110101101110001001010101001
111010000000011000110101110100
000100110111001000111110101001
110000011101111001110111111011
010001101101011100101110101101
111111011100011111101001111001
010110010001011000011100000010
000111100111101101011110000111
010101000110101110111001010110
010000110110001010011000011010
011111011100001101001111001110
101100101101001011011001011001
111111110001110111100000111111
110110111000011001001101100010
000100101011000101111010000110
001011110010111101000000001001
001100100010110100010010000110
110011111100101100010101010111
011101101100011101101100001010
011000110100101011010010111011
111101111111001010000101101101
101110011010011101010111100010
110101000110000100001010000110
100011100110010010010011100111
110011110000101111100011101101
100100100001001110000010110100
000000011010000011000001001011
010101000100110110111110010011
001001001101110111111111000010
011100100010011110100000011110
001001011101011000111011101101
100100111101101010010100100111
001100011000000100110010111100
100100101010111100011000001101
111011010100100000001110000011
001100001001101000100110111111
110011110001001010010000101001
101010001111011111000000010001
101000001100101111011100110100
010001110001001110010001000011
010011110101111001101000111111
001000000101110001101111001111
010111111101011010110011111110
110010110010011001001000110001
011011100100110111101011101000
010101100011011001111010010110
001101100100000010000010000111
100000100001100000111010000111
001101000111011001110101001010
101000000010111011101000000000
010100010111011011101001011000
010010101110011011000000100110
111000011001101001000101110011
100010010001011110001110010101
101101000101100101011001111111
011100010110000010100000010100
100110001111100110000010101101
100011111100111001110100111010
110001001011011010011100110001
011111101000101100100010010101
110100010110010010010101011111
011010010000100001110100100000
010001101100100101010010000110
011110100001010011110100101111
001001010001100010010011000101
111110010101011011000110010111
101011101010110011000101000010
101101110011001100001000010000
011011110011001111011110100101
101111100101000001011100010000
111100100000001110110010011010
010111100111011010011110011100
111111010011101101000110101111
100110110000101011101010010011
001101010110110011100010101110
111111100110010110100101011001
000000001011101001000110100000
101010111000001101111001000101
011100100010110110010010101101
101001101001001100001010100100
111110010010001000101110011111
101101100010110011110010011101
110011010101011111000010011011
011110000100000101100100100100
000101100101010111010111110011
001000101000111111010001100100
001010101100101001100001101000
011101001011100110100010010000
110000001010000100011100100010
000101110010110101010010111111
001110111011010011100110011110
000110010011111101001010101001
011100000011001111001011111000
100001111010001110011101111000
100000111011010011110001101000
010101000101010100001101100110
000100101011010111110010111000
100101101100110110110111000111
101110110100111010100110001000
100110111010110011001110100000
111111000111111000001101100011
111001011000001010001101010100
001110001111110111010010010010
010111011001011000111100010000
001101111101111001110011001001
000111101101101010001000110100
000110111100010100000100100011
010110000100001000001011011010
110010011010011100110110101011
100101001100011000101011000101
011001100001011110001100011010
111110011101000111110011000010
100111111000001011010111100000
000010111011010010110111100111
010011010001100100111111100110
100011011010101110110000011110
001110001010101010001111010111
110001100010101001101110010011
110000111101110111010110010011
001111111100010000100111111010
111111010011101100111111010000
000110100101000010101000111001
100011100000101101000111011000
010110000110110110010000001100
000110000000100101111000010101
000110101001000100001101110110
010111101001000011111001111111
000100111101111000000110101100
011010010111101011111000111100
101001110101101001110000001000
111000101010011001011111001101
100111100110001001010110101000
001001111111110011101111111100
111111110011101010110001011101
111001100011100010010000001001
101010100110101111001111100001
000001111010101100110100001110
111000100110000100010000011101
110010101000100001100000000111
010101111101000111100110100101
001010110100010111011000100010
000011110011010111101011010011
101101010100001000000010110001
111001111111111001111010101101
010100111010110110000110110001
100100110111010010000010100001
011110110100011000011111110000
100011100011101011111010011011
001000010010011010010101010111
010110010011101011000001000000
011101101110110011110011100100
010111001000010110000001010010
001110110000000001011010100100
111111101111000010100110111010
000001011010001011001110111001
010011001001010111100011010010
000001011011111101110101000110
100101000111010111101001011111
100100100101010000001011111100
111100110011101000011111010001
010101011011000100111010010000
010111110010111010100010100011
111110100101111100000110101100
010100010101000001001100001101
001111001011000100110100001000
000110010010011001110010111100
101001000001001110010010110111
000111101101000111100100110111
011111011100111000101001001100
010111001110110010011100111001
110001100111110000010101010110
100110010110000110100110110101
011110001000000000001101110110
000010010001010011011101000001
000001010010110011001111101000
111010110111110111000100011011
100110000111000001111010000100
100010010010100010001111111001
000110100100101101001101100000
011111111001001111010111000110
100000001000101001000110110110
011000000011011011011110000100
111001111001010101010001001100
000000100110100001000000001111
010001100011111010111010010111
101010010010010100010101001010
101111011001110011010001111010
001100101110101010110001011010
010000000110010000110110100100
010001000100101110000111000110
011111100101001001110111100101
110011001011011000110010010100
110100111100001101101001000001
011000001010010001001001010110
111001001100101111111011110000
011100011110010001010011001001
010101100000011111011001111011
001010001010001101011110001011
001110100000111100100111000110
000010110011000001011111100110
111011000001111001011000100001
010000000110011100100010001111
000111011100111011110111000000
110010110111110101011011110100
011100110100010000100110101110
111011001101011011001101000000
000100000100000100011000110110
010010010001111011001111010000
101001101100010011101000110010
001001100101101001000011110000
011010111100101110101001100110
010001011000101100010000111011
110011100010100110001011110001
110000110100101101111001101010
110100110110001000011001011100
100101101100000010010100100000
010110111011110010100100000100
010011000011101111111100111101
010101111111110111101111111011
101010010101101100001101011111
011100010100010110000011011010
110101100011001110110001010011
100101100111001101000000010100
101010101001001101100011010010
110100001100110111001011110000
011110101101000110111000000011
101000001100101000111001100010
010001010110111110100011101011
011100100010011001100000111000
010101011010101110001100101000
010010101000010101100000001110
100101011000110000110110100100
100110001100100110001101110000
111001110101011101111001110100
011100011101001000110000110000
011111011101000111010001100100
010100110001111011100000100101
011110100100111101011110000000
111100111100101101000001010010
101100111001000110111100101010
010111101111011001001101011011
100101001011011010100001111111
100011000111011111010110010101
010001010000011111011011000001
000100010111100110000001010001
000000000010100101111110001111
110010010010011111011000010010
101001110000011011001000010110
010000001001100100100011110011
110011000101011011010001100000
010111001001101111000101000000
111100111000101110000101000111
111011011010001000001010001011
101011000010110110000001101011
101111011011111100000110000000
100000111011011111111110100010
101110101001100101001001001000
101101010101110000110101010111
001111110101111001011111110101
110100000111100101111011001000
101111101000011110001111110101
010110110001011010111000011001
011111000010000001101010101000
101101101000001001001110010011
011100110001011000011000110011
011001001101110100111111101110
011111111011101110000111111100
111000010101011011001010101101
100110000110111011101101110110
110101010110111111010110111001
011110010000110011100001010000
110000111101000010010110100010
000110100011001100110010011001
000101101011100011100100101011
001100110010001000111010111001
110000010101100110001000010110
000111100110000001111111000001
010001000001000010110111000001
011000000010101110100111100000
000110000111000101000000001110
111110111011001001111000000001
111010111101100001010011010011
101110101110001111010111010000
111110010011101010011000101110
000101101000011110000101000000
110101101000111000111000101111
101110011010010110110011010110
010010001101001011100100110101
100111111100101100100111101111
010100101011111010001101110100
111101100101110011011011010101
110010101101011110011000010010
101111011101111010111100110011
000010000111010111101100101110
101100110100001000001010010010
101101111011001001111111111000
111111001010100011000101000111
000011101111100100010110011001
100000001000000110001110001101
101011010101100101010101100011
000110011010011111010011011111
111110010100000010101011111110
100100001110111011001000011101
001000010010100101011110101110
110101111101000111101101110011
100000000100101010100011011010
000000001001110101001111110000
100001100101011111111100110010
000111010010111001001110000011
011000100010000110001101100110
110110100101010110110110111011
101101011100011101011010001011
111001111110100101010101100001
100000000110101011110110010101
011000000010111011000001101000
000101001000101001110111011100
001111010010011101000001011000
010011011011001100001010010010
101001001001000011100011010010
101001101111101110111001100101
010101100010111101010110110001
100101000110111001110001110110
110001110001110101001101101101
111100101010100100000100010111
000001000111111010110100010110
111111010100001100111000101110
000101010111111010100000100010
101000010110110100110101011110
000101111011111000000111001001
010111101010101010100100110010
001100110010001111101011001000
011110010010000000111101111111
001110110001010100001000100011
110111010100100000111001010111
011101001010000100010100111100
110000001011101001100010111001
001000000101000110100010001010
101011110110001110011000000011
100111010101001110010000010111
001110111100100001111000101001
011111100000000101011111000001
001101011011001101010111111001
001000001110010100010100110111
000011110100011110100110111011
110100101110000100101011111010
001110001011001011000101001101
011000111111100011000110001110
001110110001000100111011101001
111101010111101111010111101111
000110110011101000000010100010
101000110101101010101011100111
000011110101101001000001110011
010110111110111001010001100001
000111001001100100010101111101
010001001000110001101110110110
010101110100011011001010010100
111010011000010110111111111001
100110101010100111001101100110
111001001011011011011101011100
010011110110111011010011101000
110101111111011111100100100001
111010110011000011100000110001
101001001100001010110011011010
001110111011110001001000111000
110110100111110100010101010000
000001011110001001000001100111
000000000111110100111010111010
000011110010010100000111000111
011111111111100001000001000111
110110010110011110101011000111
101111111011000010110111001011
010000101011100010101100110101
111010001101100011110111001011
001000110110111101100100011010
001101100000011001000000000110
100100110101111010101100111001
010010000101001100000000100010
100110001000111000100111010100
010011011101011111111011011011
000010110110100111111110100010
001011010001110101000101100010
100000111001110010111101110010
111100011011011011000000110100
001000111010101101111101010010
110110110111110110110110001100
011001011100100111110011101001
000100001101110101110000100010
110111111110100011010000111000
101111010101001101011001011100
011100000111001101010001111000
000001101110111100000010101001
000010101101111000010000011100
000011001101010010000110011000
100010101010010011001000011101
101100010101110000111101100101
110101110010101000000001010000
001000100100010111111000011101
100001101010101010110011111001
100111000000010000010100000001
110110111100010010110110100001
010101000100011010111000110110
111001100011000111100101011010
111011100100101110101110111010
001001101001111010110001100001
000100101011011100011101100001
101111110011100011000010000001
100100100010100001011001110000
010101001111110101011001110000
000111100111001011111001101001
111100100000111010010101101101
101110110000000110001011010101
010101010010011001011110110101
010000110111111111000110100101
001010100011011100000000111000
111111100101001100011001011110
001011101011110001111000010110
001001001100101001000010010001
110111110000110000110011100110
000011101101101110010001000000
010100110100101110111100011011
110000011000001110001010100111
101001001100100100010110111111
110110001101011110001001110010
100111110111100110101111010100
100000110100110010000101110011
111001101000100001011010101011
101100011110001001010111010100
010110011111110001010000101001
101111010100110000010110101101
000101111011001000011110111110
001011010111100000011111100011
110000011111111101010001010010
010011001011101110001001000110
101011101000101000001010000000
001111101110000011110111100010
001000011111001011000110111011
110011100100100111101010011100
000000010111011001100000110110
101110101110010110011101111110
100100000100101110111110010111
011101000110101100000100011111
010101001001011000001011010001
001100010100010100101011111100
100101111110001110010100110010
000010111010000101000001011101
010101110110000101100010100000
000111010000100101101000100100
110011000011100010011100110100
010101100011110011100101110111
010001100001001011011001001000
011010101111001011101001110000
110011010000000011100100111000
000110010011110001000111000100
101011000001010100111001100101
001001110101010100000000010001
100010011100011001100111000110
000111011110101101011101001011
001001101010100100010001011110
111011101101001011011010000001
000111110101000000101101100010
011110010000100011110110010000
010001010010011000011111011110
010101000001101010111100110101
000111100110101111010100000101
001110000111101100010100101101
100010110011101001100100011101
111100110111101111110111101101
100100110011000111001101111101
000010101011000000111011011010
001010010001111000111010001110
101111110110101010001000000010
010110010000011111101101001011
001011111000010011100010111001
101100011011101101100010011111
100101101000101111110010010100
100100000111111101110000001000
000011011010100011100010001011
010001010100111001011100011000
101010100000100100011101000011
101010001010110000101010011111
101010011000110101011110101101
100110010000011011111010001000
000111001000000010101110110011
100000110100110000110001010101
001000110111010111100011101111
001101001011110001000101011000
000111010011000000011111101001
101101111011111010000010011101
100111001100010110110011011010
101000011101101111111110101011
011111100111110011001100110000
101000000110011101100011010001
110110010001111000100101110100
001000100110011000101110000000
011001001011110010001010001000
111100100010100010010001100011
000010100011100110101010000101
011011110100111001101100101000
000101111111010001001001001111
001110001111111000110011101101
000111010010100011010110011110
001100101110100101001000100110
011101011000001110101001001101
011100101110001010010101100100
001101101000111101110001001001
110100000010100100000010011010
111011000011000000011000101100
100100000110101101011010101111
000100101110011010101101100001
010110111011011110101000010110
111010010111000011101100000110
010111110111111010100000111011
000111111010100001010100100101
000110101000101101111111011111
011111010111011001110010011101
010010111110000011100000111001
110100000100100110000101000100
010011110101111010111101110110
101011111001101111100110001011
000010110010111010110100110011
001011010111000000100101010011
010011001100111000110010101101
011001110110010100001000111011
010111110000010111011101000100
000000111110101000111000000001
110000010100100111000011000010
000001011101110010011111000101
011110111111011001101101110100
000100000011101001101100011111
101100100101101011011111111010
111000001110111100000000010001
111111001111001011001001110010
101100110010101011001000101011
111010011010111101000111010000
001101110011110010001101010101
101011000110001100100101110010
111010000011000110000011011110
010001110000100010010011111110
101101001110111000111111111011
001100111010001101101101011101
111001100001010110001100110100
011110001110100111011101010110
100011100111000011100100010001
001011001010111111100101010000
100011110110001011110110011000
111011100111000101111011100100
001010101111010101001111001000
000110000010001110110111101001
000010110000001011010010100111
111010100011100110100110000001
101011011111001110111111000011
000110101111011010101110101111
100011001001011001000101000010
010011110010101101001010101101
101000001110010000010011000011
010100001101110101001001100110
111010110001111110000110011001
011001111111110001100010000100
000000011110001101011010011110
010000001100000111000110111011
101001000101111001000010000011
101000011001011100110001011000
100011000001111011110011111010
011100001111111110001101001010
111101101100100101100101000101
011001101101100010111010000111
111011110001101100100010000111
101100101010011111100110011000
001010010111000000110110101100
111011010110100011001110000010
111001010101110000111110111111
101100110000000101101100101000
010110110001011011000110000000
011001110001011110101100010100
001100011001101110000001110000
111111010010101110011010000010
010100100000000110000111101101
001101001100111001010111111001
111110000011010000101111000101
010110110110000000000010101011
111111110001001100101001100000
110001111001111111011100001001
010111110110000111011111010111
100100100101110101010111111010
111011000110010101111000110010
111000010000010001000110001011
001010000001011111001001000110
111110000100001011010111111111
001110101100011001100110101001
011101000100100001011100001011
101111011000111001100100011101
000100000010001011001110010100
111000001010001001001010100101
100101001101011110100000011010
111110110111001100000111010001
111001111000011000010110101010
000001101100000110011011100001
100100011000100101110000110001
101101111001010000001111010001
111101100001100101111110110010
110000010111101010101101101100
010001110010100101101111111100
111110101101100001010100111101
111011110010011000001111111101
010000011110100001011011100000
111100100101101011110000010010
100111001011010011111100010100
000000100011011000010001001011
010100011011101001010110101111
111100110010001101100110100101
101101101011001110000111011111
101011111110011110101000101010
111111001110111110100000101010
000000000011101000111011010100
111100110001011110110110011100
100111000011100100011010100100
001111011010011111011100001111
111101100111100111010000101001
100001000000001001010111001100
100001101001001101101111111101
111000011100000000011111101101
000001101011011011100100110011
111111000101100111100111111111
100000100101111101010011111000
