6682
5403 9548
5090 7060
4645 5319
5105 9346
5306 5667
5022 8352
5696 6240
5097 6447
7350 9703
6843 8676
8144 8901
5149 7397
4137 7614
7884 9538
5101 8987
4653 5859
6634 8877
5861 6334
5265 7671
5325 6325
4671 9049
5174 9050
8198 8442
6793 9479
4240 5740
5121 8298
4965 5256
4878 9094
4812 5589
4241 8687
6319 6345
5112 9692
4849 7135
4454 8118
4294 6834
5890 8894
6420 8083
4994 5524
5173 9352
4507 9691
5874 6661
4933 6573
7880 7945
6248 8136
8730 9415
6695 9167
4100 9058
6805 9657
6032 8261
4590 7061
6964 7543
4809 5655
4874 5810
8243 9031
5760 8977
4882 6158
5779 8141
5308 6873
5450 8499
5165 9007
6544 8863
5860 7195
5758 6582
6010 9759
7846 8098
4242 6110
6517 8085
4331 7693
4484 6786
7042 8590
7350 7749
5484 9654
5985 9073
5476 7476
4749 7185
7297 9661
6376 7876
4142 5719
4469 7975
4438 8789
7970 8960
6102 7452
5407 9565
4493 7824
7519 8504
4830 9345
4184 6672
7640 9174
6474 7763
7814 8559
4732 6559
6059 7242
6621 7607
5647 7283
5779 6226
4891 6385
4719 5466
4762 5530
4454 9617
6162 9141
6058 7842
4783 5358
7361 8004
5566 7781
4725 5486
6244 8413
6106 7359
7023 7946
4925 6185
5085 8064
5470 8109
4229 6349
6768 9295
4613 9523
6527 7013
4946 5735
9214 9416
6617 6928
6742 7837
5171 7110
5239 9489
5722 9602
5109 9132
6229 7511
4749 7550
6700 8357
5846 8079
6050 6226
7959 8391
7451 8061
8003 9624
8211 9289
4931 6423
5709 8212
8571 8862
7452 8009
6706 8162
7938 9579
7152 9446
6466 7576
6342 7074
7966 8986
4190 7019
4150 7207
7221 9140
4729 9421
5935 7230
4723 5465
6969 9183
5642 6313
5396 5532
4192 5649
5630 6272
4166 9458
9287 9751
5402 7428
8370 8733
5027 6525
5594 8468
5204 6944
6862 7637
6013 9450
4315 7958
5861 8212
5348 7523
8158 9002
8708 9706
6677 9171
6786 8471
6163 9537
5175 8157
5751 9028
4213 7356
9145 9211
6950 8017
5472 8212
4860 6997
7387 8448
4662 9209
4877 8604
6344 9276
5617 9223
7675 7929
5218 9318
4777 9273
4424 6331
7663 9683
5461 6403
4327 5571
7997 8936
7090 8898
5080 5980
5448 8038
5111 7504
4243 6432
8758 9539
8323 9103
8267 9602
4231 7917
4688 4899
5090 6530
4829 9314
6690 9264
5797 8133
4415 8297
4978 6955
6617 8855
7634 8514
4219 6711
7478 9179
5266 6504
5646 9458
4880 9546
6957 8866
4672 7192
8176 9135
5614 9595
7628 9344
4918 5060
7592 9024
4621 4844
5211 7161
6516 6673
4507 7421
7215 8534
4217 5080
8435 8943
5165 6898
4104 4769
4241 6199
4780 5488
7308 7946
7080 8246
4853 5400
4348 8745
7496 7791
6331 9162
4849 8581
8001 9755
5687 8521
6174 7278
4554 6399
5141 7572
4155 8052
6870 8260
6043 7590
4481 6805
4142 8060
8819 9408
5177 6628
5649 6695
4801 6404
7906 8390
4834 6988
6898 8472
5774 7580
4980 7273
6193 7872
4156 7555
5970 7848
4977 6364
6319 9592
5560 7805
7083 9026
5050 7410
4135 6591
6726 7694
6662 8963
7102 8426
6604 9132
6173 7056
7798 8231
4264 5801
4533 7561
6439 6466
5992 9738
5156 7260
4586 4711
6321 8269
7160 7591
5200 6721
5842 7651
4305 8610
4992 9498
5731 9302
7464 8885
4752 9215
5775 7301
4914 8234
4180 6581
5101 9147
4821 8393
7709 9231
4135 4797
5977 9612
7661 9361
9216 9446
5980 7896
6820 9591
6402 8377
5865 7726
4571 8380
6479 7771
4845 4871
7919 9299
5580 5965
4448 4543
6910 8255
8058 9014
4491 7684
9276 9347
6174 9701
5984 8822
5377 6785
4159 9249
6909 8215
5136 7170
7136 7772
8371 9462
6881 8115
7443 8397
4578 8897
4639 7076
6808 9189
6212 8898
6195 6482
8040 8550
7133 8809
6446 8823
6060 9267
4703 8696
6215 9080
4100 7066
4546 7721
6098 9475
4507 6599
4884 7172
6997 8189
8755 9385
8280 9003
6689 7742
5020 9185
6987 9255
5546 9491
7422 9307
7648 9496
4195 6179
4602 6741
4133 5536
7791 8188
6113 8716
5026 7083
7425 8537
4882 8357
5248 6925
4874 6837
4280 6831
9390 9535
5323 6494
4678 7291
7046 7265
7336 9142
6190 7810
8155 8993
7351 8429
5762 8316
4476 4526
5898 9372
6279 8563
8691 9154
5616 6922
9133 9307
4696 5663
4776 8042
4508 7488
4672 7011
4432 7329
4236 6701
4821 5999
4588 9122
5622 8180
4191 6155
6249 9200
4684 6422
6959 8581
4840 9107
5333 8706
4489 8954
8856 8877
5930 9044
5916 9495
4121 4829
6643 7463
4762 9030
4289 8074
7626 9131
5546 9178
4802 8472
4151 5229
8100 8625
6972 7304
7763 9577
5949 9179
4935 8814
8044 9245
4630 5645
4950 8902
4764 7967
4416 7065
5365 8542
4644 9053
6717 8518
8321 9529
6902 8266
4654 4992
8369 8464
5782 8897
5803 8679
5160 8893
5794 6813
6101 6219
9134 9256
5990 9070
8098 9660
8896 9449
5251 7690
6770 8899
4716 4727
7951 8000
7150 7788
7827 8322
4242 6768
4110 4536
4563 6325
6156 8444
7541 7726
5844 7260
6113 7098
5741 6798
4847 7570
4674 7375
5514 7269
6201 7152
5797 6316
5701 8398
4542 7226
7492 8628
7160 7863
4867 8327
8061 9375
5445 9483
4278 8478
7000 7090
4882 9505
5153 6573
4567 9097
4475 5540
8449 9079
4399 5280
7501 8381
9267 9557
4214 7117
5037 8386
5230 7273
5447 7235
5579 7010
5043 9343
6245 9517
7382 8851
5801 9339
7232 9445
5220 8424
5466 7593
5521 5939
6848 8783
5680 7996
6382 9292
8190 8568
5337 8597
6192 8558
5510 8086
4243 6528
6076 8591
4378 9706
4344 4610
4301 5855
8127 8364
6382 8894
4181 8487
5686 6766
7300 9405
6646 9704
4275 5567
8745 9639
7568 7854
7971 8044
5465 8462
4526 5439
6552 9261
6278 7164
6891 9081
4386 7114
6231 9688
5950 7168
4310 6098
8394 9009
4686 9078
6572 9704
4937 9674
6301 7907
6773 8650
9346 9446
5216 9584
6809 9267
7131 9380
7168 7571
4799 7769
8613 9212
4487 5579
6892 7177
5341 7999
5919 6617
4494 7913
8379 8819
4880 7927
7259 7501
5951 8849
6183 7900
4625 4981
6530 9678
4985 7563
4398 9186
7960 8169
5413 7046
9147 9604
5693 8894
6001 6130
6172 8634
5613 6229
8517 9559
8502 9208
5021 5629
4651 5305
5162 5209
5595 9548
5625 6882
4743 8999
8006 9654
6948 8619
7490 9317
5408 7003
8015 9321
5852 6428
9155 9400
4891 4927
5542 5611
4826 7089
6693 9112
6066 8943
4923 7806
5221 7393
4457 8964
4849 6247
5039 5231
8400 9657
6625 9243
4860 6465
7037 7310
5353 7583
6325 8149
5586 5925
6130 8872
5889 9036
4286 8048
6877 9173
7575 8360
5856 8333
5238 6765
4856 8037
7032 9035
7193 8260
6359 8179
7694 7807
4905 9660
6066 8754
4737 7681
5581 8909
4799 9485
6882 7103
5782 5789
5839 8402
6147 8624
5756 8014
5211 6452
7017 8323
5118 9316
4823 7225
4765 8265
6100 7440
8162 8375
7992 9608
4202 4326
5321 8903
6344 8568
5990 6547
6297 9217
4915 7322
6122 7995
6206 6413
5449 9618
6555 8417
5941 9736
5007 9162
6604 9534
6523 8862
4975 9374
4833 6903
9216 9703
4498 5495
6116 6489
8178 8427
5540 9279
5022 9582
6588 8403
5486 9458
4800 6097
5071 7629
5702 6852
7794 8866
5180 8103
5727 7332
4707 5407
5619 8914
7686 8126
7191 8754
6110 7876
4601 4848
6529 7595
5959 8153
6438 6741
4262 8887
4136 9043
7126 9100
5625 5876
7107 7484
5853 7880
8009 8600
9562 9638
5489 9583
4764 4976
7252 8498
5362 6848
7674 7903
6544 6988
6646 9120
6701 9592
4224 9403
4942 5952
8780 8885
5414 6254
5293 9393
4575 9565
5096 8870
4597 8857
4509 8153
7278 8802
4423 5809
8542 8789
5195 6720
4399 9729
7740 8130
5161 6093
4844 9659
7761 8171
4500 9554
5715 6035
6239 9168
6478 9743
5854 6933
4160 8110
4834 9567
4331 9541
4707 8584
7504 9364
8756 8961
6570 9216
4963 9418
9021 9261
4366 5274
5458 5645
6371 7055
7774 8896
4234 5345
5755 8017
6507 6721
6227 8102
5934 6531
5181 5658
4418 6071
5825 9634
6896 9084
4518 6825
4527 9386
5528 6226
4242 9258
5366 8910
7183 9565
5751 8754
5476 8614
4238 5773
7764 9476
7219 8056
4833 9691
9393 9413
4946 7692
4273 9196
6405 7899
5313 6850
8135 9453
4529 7884
5621 6090
4266 7589
4539 6431
5697 8935
4221 5277
5914 6852
4347 4580
7113 9221
7237 9053
5911 5916
5495 6885
4542 7440
5839 6037
4197 5174
5599 6528
8463 9412
5301 9145
6083 7645
4914 6412
5181 8480
4688 7972
7155 8438
7273 8745
4612 4746
4475 5031
4674 7754
5517 8910
5030 8582
4398 9052
4272 9553
4553 9157
4651 6760
5254 9543
7103 9643
6450 8877
5430 9611
5201 5759
6007 7564
5696 8041
4578 9200
5972 7592
6588 9109
4408 9036
5118 8866
5584 7987
4637 6303
6944 7449
9428 9660
4438 9254
4930 9008
8465 9701
6872 8320
4628 7473
6079 7725
9361 9712
7531 7645
8934 9163
4396 6060
4729 8210
5928 6662
7132 9252
5530 9299
5252 8784
6734 9169
4964 8735
4155 4974
8735 9714
5509 7468
4625 5451
9162 9727
7325 9519
6586 8471
6593 8316
5515 8844
8566 8962
4596 9708
8327 9258
7495 8022
5860 6737
5465 9727
4333 4866
7354 8257
8490 9110
7117 7393
5321 6917
6085 6226
6796 6843
5919 7058
4434 9503
7722 8082
5723 7110
6208 9619
6274 7113
4544 5328
5426 6210
4511 7247
6482 7349
6377 6593
4537 6738
6714 7372
4129 4149
6769 9462
5254 5510
6297 8436
4112 7726
4576 4589
4482 9063
7380 9317
6032 9603
8813 8823
5763 9199
5395 6499
4131 7976
6641 7057
6103 7102
5357 6781
4865 8369
4539 9655
5586 7110
5391 9604
6279 6393
4173 5095
6719 8806
9151 9682
6886 7120
4435 6666
5239 5622
4615 5715
6208 8639
4698 9487
5516 7421
4117 6535
5527 7176
5867 9362
6545 6606
7666 8549
4540 5295
7120 8479
5540 8627
7264 9123
4626 9135
6267 8369
7146 9390
4707 6175
5225 9651
8079 9251
4188 6085
4846 9033
4671 7040
5275 6788
7424 7458
6229 9154
6186 8392
6697 9146
6162 6333
6623 8864
7267 7931
6220 7345
7361 7410
5480 9401
4971 5582
6451 9118
4902 9425
6190 8713
4324 7637
6089 8846
4212 8062
4098 4660
5594 8257
4187 8851
5762 6749
6340 7521
5609 6645
4872 7853
8261 9623
6736 6858
5029 7196
7968 8025
6410 9412
4948 9681
4150 8068
4123 4973
8569 9208
5338 9559
6515 9307
6030 7347
4227 7995
8262 8986
5324 7258
5930 7461
5369 5436
4702 6605
5156 7091
7303 7534
7300 9510
5788 7716
6219 7698
4656 6103
5265 5338
7143 9392
6548 9392
6442 8692
6930 8672
7191 8140
6342 8651
5063 7528
4845 7979
6594 7065
7962 8483
5484 7510
4358 5484
6406 6827
6119 6220
4371 8034
7895 8756
4844 5471
5353 9373
5899 9375
6030 6935
7438 8268
6797 7013
7083 7493
5770 7834
6422 9566
4231 7421
6546 9255
4620 6150
4769 5504
5818 7832
6387 8492
6001 9268
4582 9088
7811 8231
8541 8750
7291 8234
7318 7463
4358 4416
5872 7902
7546 8714
6001 6571
6156 9457
4936 8598
5291 8685
7413 7921
4380 8660
4671 7318
6041 7280
5346 9145
6579 8460
4169 8551
4599 8769
6089 7930
5181 7191
4154 9085
8819 9504
6172 8238
4833 5198
4761 6369
4497 8109
6820 7080
4445 8320
5658 8867
8251 8955
8582 9451
5183 6879
7588 9656
5715 6456
5069 5523
7820 9585
5963 8201
5243 9712
4415 4900
4758 8227
5906 6376
6626 6694
9064 9086
6669 9134
4616 6464
6963 9323
6278 7351
5500 8354
6378 8522
6850 7366
4214 6737
5715 6921
5332 6261
9234 9642
8989 9554
4538 7643
4497 7874
6500 7986
7046 9303
7672 9724
6633 9538
8235 8745
5998 6775
8989 9164
5286 7932
4430 9156
7548 7572
5294 5470
4180 6882
6101 6304
6671 6847
5987 8544
4673 8796
8241 9398
4940 7464
4397 4635
4868 8307
7797 8663
6605 8022
8010 9524
6545 7017
5414 8538
6081 7200
4366 9648
7400 8133
5781 5979
5452 6770
5332 8407
4973 9688
5748 6965
4935 5971
4849 7689
5143 7622
5496 9026
4393 5076
6578 6956
5101 6079
7028 9743
6786 7930
5785 6946
7567 9185
6857 7300
6610 9420
4536 5285
7616 8742
7448 8779
8148 8959
6652 6669
8670 9230
7000 7486
5564 8381
6844 7421
4409 7861
5430 8115
6120 9430
4560 6260
5709 8659
6096 7052
4334 7266
8437 9632
6740 9195
4749 7792
4403 5855
4265 5016
5642 9216
5263 5389
5132 7498
4551 6106
6109 8194
5918 7026
5994 8091
5094 6619
4415 4728
4741 9672
6972 7411
5983 9185
4163 6906
8608 9622
6435 8663
6461 7506
4439 8598
8172 9434
7795 9369
8881 9447
8068 9041
5450 7280
6403 7066
4397 8031
6274 7253
6508 8211
4268 5078
6363 6859
6525 7999
4306 8043
6649 7700
7015 8125
9423 9743
5522 7610
5417 7861
5015 9301
7270 7697
5785 7648
7402 9438
7075 7887
4248 8034
6148 6356
7155 7973
4243 5630
4329 5008
6927 8837
4608 6441
7166 9017
4651 9598
4231 7737
7440 9731
6509 9322
5366 8587
4220 9638
6477 8551
7167 7640
5716 7849
4173 4699
6058 7051
4171 9751
4701 8216
9174 9314
9338 9768
9124 9162
5185 7907
5641 9430
6886 8575
4442 5605
5408 8076
5875 8683
7509 9060
4245 5221
8550 8625
4668 8798
6926 7207
4771 8040
5375 8933
7924 8317
8396 8425
7884 9759
7636 8506
9121 9451
4364 5398
6318 7026
6128 8891
5835 7356
4727 5500
6543 6824
6242 9306
4329 9268
4821 8279
4199 9245
7691 8189
8516 9246
4492 9505
6725 8435
4132 5024
4230 6356
8781 9728
4555 5401
7969 9029
4624 4800
7226 9298
4473 7435
7665 8454
4421 6574
5242 8802
6408 8297
7432 9142
6568 9059
9331 9426
5687 7993
7281 7627
5869 6995
7547 7573
5905 7717
4819 7218
5511 9265
6773 9692
4548 7369
5198 8926
6973 8005
4318 7445
7939 9301
4102 4406
4878 7579
5390 5618
5223 9707
7740 8480
6261 7638
4563 4965
7950 9026
4268 4961
9704 9752
4696 7639
5551 7954
4795 8006
4340 5909
4578 7093
8147 8776
6487 7860
5159 5484
7764 8778
6831 9195
4951 6538
7388 8156
5383 9208
6791 7922
8498 8891
6725 7527
4730 9532
5315 6178
5122 7536
6695 8237
4739 7878
4156 5416
6368 8410
4315 7458
6955 9636
7049 8661
8965 9066
4773 9222
7753 8820
6178 6589
5730 6699
8633 9007
6452 7064
5366 9320
6817 6917
4832 7333
5851 7154
6306 8569
4714 5172
4553 5288
8828 9539
5016 9418
4699 7727
4934 5952
7704 9159
4520 7467
4492 7848
5193 9762
6061 8168
6167 7667
4570 7908
6719 6942
6338 6439
6228 9616
9452 9575
6169 9530
5517 7321
5460 6881
8288 9024
9064 9163
5919 6336
4537 7226
7371 8270
5184 7733
6883 7303
5389 7589
4187 9312
5344 8769
5855 6577
4245 4284
7356 8620
6890 8630
4125 8453
5403 8382
4445 4688
5789 6640
7170 7967
7524 7539
4449 6890
6627 8886
6824 7259
6180 7558
8296 9556
5203 7113
6130 6790
5516 7200
7024 7847
5628 5910
5176 8662
6292 7073
8741 9521
7128 8967
7088 9472
5036 9054
8335 9600
4457 8334
8030 8118
7993 9196
5136 6210
4954 8676
5087 9584
6437 8282
5111 5838
6794 8965
6467 9734
4605 5812
4748 5328
5471 6087
8105 9040
4770 4904
4749 8443
8746 8929
4199 7331
5850 7559
6821 8438
5405 6634
4353 8293
4575 4893
6139 7359
8382 9256
5377 6694
4502 4736
6088 9201
5495 7948
5601 5606
7365 8316
5024 8877
5648 7899
4744 7216
5147 8725
6738 8482
5532 7142
7791 8428
5582 7244
6784 8830
4654 6950
4381 8509
5509 7535
4870 9391
8722 8850
4188 7694
6546 7404
5600 9191
6645 7106
4840 5399
4204 4906
6272 8701
7921 8732
6251 6622
5427 6263
6457 8637
8105 8240
8134 8723
6976 7648
8013 9164
6203 8367
5894 6098
6419 9697
5290 6650
6297 9134
7445 7899
8645 9675
5086 7093
5123 8147
4432 7955
6331 7597
5773 9343
5840 6711
6964 9202
5066 7667
6571 7150
7252 8514
5180 5286
8691 9719
7659 9368
4121 5681
8207 9427
6543 7021
7564 9568
5845 6973
6913 8473
6324 9243
7198 7697
4593 6348
5852 8287
4395 6368
5239 6822
6337 9604
7349 8194
4560 6377
4850 6511
4385 6024
5522 6926
8293 8579
4825 6151
6608 7288
5176 8852
5673 7198
5428 7182
6367 9525
4954 4959
4534 9412
5358 8344
4191 9425
7711 7917
8496 8570
4619 8493
6242 6706
8049 9102
4513 9229
6046 9431
7683 8618
7621 9340
6525 8490
7905 8272
4748 9046
5020 8173
5260 8047
8316 9048
4118 5353
4554 8254
4259 4991
4262 8071
4518 9259
9095 9695
5286 8478
5542 6457
4978 6492
5434 7257
6461 9362
5033 6016
4792 6700
5457 8904
7612 7742
5107 7882
5144 9391
4563 7828
6281 6322
5173 6987
5476 6315
6303 7932
7494 8768
4742 7744
4234 8467
6691 7969
5984 7108
6495 9441
5475 8306
5949 6527
4507 8758
8178 8751
9643 9731
6602 7857
4533 6315
7545 9133
5020 5112
4892 5354
8566 8715
4493 5732
8130 9535
6042 9298
6890 9172
6688 8134
4229 6068
5322 9155
5274 7171
6938 7027
5951 7960
4659 7536
6570 9297
4779 9588
4872 7863
5442 8934
9121 9696
7997 8557
4456 5551
8208 8453
4731 5146
5301 9740
7460 8656
6533 7011
6503 8777
4799 5513
7149 7636
5585 7622
4573 9046
5589 8840
9482 9525
7408 8090
5237 5443
6673 8818
5388 7511
7427 8695
5382 6261
7763 8547
4259 5219
5383 8139
5964 6493
6863 8010
5679 5730
5257 8202
4218 6882
8529 8566
7772 8498
9087 9587
6938 8650
5046 7500
5705 8097
6019 6247
7081 7932
4918 9503
5729 6680
6425 7809
5388 9149
4495 9739
4222 6378
5833 6634
5170 5538
5992 7386
7279 9027
4646 6029
4679 7630
4383 5186
7274 7394
5131 7554
6033 9659
6375 7948
5493 7045
4930 6503
4205 5123
4395 9571
7577 9093
6717 8157
7701 9473
5129 9039
6149 9027
5104 5476
5460 7830
8653 9537
4307 5101
7688 9293
4516 7057
4937 8798
5562 8278
4524 5979
6506 6708
7034 7665
8203 8958
7032 9696
7497 8454
7166 7477
8047 8650
7356 9095
5166 9767
4381 5431
5517 5605
4536 7466
5524 8428
7311 7587
6262 7743
7897 8580
7352 9757
4606 8676
4293 4665
7224 8241
6880 7626
4178 5421
6299 8893
4171 7719
4519 9368
5264 7655
8223 9651
7790 9393
5343 5360
5136 9375
4975 7403
7806 9752
6692 8142
4986 7992
6168 6399
8009 8305
4722 9064
6266 6919
8488 9697
6291 8029
5095 9073
6013 9153
4589 9170
6725 9263
5082 9222
4223 7872
6974 9334
4881 6065
4972 6583
7757 8092
5882 9471
5133 7479
7909 8144
5368 6198
4385 8950
7170 9582
4403 6304
6593 8669
4894 6389
7217 8337
5459 8629
4130 6784
5516 9317
6301 9627
8548 9670
8532 9738
7111 7795
5785 7068
6767 6853
4435 5233
8224 8769
5750 7996
5126 6962
6362 8373
4817 6801
6742 9725
5313 9385
6764 9766
7372 9112
6183 7123
4959 8236
4780 8459
7609 7993
4786 7505
8852 9491
5119 5338
6077 7212
4165 8625
4682 5247
5141 7828
6798 7380
7453 7693
6140 8857
6217 8882
6209 8146
5771 9263
6904 8646
6157 9057
5100 8850
4911 9419
4315 7027
8956 9004
8971 9699
6375 9557
7619 9200
8300 9513
6529 7670
7739 9389
8707 8867
4378 5413
4969 9648
6957 9315
7166 7536
4562 9707
4718 7339
6443 9618
6314 9454
4245 5281
5970 7889
5160 8538
5115 7282
7383 8241
6315 7400
4420 4812
6726 9635
7610 9706
6128 6485
7187 8007
6177 7219
5745 9465
4344 7904
5493 8116
4565 9636
5779 7261
5419 6019
5787 8592
8316 8423
5203 7473
4957 7950
6951 9419
6069 7894
6060 8338
6346 8141
5626 8209
8795 9626
6435 9128
6902 7034
4817 4845
6622 9730
4293 7987
5601 6874
4813 8943
8156 8296
7359 8602
7119 8804
5294 6867
7615 8222
4750 8130
4845 5417
4679 9567
5595 7944
4183 5994
6881 8124
6995 9690
5294 9151
6484 8830
5249 7351
4259 7339
5207 5228
6730 8031
4640 8412
5700 8301
4510 8506
4547 4668
4137 6637
6035 8253
7970 8288
4947 7032
5953 7299
7113 9102
6188 9766
4991 9530
4966 7036
8004 8235
6985 8014
7913 8552
4518 5958
6132 9540
5072 8777
5815 5816
7073 7111
6622 9708
4680 8818
4696 6726
4472 8483
4222 6381
4769 8567
7832 9002
5813 6968
7018 7388
7546 8447
4526 5008
5405 8752
4815 7506
8181 9763
5150 6384
5336 6600
7709 9569
5048 9020
9217 9223
4700 7685
4382 7057
4469 5153
7975 8374
6179 7939
7484 8648
5032 9519
7113 7402
6249 8922
4609 6510
5123 8814
5155 5546
5455 7756
4594 8813
6871 8782
6094 9439
5695 8225
4448 4673
6969 7191
4494 5855
4190 4443
4678 5571
4527 6139
7375 9054
4908 9222
4134 5932
4354 5358
5191 9064
4487 6290
4101 9232
4772 9358
4682 6093
8081 9013
5700 6482
7913 8605
8256 9280
5603 7433
4576 9742
7264 8107
5352 6926
6943 7920
4925 8789
8295 9583
4411 6205
6735 7946
4719 5578
7371 8524
6172 7544
6408 8113
4193 5771
6195 7990
6540 6954
4256 9536
6947 8076
4607 7725
6501 9692
8390 9340
6853 8158
9531 9679
5983 9382
4349 8576
5101 6123
7486 9078
5888 9708
8533 9121
6406 9661
4611 7208
6526 7609
6600 8799
5202 8102
8317 8748
8614 8735
4185 7704
7406 9714
5756 7326
5319 7788
5895 8491
5702 8800
6645 6839
5431 8097
4119 8486
5056 5133
8517 8617
7290 9281
7218 8906
5118 7205
4775 6360
6731 6965
6591 8446
4448 4991
6033 9170
7148 7916
5997 6041
4741 9696
6402 6757
4936 6521
5019 8183
4276 9677
6984 8682
6918 7816
6518 6755
4862 8239
4246 8198
6589 8482
7889 8025
5277 8764
5229 9236
4899 7979
8398 8689
6894 9295
6501 8552
8265 8620
6785 8852
4162 6169
8723 9235
4321 7907
6789 9130
5967 8605
4604 7643
5676 6272
5635 5852
6756 7518
7585 7699
6035 6174
7387 9692
4318 6123
4470 7745
5149 6111
4992 6240
9282 9541
6211 8580
4552 7983
6358 6672
5422 8957
4304 7208
6020 8952
4575 8847
7023 7997
6853 7982
6332 6751
4107 8362
5878 7102
4362 5151
7422 8004
5884 7923
5447 9639
4774 5775
6505 8306
5094 8963
6636 8304
6668 8073
7180 8872
5290 5373
4935 6168
5082 8318
8277 9768
5032 6772
5195 9417
4223 5620
5148 7846
8205 9076
6441 8471
7164 7262
5045 6002
5106 9645
5563 6953
5326 5337
7386 9553
8570 8720
4917 9050
7392 7536
4251 4441
4950 5373
4667 8806
7296 7857
4318 4646
6730 7999
6778 7438
4610 4799
6299 7214
7304 8336
6139 7529
4736 5026
8395 8604
5917 6344
6697 6810
6063 8938
4856 7543
7403 7616
5184 6669
4731 7852
4557 5683
6480 8381
4220 9201
7721 9289
5496 8528
5850 9712
7363 8120
7490 8952
5842 8067
7452 8368
7947 8878
5155 6583
5247 7658
4507 5471
7658 9460
6715 8990
5281 8894
7474 8930
5009 8524
6166 6526
5989 6604
4591 8166
4564 7105
8039 9558
5673 8846
6117 9215
6708 6967
5785 8686
4302 9018
4648 5148
7092 9574
5379 5608
5012 7697
4377 8772
8212 8217
7129 7835
5163 7285
6530 8772
5435 5653
4480 5630
7238 8735
4755 6762
7006 8300
8463 9181
4658 4970
4590 5168
5554 8700
5125 5979
4525 5521
7062 9652
7989 8928
5669 6452
4224 6284
7308 7834
4304 8258
8033 9555
6015 7639
5551 9640
7887 8180
5518 8510
5350 9120
6162 7075
4312 8608
8589 9717
4165 8114
4132 4917
8104 8500
5061 8012
9295 9544
5575 6916
6343 7347
4765 5768
7721 9592
4408 4550
8617 8808
8621 9645
7026 9256
4146 4676
4340 9579
7208 8587
4253 4776
4973 7318
4435 9390
5936 9672
5472 7051
7922 7983
5255 7894
5904 9111
5089 5138
4829 7764
5603 5882
5039 8465
8169 8417
4935 5906
5969 6750
5969 9630
4276 9766
7143 8913
8029 8243
4896 9208
6439 6742
7529 7942
6375 7346
8893 9684
8458 9448
5616 8609
5087 6326
8340 9636
8241 8541
4242 8033
7719 8927
8265 8503
5477 8546
6142 6682
9315 9581
5820 6678
4285 7773
7618 8129
4537 5890
5326 6449
6642 8532
7557 8374
5318 8555
5775 9143
4922 7837
5915 7873
8181 9656
4938 9609
5708 6702
4650 5083
4826 8119
4769 8599
4616 7996
5145 8853
7100 9295
7326 8865
9198 9573
5008 7921
4892 6244
4990 6068
4323 9346
4211 8101
7741 9566
5576 7807
6578 7338
5093 6526
7279 9048
7984 9114
5315 5334
6195 7539
5679 6727
4243 7309
7970 9080
4922 8395
6703 7091
6113 9557
4173 5322
5359 9630
5813 7592
5037 8128
5767 7462
6564 9110
4812 6167
8191 9430
4578 6390
5725 8718
5750 9600
4986 9319
6553 7309
7993 9243
4111 4302
4460 7839
4205 9207
8763 8998
4305 7509
6563 9555
5035 6507
4340 6969
5555 6544
5891 8086
7145 8250
8877 9037
4781 7919
5463 8024
4972 9764
6678 7378
5317 5800
5149 8111
5216 5757
6158 6667
6247 9307
4181 5106
5695 8182
6564 7403
7946 8706
4975 6255
5477 7429
8584 8860
4836 7830
6109 8524
4398 5524
8981 9083
4533 8548
7942 8173
5409 5469
5860 8838
4468 8392
5879 6972
4600 4654
4247 9215
5127 6112
4572 4745
5614 8566
4655 6272
8206 8869
5419 7429
4732 9605
4491 9359
5838 5997
6749 9383
9450 9627
5350 8580
5373 8798
4163 9199
6147 8396
7211 8440
6369 8945
4134 4689
4623 9534
4168 9265
6750 9618
5238 9530
4106 4876
8064 9134
6551 7493
6476 7764
8106 9437
4590 5341
5037 9066
5002 9337
4582 6987
4568 6852
7389 8907
6666 6921
5740 8336
4381 4629
7584 8159
5553 8919
4241 4432
4994 8762
5132 8012
4397 5641
5887 7935
5213 7975
5839 8979
7172 7952
6090 9218
4734 4935
4379 8472
8205 8716
5665 7234
5020 5850
5779 5956
6340 6741
4753 6384
5937 9627
6304 7164
4877 8215
6817 9194
8585 9007
5156 5233
8402 9223
4395 8750
8581 9591
7294 8112
5116 7961
6294 7112
7982 9265
6095 7781
6100 9102
7255 7572
6124 8665
8716 9430
4975 6815
4569 4745
4984 9014
5290 7484
4288 7322
5560 7481
4949 9764
4241 8053
4304 7854
7304 9161
4423 6430
5086 7922
6400 7589
8341 8960
5169 8136
4326 9133
4901 7008
6334 9678
4614 6961
6972 7047
5476 7142
4294 6250
7139 7291
7172 7232
5373 6386
4328 8132
7386 8752
9425 9645
6191 7933
5035 6705
7670 8805
4951 8439
6030 6513
7359 7540
5375 8164
5588 8977
5238 6612
9183 9318
6681 9135
4984 7036
5879 7421
8451 8941
7696 8876
9467 9617
5986 9572
5958 7146
6102 6994
5062 8371
8403 9351
5847 5996
5365 7085
5828 7974
7347 8301
5324 5640
4597 5246
5505 6928
4100 5233
4948 8731
6294 6418
4601 8820
5515 9323
7902 9156
6618 8074
6368 9106
4351 9179
4592 5205
7725 8765
7389 9580
5738 5982
5650 9710
7930 8433
4807 4966
4609 4990
4602 6911
8706 8800
5088 5602
5555 9409
8014 8399
4259 9667
5295 8305
5367 7569
5244 6124
6383 6574
5683 7408
8418 9060
5563 8914
7430 9394
5786 7375
4249 6862
5835 6736
4688 8417
4341 8802
5587 8884
4396 7210
5009 5845
5047 8021
7473 9749
8358 8446
4319 9500
8637 9755
5325 8416
4908 5452
6985 8658
4576 7851
4684 6296
4169 7388
5298 5420
4791 8222
4754 8158
5465 8559
6966 8208
4709 6278
8403 9565
5758 8594
5384 6961
4279 5867
7626 8441
4597 6251
6081 8265
5853 7519
5619 6209
7267 8621
5717 8551
4254 6815
4220 5020
7402 9050
8042 9374
7642 8660
5010 7190
8099 8177
5808 9764
6448 9488
4729 5856
4700 6725
4105 4840
4676 8273
5378 6511
7412 9238
6488 6576
7094 9104
6467 8139
4202 4767
7507 9565
5179 6284
4373 5730
7683 9292
7115 9022
4145 7758
5349 8494
9140 9400
5426 9120
4268 4636
6157 7831
5489 8302
5060 8543
4115 9721
6361 9755
6575 9071
6281 7011
5259 9435
6479 8140
5785 7395
5737 7473
4945 5511
4878 6000
8256 8733
6713 8296
4663 4913
6645 8804
6025 7848
5268 7802
4361 9318
6816 9158
6170 6850
7432 8181
4902 6120
8070 8077
6581 7716
4181 8983
4199 5784
4226 5781
5207 6983
8395 9125
5568 5894
4522 9587
6756 6897
6309 7368
4115 8724
6163 8361
7422 7674
5682 6317
6047 9347
5920 7770
7244 9411
7003 8183
8585 8893
6889 7095
5263 8183
8807 9599
6411 7955
4252 7147
4358 6141
4777 9684
5417 6047
4721 6242
4531 7114
7771 9229
5333 7047
4909 8171
6626 7921
6164 9562
4408 7134
6395 8523
4403 7173
6402 9399
5376 8289
4643 6994
7942 8020
5247 8676
8245 8768
9006 9585
5950 7059
5980 9386
6060 7781
4960 8386
4548 5060
4997 6662
7445 9449
7236 8320
7991 8862
4810 5054
5548 8270
6338 7693
5966 7823
5680 6919
4413 9477
4213 7491
5840 8777
6728 8499
5053 6411
7487 7754
4923 5072
6392 7814
6129 6952
5122 6111
5816 8669
6985 7040
6772 9662
6533 8318
6475 7299
4525 7001
5145 7218
5681 6028
6392 7024
8029 8813
7290 8027
6599 7415
8382 9669
7089 8476
5662 7544
4640 6988
5930 6040
5615 9145
7372 9079
9044 9741
5733 9177
4688 6938
7856 9588
5252 9098
4793 9601
6222 7910
5018 9616
4420 6333
4488 5118
6146 9683
5282 6177
5391 6318
4354 8178
4595 7079
7124 8121
5620 9637
7800 8451
5103 9056
6918 8575
4102 4749
7146 8556
4455 4914
4837 6687
5621 7307
5535 6150
6589 6611
6344 6486
5265 7654
6170 8160
5402 7223
5112 5571
8338 9266
4677 8948
5056 8533
7593 8198
6156 9737
5046 5895
6003 7081
4942 9558
4165 5428
7725 9033
7629 8682
5244 9459
6748 8317
4370 6936
9328 9641
5101 7568
5816 6388
5513 7286
5058 5777
4493 4704
5088 7658
4395 5971
4815 5971
4138 8418
4272 5953
6815 8709
6395 8823
5561 5561
6329 7603
6558 8656
7731 8563
4517 7274
4449 8564
6529 7843
7281 9273
5053 5413
8272 8736
5199 7369
4629 6634
7284 7816
4254 6551
7018 7287
4713 7710
4623 6844
5166 6504
4783 9153
7438 7927
4523 5656
6454 8648
5712 6724
4395 7599
4583 6713
6446 7497
9659 9666
7202 8039
4556 5056
4531 6397
5187 6307
8501 9215
5454 7275
8574 9696
5016 8723
6304 8617
5078 7452
5391 7904
8533 9516
4938 6082
6946 7770
4988 6932
5425 8836
4545 9545
4783 9251
4895 8152
8259 8501
9273 9503
6222 7646
8149 9672
4695 7421
5251 8693
6921 8284
6318 6401
4332 8701
7569 7992
6317 8306
6449 9205
8797 9353
8681 9496
5076 6215
5042 5362
6199 6609
7127 8845
5900 8474
5745 7225
4700 9477
6727 8872
5377 6271
6814 9569
6807 8704
4111 5304
6364 7461
5201 8476
6582 7529
4238 8761
5430 5602
9442 9652
4332 6372
5872 9510
4122 4204
6109 9136
4712 6421
8550 9561
6248 6881
7622 8485
5843 8098
5872 7225
5354 8850
4711 6065
6617 7374
6537 8921
7785 8512
8050 9261
5657 8496
5335 7290
7542 8700
5358 6677
4797 5344
4939 5454
5876 8201
4901 8689
4428 8686
8710 9689
7012 9654
6053 7871
4371 4850
7112 8833
4646 7331
5970 6274
8139 8420
4281 8043
5896 5945
4703 6289
6284 9229
5193 5647
5505 9203
5595 8023
7074 8300
6639 7387
7879 8490
4834 8232
9112 9230
6043 9377
6075 6104
4825 9728
6004 6969
7530 8600
4237 9054
4890 9424
4676 7732
4479 6272
6041 7189
6692 8945
4383 6480
6013 9327
5205 6715
6649 9448
5424 7808
5076 7128
4321 7107
4229 6285
4728 5084
8157 9669
5331 5978
4946 5726
6404 9731
6094 8310
4806 9049
6012 9142
6788 7376
5110 9048
8250 8681
5053 8769
6243 8119
4987 7713
9333 9764
4820 7731
6175 8429
4518 6901
7926 8630
5104 8951
4738 5988
7746 8579
6159 7436
7171 7625
4114 6895
5346 7425
4427 6664
5879 9456
6448 8199
5484 8816
6658 7790
7550 8892
4520 5705
4853 6718
5486 9580
4796 9229
6634 7114
7574 8714
7920 9425
6714 8809
5217 8198
6128 6859
7483 8154
5659 8477
6652 7774
4428 8123
7316 8367
6131 8189
6037 8313
6228 7633
4200 8737
5822 9562
6539 8093
6821 9178
4851 6457
6150 6537
5681 6426
7367 8092
4580 6787
4868 8969
4913 9244
6946 7577
5073 6921
5606 6282
5102 6063
8849 9202
5299 6998
4108 5073
4724 8343
4757 9362
7042 7754
5345 6155
7034 8674
5371 5628
4913 5348
5234 7826
7848 8896
4147 9216
6243 7169
5184 7310
6502 8472
4097 6179
5449 5964
5507 6302
5396 8581
8393 8983
6465 7853
4368 5979
8455 9012
5613 6579
8040 8876
4454 5462
7676 8185
5284 7588
5794 9673
4655 6360
4669 4785
7255 8374
5182 5513
9095 9144
4395 5709
4549 8486
6474 8286
5313 6022
6304 6810
4216 4450
7248 9766
6639 8006
5594 7233
4101 4584
6376 8916
7671 7808
8394 9005
7160 9717
7560 9541
8209 8373
6083 7008
5851 8440
4462 7260
6354 8773
6255 6551
5174 5542
6092 8483
4289 7822
8514 8808
7150 8892
5522 5833
7274 9754
6988 7475
4108 8505
4395 8522
4268 6850
5545 5914
6858 7121
6261 8990
4535 9504
4935 9749
6256 8662
5934 7786
5172 5656
7545 8946
7508 9689
5597 8561
4732 7360
7860 8627
5461 9443
4170 6558
4270 9164
4679 9064
7585 9262
9017 9198
4237 5232
7040 8578
7479 9128
8503 9200
4668 9528
5104 7232
6176 6690
7661 7730
6941 8924
7975 8035
4097 9223
7097 8577
5482 9260
4402 4562
4823 6561
5482 6315
5597 7386
6089 7586
4140 4670
6237 8344
5250 8670
4267 7020
5311 6116
4676 4984
5696 7998
4599 6825
6527 8125
4516 5683
5157 7527
4201 5184
6283 9408
8147 8535
5900 9280
8857 8993
7062 7064
6571 8565
5008 9122
4957 8011
6740 8864
6447 9111
7035 8831
5090 6720
4796 5384
4176 5064
6507 8346
6802 9387
5390 6090
6261 7035
5123 6434
6458 8777
6112 8238
6163 8281
5499 5809
4784 6055
4422 5504
7658 8842
7715 9389
4919 9174
4530 4699
7414 7901
7642 9742
6547 8602
5478 6243
7461 7785
7267 9053
5467 7630
4877 4929
4836 8851
8266 8474
4422 6792
6073 7673
8901 9306
5349 6448
8553 9397
5338 7034
5952 6860
7236 9538
7277 9218
5482 7498
4739 8523
7608 8286
6367 9024
5130 6322
7860 9306
5381 5882
4969 9310
4350 9101
4776 6087
5764 7697
7274 8819
4111 5307
5699 5760
7690 7922
5915 9211
4692 5215
5687 6088
5551 5624
4938 8625
6453 8951
4480 6245
5466 8368
5069 6360
7264 8609
5298 6042
7888 8369
4756 4757
5454 5788
5309 8442
6110 9175
8331 9288
6215 7594
7231 9671
7443 9435
8307 8604
5196 8945
5417 6224
4264 8058
6509 9031
7805 8935
5127 6433
6023 6386
5695 7174
6221 8799
5646 8785
4587 8025
4859 7911
6810 9564
7758 9548
5805 9421
5276 6011
5582 7773
4357 7186
4608 8856
4137 5966
5060 6695
6590 8022
7543 9067
7974 8439
6451 6557
4938 7619
7529 9743
5988 7004
5600 8692
6422 9082
7425 7688
8672 8895
6360 8358
8037 8918
7964 9434
5966 7892
7670 8038
6752 8444
5139 7809
4101 9593
5911 7177
5058 6561
4408 5446
7624 9009
7268 8570
5367 7604
8625 8920
4230 5918
4239 7004
9503 9718
5657 7560
5357 6046
5511 6530
5855 5951
6932 9129
5567 8432
4794 8770
7815 8343
4239 8261
4415 6383
4707 9288
5338 6742
8967 9178
6081 8440
6584 7319
7361 7364
4140 5212
4163 9748
6419 8254
4590 5141
5527 7009
5669 9677
6825 8102
4540 5366
5350 7690
8669 9517
7378 9038
5275 6801
4449 8252
5870 8235
4122 5105
5638 8810
7514 9440
5332 6324
8406 9648
5890 6054
5439 5591
7010 8078
4935 9513
4251 4497
6070 8332
5825 6910
8049 9001
5199 8787
5918 6348
4527 7591
6802 9318
6848 9592
4451 5801
4992 5277
7611 8807
8190 9095
4798 4817
5490 8011
4164 7602
6306 7944
5547 6707
6816 7304
5095 7022
4764 6618
6092 8108
4446 9339
8465 9243
5717 6744
6494 9742
4496 8205
5374 8761
4713 7521
7478 9753
6421 7734
6055 9637
4214 9447
4212 4538
8280 9350
7114 7585
7170 7651
4502 8394
7466 8273
4740 8518
5946 6110
7537 9023
5312 7936
5426 5705
5710 5796
4147 8632
5498 9303
6380 9590
8092 8375
4809 6404
5543 9196
7090 7094
7510 8243
7178 8054
6400 7244
7424 8388
4623 5222
6597 8819
6114 7414
6556 8161
7031 8858
6382 8233
5571 8018
5292 8399
5150 7553
4571 8840
7278 9706
4127 5095
5074 6750
4201 5288
6170 7256
5336 6457
6707 9213
5628 5952
9208 9251
5030 6076
5840 7590
9274 9586
4163 6224
4310 9198
5235 8857
4581 6999
6771 9034
5597 9720
5370 7024
4142 7241
6800 7826
4410 6207
5516 9357
6392 9329
4389 4565
4980 5326
7725 9618
6022 8981
4179 6377
4110 4975
5586 5933
6016 9491
7222 8832
5189 5825
8950 9518
4339 7913
5067 6497
5354 8869
5344 6521
8393 9318
7946 9633
5411 5429
4110 9267
4764 6365
7491 9243
4140 6925
4285 8937
5339 9314
8812 9296
7680 8683
6064 7655
7801 8861
4140 4636
5321 5484
5524 8479
7027 8326
5611 6813
6048 9736
6976 7786
7540 9166
6207 6533
4463 6877
6625 8355
4738 6823
7635 7915
6090 7256
5482 8112
7000 7924
5612 6553
4528 5962
5893 6983
6529 7651
4117 7334
5322 8164
8422 9585
6559 8490
6230 9206
4205 5598
5721 6839
5689 7099
5626 9402
8024 8662
5983 7743
8011 9095
5430 7611
6043 8503
4114 5748
6502 8418
6047 6682
8269 9249
7541 8284
5697 9222
4880 8818
5634 8814
5346 8469
5599 9730
4824 7945
4776 8033
4697 9554
6971 8404
5982 8949
5762 8836
5092 9245
5185 6601
4319 4650
8304 8763
5615 7174
5954 8747
4521 7440
6326 8783
7080 7671
4612 5072
5254 8695
7188 9499
4897 5735
5517 8058
4466 6319
5310 8512
4749 6022
5406 9280
4150 8499
8016 8402
4866 6051
5659 6564
4105 4626
9346 9580
5182 8339
6269 9601
5467 7613
7404 8495
5441 8363
4761 7246
6034 7587
4747 8484
7743 9526
8059 9206
6347 7445
6661 7031
4469 8008
5911 6663
9283 9297
5051 8120
5430 6572
4427 6494
8164 9189
5832 9006
5376 7530
4856 5578
5398 9129
6107 8652
4309 6298
5780 7846
8218 9174
6389 7412
4439 9530
5520 9569
4196 6216
7832 8865
5680 7406
5917 7130
4892 5665
5001 6206
8731 9132
4274 9400
4448 8831
4438 4564
9008 9094
4298 4298
6711 9393
4884 7219
7199 9359
4756 4845
8642 9133
4233 9278
7922 7926
8823 9514
6207 9703
8567 8875
4433 5446
8906 9216
5488 9183
5604 7144
5753 8457
6980 9025
4304 6476
4288 9367
4746 7906
7307 9128
4620 8925
5360 5865
4589 6825
5853 8964
6350 6482
6414 8410
5610 9078
4645 8074
5251 7057
4581 4771
7114 8693
4428 4681
5057 9024
8473 9766
4220 6075
4333 8296
7345 8836
5723 7248
6951 9754
4494 7263
5450 5972
7865 8335
5028 8869
4501 8169
8386 9186
7481 8230
5697 7901
6193 9437
4363 7181
7192 8723
4776 7954
7746 9694
7218 7375
4425 7480
4106 5284
4710 8484
6321 6880
5962 8816
6615 9279
9353 9648
5260 6385
7446 9628
5086 5859
4379 8201
6732 7987
4175 6198
5415 6489
5570 6257
5543 7912
5742 7381
5082 6110
4831 7053
4303 4695
4414 9313
7539 9679
7901 8730
4976 9176
5292 7147
8267 8429
7303 7479
5582 5697
5248 8639
5938 9045
4771 6858
8576 9421
5605 7060
5052 7308
6394 9295
6263 6660
4118 5602
6058 8848
5545 6543
4262 7599
4561 7860
5399 9070
6856 8138
6282 6915
5058 7180
4448 5867
4477 8963
5428 5940
8078 9633
5587 8483
5466 5904
7124 9078
6002 9663
5442 5648
5370 7952
5433 7312
8167 8395
7107 9255
4504 6901
7209 9412
4214 4366
9219 9697
5089 6832
4100 6552
4802 9518
4208 8250
5970 7309
5760 9475
9144 9656
5209 8733
6349 8172
6156 8981
4352 4748
5454 6213
8096 8728
6458 9277
4892 9458
5446 9349
5411 7113
5023 8857
6350 7068
5529 7883
7409 8278
4373 6813
6331 8197
4919 7445
9368 9624
8332 8670
5117 7955
7886 8479
5279 7825
6598 9256
7403 9384
7416 9556
5769 7046
7210 9002
6926 8824
5572 5649
5203 8559
8870 9189
5075 7567
5911 8805
4625 8390
4819 7796
5014 7283
4132 7482
8080 8604
4546 9106
9028 9198
4505 7061
8911 9550
5801 9035
8704 9453
4692 5547
5971 8137
6193 9675
6936 8903
6512 8134
5092 8784
5584 9027
6535 7116
7123 7288
5186 5905
8595 9117
5453 8895
5076 7076
4829 7023
6633 8399
4201 7614
6285 7793
4694 8629
6994 7407
8443 8936
5414 5715
7244 8262
4383 7043
4547 9139
6899 7110
4751 8654
7434 8006
5949 9673
6711 9631
6011 6763
9126 9563
4709 4817
4655 9444
7130 8478
5722 6874
8901 9554
6699 7902
8007 9539
5537 7893
8246 9019
5219 7722
6016 8089
4509 9261
4387 8088
8457 8901
4219 6996
7504 7521
8133 8351
6996 9624
6507 8142
5478 7376
7263 7925
7460 8157
4126 5711
6298 7905
6379 7695
8477 8664
5196 8407
4475 5787
4984 7890
6077 6717
7863 8222
7435 8885
4249 8501
5026 9227
5572 7781
8377 8696
8344 9395
4952 5893
6185 7825
6657 9754
6603 7853
5234 5477
7820 8615
7205 8614
5223 6371
4984 5927
5926 8356
7789 9375
6063 8012
7435 8104
5097 7609
6862 7686
8913 9176
5151 5496
4522 5623
4649 7146
6609 9014
8229 9061
4264 8572
6587 8607
5061 6883
5366 9044
5059 9705
4438 7366
6064 8232
4672 7068
4313 6387
4437 5160
9258 9298
5720 6283
6899 8855
5167 9602
4987 5428
4788 8538
6287 9077
4486 6075
4903 9128
7366 8581
5776 9205
4695 5490
5728 6435
5012 5946
4182 7401
4731 7353
7635 7675
4809 7894
4980 6618
5733 5997
4161 6470
6421 6702
5037 8508
6463 6487
4265 9631
7169 9296
5854 5997
4670 7489
6554 9741
5924 6361
4809 9742
5083 8681
6039 7630
5017 7300
8437 9549
5737 6700
6952 9089
4376 7193
8240 8537
6036 6309
6044 6410
6569 7739
5310 8841
7647 8184
5162 6018
7357 8320
5916 6666
4231 9105
6425 8671
6744 6759
8909 9502
4662 5145
5423 6720
4951 8464
8056 8182
5742 6896
8703 9726
6746 7588
6212 8830
5273 7834
5486 5911
5256 9732
4451 7652
4484 5746
6026 7785
6757 6949
4544 9326
7740 8086
6050 6178
8546 8790
4760 6948
6472 9543
6619 7449
8711 9263
8873 8901
6725 9289
7648 9633
5612 7456
5475 5515
8428 9446
4724 4850
8750 9317
4179 8351
4271 5979
6266 7478
5993 9286
6208 7065
5709 9281
4189 9236
8649 9759
6527 9633
6167 6787
7881 8383
6713 7551
6482 8372
4133 8599
4936 6769
6554 7259
8315 9329
4401 6222
8758 9243
4736 7358
5977 9312
8445 8806
5785 8309
5629 6785
7171 8479
7132 8558
4537 5089
5788 9350
6870 7911
6280 8256
6716 9563
6837 7250
7105 8361
5366 7005
7474 9211
6747 8583
4443 8651
6076 7619
6147 6981
5530 8344
4622 8402
4853 5460
4737 8761
5324 7424
5137 7278
7228 8977
5121 9098
7088 7845
6379 8703
4284 6484
4915 5779
5756 8941
7225 9420
4306 4462
4119 8881
6628 6732
5484 5691
4544 4898
7065 9765
7208 7978
4711 4977
9585 9712
5003 7960
7156 9554
7358 9133
5742 7926
8804 9269
5515 6835
7391 8744
4549 7704
5701 7145
6158 7093
6888 7700
6439 9133
5962 6426
5569 7057
6428 7182
8105 8309
6382 6575
6282 8720
4300 6314
5801 7190
4777 6972
6801 7683
7704 9547
4266 9534
4283 6362
7749 8056
6574 7045
4681 8342
6901 7281
6978 9662
4250 6237
4976 7711
5258 5265
5061 7378
6471 7912
4361 7869
6159 9349
4617 8200
4757 6218
6778 9347
4956 5969
4857 7164
5597 6775
4386 6806
6874 7581
7257 8559
6045 6103
8047 9108
5394 9469
5960 6881
4188 9658
5692 6819
5961 8443
4502 7878
7057 8376
5214 5364
7099 9436
9546 9763
4858 7623
4395 6798
4360 9495
7256 8388
4566 4664
5330 7877
6750 7807
5820 6391
6441 8747
5899 9696
4247 4461
6589 8250
8910 9486
7703 9569
4731 5879
5519 6455
8110 8810
4528 6193
5685 8459
8047 8498
4315 6219
6477 9405
6786 7210
5781 7562
4849 7949
6974 9142
5251 8770
5974 7822
7734 8010
5209 5421
7403 8725
4708 5166
4984 9344
5391 6747
5879 7017
5645 6074
5552 6113
5103 5572
6164 7817
7209 8314
5385 5394
4862 6696
8157 9706
6707 8006
8031 9144
4101 9736
4563 6243
4515 5884
5785 7877
8763 9607
5793 8059
4929 5188
4729 8217
5815 7094
4793 5982
7122 8200
8013 8113
5197 7730
5933 6176
5009 6480
5382 6584
5805 7859
4911 6008
4537 6896
7714 9090
5193 5219
7930 8972
5828 7238
7523 8843
6271 6413
7393 8944
4796 9710
4773 8896
5954 6111
7144 9422
6281 8778
5705 8611
6101 6584
5248 7163
7735 9078
6977 9372
7953 9544
7899 9191
4296 9087
5545 9305
5042 7551
4349 4838
6764 8739
6398 9012
4280 6793
7098 9639
4244 4821
4108 5507
7198 8802
5895 8239
4312 5379
8627 9494
5370 5607
8720 8826
5480 5776
4799 9076
5474 7231
8869 8895
7512 7571
9020 9362
9365 9399
4645 8427
4788 5280
5534 9177
5792 8554
5752 9728
6299 7886
6071 6388
8160 8302
5796 7606
5665 5775
4483 9097
6648 6798
4630 6004
6870 9475
4984 6321
4241 7833
5985 8448
5114 8663
4740 4865
4933 5490
4992 8199
6044 8029
4710 8551
5608 7049
6617 7170
6338 7310
5207 9684
7447 8634
4782 6655
5823 6491
6507 7108
5709 9112
4393 6849
4393 7360
5038 6646
4679 8361
6008 6321
4548 5567
5197 8580
6554 8078
6891 8979
6252 7914
7084 8407
5612 6130
4823 8915
4220 4588
6145 8038
8492 8936
5611 7914
4859 8986
6780 8922
6393 9763
5566 6921
4560 6039
5613 7168
7227 8676
4732 8673
5829 8785
4300 8780
6073 6925
4362 8727
5269 8417
5165 8237
6521 7168
4157 4994
5729 8800
6564 7240
4113 8377
4960 8055
9030 9431
4141 7124
5768 6225
8393 9435
8417 9223
7254 9099
6764 7717
5431 6309
6488 7889
6631 7510
5034 8360
8383 9168
7439 7586
6534 8429
6961 9278
7489 7547
6921 8983
8404 8544
4401 7353
6864 9642
6055 9271
7966 9530
4297 5289
5667 8697
5353 8776
7679 7786
4403 9378
4109 5284
9073 9461
7092 8786
7188 8358
4690 7193
6273 7005
5596 7905
4176 9205
6038 6981
4269 5704
4973 4991
5101 6061
5251 6889
4689 7979
6440 8827
4613 9340
5005 8455
4178 7307
6252 8156
6371 9242
5591 8960
7993 8880
7584 8676
4381 6582
4107 5115
7923 9331
5009 6368
6101 7001
6756 8214
5462 9657
4122 5233
4595 9547
4445 7960
6111 8902
4246 7473
4344 8126
4577 8294
5184 7643
4861 7665
6157 9000
5821 8742
6547 7069
6092 7918
6657 7244
4157 7614
5350 8393
4456 7246
7555 8608
7460 8103
6113 7130
5535 6947
6785 7700
7431 8585
4507 5154
4991 6227
5408 7743
6658 9225
4608 9567
5054 7742
4493 8468
5095 7991
6174 8580
7891 9622
5489 9576
5230 6365
5148 5637
4132 8716
5158 5267
4841 7194
7027 8738
7313 7799
4544 5692
4831 7760
4353 5830
6463 9564
4118 9435
6876 7896
5964 6691
5631 8741
7339 7766
4630 7822
5782 7085
5622 7135
8320 9732
6955 9017
4611 5869
7074 8085
9289 9558
4432 8857
7121 9372
9729 9738
4515 5475
5810 6040
4313 8250
4165 6693
7296 9102
5643 7805
5294 6710
4821 5120
4390 8419
7496 8237
8470 9214
5119 6655
5987 9221
4234 7653
4761 7925
4698 7458
7370 7926
8249 8740
8508 9766
4395 9420
6257 9557
4900 6283
4243 7900
5058 7039
6115 6466
7844 9393
4396 4471
5393 8515
8049 9376
9137 9682
7175 9437
5568 6440
4824 5015
4314 4432
7015 9228
4293 6675
4512 9400
4173 7879
5554 7236
4355 6481
7289 8066
4910 7687
4497 7071
4575 6645
5100 6157
9023 9229
5436 6147
5768 6715
6894 8697
4575 6997
6279 7708
6195 8397
5572 5770
8059 8338
7816 8954
8016 9761
7278 8234
8367 8856
6487 7743
6094 6640
4738 5628
7599 9679
5047 5434
5099 7223
9651 9707
4163 4613
5785 5818
6572 7481
6713 7320
6301 7965
5922 8803
4731 4860
6314 6804
4397 8777
4898 7873
7562 9688
5483 8007
6812 7110
5696 8490
4544 7757
5081 6601
7571 8473
6369 9101
4810 9650
5213 8751
6811 9129
7653 9204
5954 6066
7958 8912
4785 9334
6013 6316
6046 6724
4525 5002
5840 9171
4581 8163
7844 8663
5655 9761
6932 9402
5718 9761
4384 6513
5868 8538
5951 9734
7416 8049
6909 9116
4189 4696
6660 9303
5915 9047
4811 5767
4313 7038
6575 7774
5922 6017
5845 8468
6705 9170
5735 9384
6673 7085
5919 7070
5400 7886
6693 6790
9051 9316
5862 9395
5907 6784
6421 7912
5223 8102
6017 6789
5047 5319
6247 7706
8640 9167
4290 9329
7046 8834
8897 9398
6359 7779
5312 9056
4823 5323
7399 9517
6086 6391
8481 9365
5850 9211
4319 4768
7356 7434
4892 6859
7682 8531
4793 5925
4695 5324
5945 7245
4734 6230
5274 8001
5496 7242
4885 8493
5122 7344
5800 9225
6067 7597
6176 9743
4302 4989
6690 9705
6840 8080
4955 6882
4716 9006
7232 7969
5855 9311
6815 9414
4460 7932
5782 7282
4913 5026
5057 6535
5229 7249
4289 4516
5766 6104
4180 4858
6446 7191
6981 8843
7805 8064
4113 6099
5953 6803
7644 8320
4654 6860
4357 5787
6186 7401
5322 8642
5278 8533
4303 8832
4322 8940
8057 9215
6178 9126
4798 6596
6353 9053
6676 7439
5364 9212
7655 8395
6948 9411
4574 4908
6278 8176
5592 7770
5996 8784
5775 7549
7096 7668
7830 9057
9608 9717
5941 7808
5988 7865
6839 7202
9237 9678
4179 4558
4473 8589
5302 6128
7459 8166
6958 7400
4252 7450
4925 5881
8405 9429
4787 6060
5477 5576
5730 6253
6344 8995
5919 5980
4383 7591
4566 9077
7079 7843
7971 8006
6574 8868
4933 7504
6879 8176
4135 6193
6096 8744
7260 8741
4405 4857
5049 9038
5071 7704
5793 8852
4729 7658
7836 7994
4441 5477
7699 8336
4250 4371
6375 8381
4471 6573
6017 8640
4161 8590
5369 9605
6188 6686
4097 9007
7409 8981
4316 7705
6353 7248
5712 9038
6954 9197
4715 6061
7359 8277
6297 8243
7521 8037
8001 8394
7679 8042
5308 6256
8315 9023
4534 9404
4727 8951
4955 6095
7723 9538
4193 8643
4707 8657
4743 9145
5096 5141
7845 8928
7233 9582
8561 8902
6838 8487
4441 9255
4181 8091
4907 6680
5865 6240
5339 9664
4146 5008
6401 6947
6589 8367
7337 9381
5186 7436
6273 6943
7358 8531
5747 7642
6635 8332
5761 9558
4672 7849
6494 9590
5487 6428
7662 8783
5736 9142
5433 6593
8178 8862
5428 6854
7062 7145
7196 8138
5271 8721
6100 7307
4446 4590
4751 4958
8150 9023
6677 8159
5051 9501
7002 8606
5925 7455
7790 8504
6931 9304
7435 7525
6129 6459
4981 6599
4222 7663
6943 7985
8471 8537
6921 8420
8844 8945
7513 9496
6203 6758
5734 6795
8111 9636
7376 9703
7157 9277
4464 5680
4914 8246
6212 6848
5872 6428
7187 8660
7546 7939
6403 9418
8347 8952
4870 7409
8418 9443
7533 9487
7509 8496
6477 7276
5492 9380
4137 8430
7294 8958
4846 6015
4163 6549
5724 6407
6271 7548
5095 8284
7763 7991
5078 6306
5089 6254
4612 6756
4250 7997
4353 7750
4897 6289
6620 9299
5692 9726
6550 9580
4206 8670
5033 7161
7315 7803
5330 7124
6286 7867
6418 7899
9248 9742
4582 8664
5370 6908
7222 9086
7379 8872
7939 7939
5351 8479
7511 7555
4639 6696
4118 8734
4253 5179
5372 7371
8156 8814
4108 5632
4474 6004
4680 8878
4975 9246
4439 5297
4215 5174
6612 9276
6327 7630
7550 9721
5021 6439
8384 9010
4735 7987
4163 7892
6298 6997
5414 8740
5734 6689
6021 8915
4619 8597
6950 7457
5057 7030
6138 6444
5465 8722
4651 5479
8863 9755
7619 9682
5844 8594
6040 7028
5935 8103
4606 6859
8271 9609
5383 8375
6401 7982
6649 7825
7738 9209
4988 7425
4999 9141
7113 8129
5644 7791
5973 9059
6908 8898
4950 7290
5361 9277
5259 8327
4933 8945
4935 8100
5377 9204
4318 8666
6034 8598
5945 9121
7971 8161
6969 8797
4230 9088
6807 7605
8731 8757
4967 7823
6358 7916
8525 8550
5625 7299
7377 9678
5831 6056
5852 8307
4659 7918
5055 6026
5757 6104
7554 8075
7809 7960
5937 8471
4893 7637
6126 6821
7855 9371
4193 7574
4236 7749
5267 8965
4763 8870
5296 5907
5096 9134
4591 8327
9567 9688
4871 5136
6493 8117
6557 9660
7231 8581
4405 6242
5448 9763
5444 9689
6308 8160
6486 9648
4459 9043
7461 8058
5444 6534
5351 6330
4280 6955
8223 9728
5234 7003
4955 7727
6250 8929
6419 6650
5138 8341
5299 7098
7477 9064
4101 6028
4527 8494
7932 8011
5817 6279
6414 7988
6762 7281
4200 5736
6026 7857
7621 8244
9270 9397
5624 8160
7273 8579
7554 9134
8471 8476
7545 9070
6784 7557
4996 8133
4274 8129
5722 8496
4581 9464
4316 8227
4140 6427
5308 6161
6107 7112
4389 9254
7633 9516
5444 6338
6385 8072
7928 9214
6066 8922
6724 6834
4898 7919
6145 7579
5266 8992
6622 8959
4258 6525
5179 8160
5320 6841
7331 9455
8307 8912
5391 8679
5646 8047
4660 4685
6126 8451
4490 4766
6127 8052
5202 9093
4453 9229
6767 8643
7978 8439
6092 6267
5076 8605
5232 5730
6128 9418
4501 8335
8840 9739
4310 6308
6965 8928
6930 9738
4604 9525
7047 9761
4895 6389
7659 8966
5943 6860
5853 7715
7273 9618
4114 4829
5105 7515
6410 9264
6905 8183
6133 8964
7300 9140
5348 8613
5490 9002
4507 4582
4276 8786
5779 6561
7200 8042
7458 7674
8120 8746
6937 7945
4428 8471
6066 8806
8871 9602
9119 9285
7136 7399
4760 9521
5869 8512
4287 7052
4282 7150
6455 9615
6790 8048
7449 9420
8600 8916
6465 6877
7426 9055
6881 9240
4166 9706
6094 6502
6829 7643
4137 6374
7011 7961
5553 5902
6269 8355
6459 9395
5118 5956
7680 9726
8864 9604
5386 7217
4646 8543
4691 5788
4179 7788
4579 6583
5804 8228
5584 8156
6400 8424
4322 7777
8301 8535
6716 7502
5430 8859
5950 6488
4519 5679
4540 7955
6165 8499
4387 7694
6129 7155
5129 6609
8580 9178
4883 6069
5634 7792
5562 8490
4327 7897
4483 9759
7097 9410
5075 8356
5445 7983
4881 6023
4153 4636
5113 6979
4104 4469
5114 7179
5515 6666
4533 6972
5228 9661
8651 8832
7818 9185
4285 9123
5290 9765
7502 8264
5073 7103
6768 8623
6037 6248
5736 6322
4751 6911
4329 8158
4122 4226
7240 9649
6743 8533
8065 8129
6892 8101
6576 7663
4723 6129
8355 8888
6523 9657
4959 6811
5428 8036
9096 9745
6279 9090
4762 6638
6144 9456
4672 6485
4901 8570
4778 6712
4105 5484
5126 7672
5922 6484
6041 6388
4922 4982
6526 8133
9347 9480
8528 9099
4280 6122
6660 8671
4580 5258
5688 8985
8063 8605
7436 8505
4517 5115
5939 7063
5739 6547
5877 6337
7137 8612
4782 7515
7776 8539
7707 9583
7239 7842
4656 8666
5114 7058
8008 9511
5168 9545
4720 7668
7634 9353
4496 9670
4967 5494
6051 6786
5123 5569
6263 7386
6716 7223
4927 8250
4218 4443
5105 8173
6583 7589
4473 7639
4436 7492
5787 8513
7212 7695
7264 8710
6404 9308
5483 9742
5937 7624
5116 7493
5452 9129
8041 8762
6746 6857
4278 8696
7649 8589
6879 9639
6126 8868
4104 6860
4800 8998
6846 7086
5040 8534
4824 9563
5630 6611
7533 7866
4134 9652
6026 8728
5687 7409
5793 7972
6021 7823
4290 5149
6624 6662
7002 7847
7660 8509
6620 9477
4388 7225
9180 9706
6376 7982
7456 8648
6077 6312
6861 9700
7544 8174
4286 7967
6406 9373
7618 7922
4474 5874
6008 8792
5898 8622
6696 9454
7920 8372
5142 8992
6610 8951
6645 7881
6443 9005
8009 8762
7186 9403
6430 6997
5521 6235
4521 6545
5832 9403
4626 4938
4758 8947
5240 8450
5736 8927
6642 8924
4944 8573
7538 7582
8463 9243
4928 5702
4508 7920
5587 5956
7562 8063
7167 9338
6686 8413
7308 9139
4129 5933
6318 8333
4692 8566
4777 5806
6349 7480
7218 8317
4934 7158
6759 8347
5702 6509
5525 6666
6260 6499
4433 8868
4612 9460
6177 6509
4554 6423
5171 8165
8061 9142
4567 7612
4353 7226
5073 7178
4940 7511
6459 8250
4288 6494
5454 9044
4105 8319
8274 9665
7933 9164
5256 6138
6450 9663
5716 9698
6959 9381
4219 5863
5943 9550
5129 7941
5951 9021
8102 8985
4129 6775
5671 6353
6394 7188
9257 9602
7840 8148
4275 5363
8769 9602
7670 9420
4626 6238
4342 9468
5560 8196
4641 7702
4421 5585
6615 7533
6717 6978
5804 8729
7226 8585
7830 9421
6272 8533
8594 8700
6575 9345
7335 8239
5754 9244
5009 7526
5801 6151
6793 8403
6976 8719
5563 6270
4307 5657
4120 6281
5391 7414
7677 9721
9129 9514
7770 7864
4375 7104
5623 6611
6524 8921
6875 7287
6251 8915
4159 4824
5140 9719
6076 6686
5367 5791
9098 9474
6365 6780
5185 7302
6286 8878
5345 8716
5175 6478
4907 9202
5864 6956
4662 7701
4584 8418
5896 9682
6443 7791
5945 6583
4180 6190
7567 7892
5175 7056
4134 4136
6202 7170
6355 9053
8479 8524
5799 6773
7583 8292
6241 8517
5636 8044
5844 6685
4849 7451
4471 7436
7110 8601
6482 8145
7474 9693
7448 8563
6927 7010
8196 8719
6569 8173
5271 9669
4601 5630
6373 8965
5729 9373
4440 9165
5036 8157
4331 5608
7174 8305
5962 6380
6062 9499
4644 6806
8203 8447
4596 5818
5757 8467
5691 7623
4581 8584
4380 8161
5427 8170
5182 6149
4174 8429
6076 8285
5302 6907
8608 9574
6729 8987
6934 7432
5044 6167
7171 8647
4578 6143
5927 7796
6574 7014
6911 9741
7161 7314
4985 6643
4701 5835
5964 7677
4312 6805
6770 9150
6095 8290
4594 8865
5437 8582
5641 9532
8122 9346
6099 8748
4521 8155
4443 9592
5893 6418
7962 9189
6564 6846
5360 7067
6542 8993
4922 9168
6132 6349
6763 8308
7697 8917
8297 9034
5839 9278
7810 7846
6608 7912
8404 8759
5305 5566
4280 4299
4940 8540
4137 7911
8917 9722
8890 9145
4916 8264
5316 6546
4805 6427
6101 9027
6738 9429
7274 8067
4800 8828
6584 7957
4100 4449
6811 7027
5077 5641
8096 9013
5075 9161
8466 8731
4588 7523
4446 8318
4904 7228
5099 9131
4498 7941
4830 8019
4671 8342
6277 7544
4643 5072
5528 7813
8121 8222
6204 9768
7429 8633
4295 7220
8337 8761
5263 5803
5196 9273
5258 6589
6643 6828
4969 7806
6663 8055
4143 7282
7374 7568
4224 4583
9296 9512
4547 5489
4602 9371
4159 7227
5903 6494
4837 9645
6870 9180
6072 6426
6088 9365
4331 6619
4425 5183
7311 7689
5639 5852
7847 8322
7335 8460
4466 5632
4242 6795
7185 9418
5312 9427
5994 6534
5573 8889
4644 8364
6617 8044
4799 5821
6785 8130
4238 9173
7671 8696
6584 9279
4297 6173
4826 7810
4251 6740
4284 6826
5308 7345
7221 8604
5007 8243
4152 7974
5466 6463
4877 5375
8283 8833
4759 5243
4525 5407
7194 8047
6945 7966
7383 7592
7127 8580
7538 9317
7134 8366
5176 6269
5276 9718
6387 7475
7337 7941
4214 4882
7795 9612
6426 6779
8649 8905
6019 7011
6958 7661
5542 8937
5300 9102
8049 8211
4692 6593
6976 7628
8434 9101
6366 6481
6040 8538
5128 8441
5016 6447
6094 8489
5136 6805
4779 5851
7257 8274
7907 9124
8286 8710
7586 9567
5959 6884
5363 7950
5488 7033
6672 8611
6456 6472
5419 9660
6348 6659
8243 9040
7894 8186
9474 9515
6231 7864
6232 7129
4474 9184
5977 7121
4746 9253
7109 8927
7111 7740
7002 7838
8356 9358
7898 9567
7827 9758
5326 7890
6579 8979
7857 9032
4577 6585
5729 6321
6390 8614
6294 7757
6606 8509
4836 5264
6905 8608
4734 8287
8140 9449
5938 6364
6759 8855
4541 5993
7418 7980
6783 9181
6506 8013
6207 6643
5621 7125
6751 8299
6497 8625
8731 8935
6446 8044
7163 7837
7323 8307
6179 7874
5056 7485
7670 7712
5592 6065
5055 8768
4865 7501
5193 9353
7139 8325
4590 4837
5256 9139
5015 5047
5533 6342
5500 8977
7335 9360
4630 5425
4215 6099
5577 7262
7599 8671
8335 9582
6142 6749
4263 8252
4782 7759
5796 6339
6171 6483
5148 8204
4704 7961
4569 9269
4915 9400
4680 6318
8267 9078
4492 6808
6361 6575
5837 7549
4281 6340
6100 6266
6826 9067
5754 8214
5943 7858
6759 7813
6024 7330
4103 5289
5838 5891
7295 9469
6637 8219
5298 7276
4781 7115
7063 7310
7037 8146
6328 9753
4867 6764
4449 5577
5710 6428
6102 7419
7999 8246
5325 6803
5178 6473
6653 8027
4294 7808
8193 8292
5891 8446
7697 7839
4310 8706
5144 8499
4312 9749
4254 4598
5157 6665
4762 5150
5928 8321
4778 4951
4481 5694
5366 5616
8141 9541
6166 9610
5316 9625
6873 9013
4315 7706
4908 6337
6064 7440
4385 6724
5282 5287
5481 9276
4846 8097
4114 6032
7411 8604
4551 9209
8904 9427
6976 7130
5459 6198
5538 8711
7830 8490
5641 9158
7071 9103
4499 7790
5615 8678
7523 7732
5055 5705
4947 5315
4741 6928
6330 9684
5885 6046
7367 9287
7349 8819
6815 8353
4866 8546
6426 8808
7372 8764
4654 6674
6153 9714
6286 8259
6624 7496
5747 7769
7395 7858
6959 7536
4554 9591
5922 8201
8399 9728
6783 7234
4745 8123
7553 7639
5754 8818
5497 8873
9033 9214
5733 6229
5705 7914
6746 9296
6460 9246
7278 9502
4183 6389
8151 8939
5102 9681
4835 7653
5769 8062
4250 6069
6939 7311
8465 8862
6806 7688
6568 9724
5760 8412
6162 6375
6674 8337
5125 8024
8984 9532
4265 5745
4545 8253
4321 6337
8084 8179
4638 6746
6063 8132
4451 8128
4100 4922
4691 8388
5364 9567
6056 6512
5559 9601
4415 4573
5717 5975
5212 7709
5474 8375
5302 7707
6202 8069
7664 7670
6119 9247
7480 9632
5996 7846
4678 6075
5625 7230
6773 8096
5841 8323
7051 7786
5936 7513
6152 8831
5177 8299
6152 6349
7575 9108
6145 9216
7492 9188
7499 9398
7661 8005
4712 7400
4904 9592
8709 9756
4156 7415
4196 8392
5581 5634
5520 7796
4868 6198
5910 9752
6323 7587
4872 6936
4405 7941
5916 8059
7525 9466
7825 9001
8249 9680
8654 9727
4380 9764
7596 9626
8214 9627
5524 7162
8094 9487
4984 6307
6407 8276
4969 7250
5352 7140
5062 6569
5651 9008
6365 8805
4834 9026
5031 7442
8469 9338
7613 8831
5614 5718
4252 9539
8219 9365
6129 7828
7023 8056
7386 7472
4304 4995
4925 9082
4643 6419
6598 7146
7100 9501
8114 8828
5676 7299
6426 9386
4384 5906
4098 8418
8297 8527
5186 5447
6379 7301
5423 5501
8342 9635
5804 6896
6939 7217
9080 9633
5750 8278
8086 9701
7734 8567
7956 9442
6734 9647
4247 8987
5948 7966
5709 7640
4679 6506
7864 7896
5005 8324
5300 8900
8083 8682
8711 9338
5366 6616
5041 6222
6101 9418
7667 7964
4142 4887
6394 9351
6707 9622
5328 8951
4422 4740
7305 9662
7564 8109
6315 8993
7910 8709
6183 6885
7855 8117
4723 8035
7019 8173
6187 9367
4323 7983
5503 6678
6674 7420
4207 7038
6491 8892
8111 9402
6675 7086
7008 7516
6509 7377
4860 6239
4753 7087
5609 7413
6657 9659
5801 6229
4458 5541
7238 7776
7960 8944
6419 9625
6650 7606
6200 8733
4945 7724
8306 9081
8926 9620
5029 7678
5353 8626
6448 9374
4827 6913
7380 9427
5779 6597
5553 9626
5804 7614
6127 6744
4338 7037
4179 6748
6749 9685
4482 5479
4236 4750
7049 8058
7255 8468
5665 8137
4887 7478
4205 7057
9173 9515
6032 7882
5790 9736
8092 8883
8186 8252
6853 7402
4838 8895
6393 6738
4452 5501
6068 7715
7031 7168
6895 8220
5043 6258
6727 9528
5520 6765
5373 9370
4111 5017
5319 7925
5638 6817
6426 6983
8836 8984
7040 7922
5950 7223
4416 6994
5116 5968
6549 9373
5703 5946
4599 9605
9131 9499
7167 9430
4705 8875
5634 8941
6286 9723
8707 9445
5052 5617
4300 7883
7098 7440
5439 9183
6675 8478
5409 6939
5744 9597
5147 7053
4759 8124
4831 6101
4754 8281
8636 8859
9424 9453
5227 9758
6066 6440
5766 7583
7391 9068
9405 9710
5438 8227
4443 9017
5876 9535
7177 9149
8689 9672
6797 9193
5722 7030
8574 9480
7728 9457
6404 8820
4147 5981
6605 8211
7661 9174
7207 8442
4253 5698
4691 6768
4761 6017
5453 7295
6635 7697
4424 6220
5711 7956
7149 7586
5046 5506
6367 7633
5285 6090
4537 9629
4862 7723
5032 8740
6880 7789
6377 9123
7365 9692
5964 9554
6520 7492
5903 6087
5526 6114
6017 8462
7858 9119
9036 9418
5362 6693
7101 9210
5180 7995
5138 8890
4727 9292
6231 7806
8943 9123
6325 9546
8654 8679
6097 7130
6841 9222
7614 9243
6848 9749
5923 8950
4679 6529
5074 5931
5145 7169
5451 8941
6509 9608
4344 7915
4238 9314
6165 7456
7830 9517
4899 5526
4346 7933
5969 8024
4456 5332
4482 7004
5780 7268
4535 8491
6736 9065
4172 9075
6993 9028
5215 8326
6009 9318
9182 9534
5480 7863
4904 6811
6693 9716
5804 5840
8163 9366
4698 8613
5845 7268
4759 5772
6530 8768
4427 7073
4699 6290
4326 6505
7439 8962
4374 6600
6426 8581
6051 8040
4615 5388
5766 6570
5734 9119
4441 5897
4498 9378
6486 8384
8700 8914
6408 8191
6806 9512
8268 8750
8195 8529
5593 7331
6757 7866
7148 9214
6630 7841
6173 7227
6628 9532
4563 7730
4112 7661
5734 8878
6003 7648
5030 9174
5203 5402
7035 8377
6982 7846
5071 6026
4520 4774
8072 8167
4314 8623
5015 8644
9387 9537
4636 5478
5123 8128
8283 9160
6660 6712
8780 9046
4523 7017
4127 9002
5242 6915
6324 7555
5947 7312
5815 5920
4417 4474
5701 9661
4329 4754
5197 8102
8780 9734
4794 7174
6267 7856
4868 7902
4896 9194
6312 7818
7132 7550
4342 9721
4929 9443
4649 6465
4982 7385
5089 5402
5269 6416
4136 5384
5986 8096
4197 7361
7633 8675
5486 5613
4335 4874
6571 9188
4790 9700
6814 8041
5001 5288
8368 9564
4375 8465
4242 9745
5698 6014
5414 9113
5722 8670
4474 4858
4501 8388
6785 9397
4404 7036
7048 9155
5506 8254
5930 7211
4846 8400
9161 9310
4939 8593
8247 9098
4294 6148
7198 9733
4172 6570
4342 8788
8458 9027
6736 9440
5178 6846
6858 9414
5478 5756
4755 8837
8393 9166
4999 9071
5737 9676
4179 8154
5152 5374
5046 5774
6072 6369
4925 7229
4322 8823
4292 6598
5725 7608
6669 8139
6199 9395
6549 8328
5008 9338
5948 7304
5680 8167
4940 9069
4352 8710
6152 6902
6295 8091
5688 6505
7435 8578
5207 8250
4587 6412
6379 6545
4144 9219
4501 9394
8797 9637
4672 7880
5638 6460
4532 4572
7527 9494
6354 7352
7328 8233
6176 7369
5446 9392
7381 7467
5454 9700
6706 8333
7619 8188
6530 8682
6966 9004
4234 7120
8103 9403
4992 6276
6033 7668
6631 7982
5276 6008
5475 9244
4883 5685
7067 8026
6069 8924
6702 6970
5239 5943
5464 5542
6861 7902
4584 6715
6150 8321
4568 6623
4472 4856
4207 7261
5322 9645
4566 9477
5788 8264
6776 7166
7174 9464
4431 5011
4279 8238
9151 9577
5198 8027
5262 7776
5107 6480
8974 9101
6664 9257
4259 5147
8503 8692
5555 8909
6839 9484
5367 5375
6921 7554
5958 7230
7577 7670
7101 8903
4670 8385
7015 7370
4844 6619
4946 7233
5698 6424
5821 9461
4888 5237
5726 6917
7189 8973
4112 4295
7405 7632
5366 8739
4350 8069
7354 7640
8289 8778
5787 8686
4438 5233
4938 5069
4555 6149
5012 6375
4405 5990
5448 9523
4454 9288
6783 8599
7545 8296
5006 5556
5708 8403
4358 7198
5174 6158
7680 8038
8705 9580
7846 9257
5793 7584
6776 8841
8419 9162
6306 6887
4966 8182
6204 7458
9390 9538
5557 9281
4978 9613
5635 9639
6070 9485
6546 7060
4632 9567
4764 6796
5056 9504
5006 8035
6269 9249
4251 8709
6012 6859
4981 5937
6857 7001
7678 7811
5432 6463
6150 8524
5753 7550
4440 6456
4646 6729
5464 7016
8076 9510
5987 9376
4580 6838
7617 8662
7206 7231
5588 6443
6608 6975
6707 8862
5227 6477
5082 5110
5644 6319
5410 6000
4970 8778
4976 6522
8914 9046
4679 6653
6818 7330
4361 7923
4627 8964
4153 4933
6243 7260
4221 9244
6151 6202
8050 9181
4159 5629
5957 9217
4792 5251
4910 8434
6736 8537
6088 8484
4493 8831
4455 9746
5956 8336
6948 7181
4831 7713
7185 8537
4812 7477
4344 6944
4247 4379
7683 8490
4812 9487
8690 8872
5685 7335
5885 5988
5162 7786
4229 4803
5895 8667
5367 9197
5303 6605
4935 9695
4572 4810
7248 7919
4853 9662
4282 7172
6098 7111
4711 6298
5361 6064
7698 8202
7945 9446
6452 8527
7752 9103
8334 9516
6552 7889
7019 8239
7481 8193
5706 8989
5712 6502
7155 8651
5555 6374
8385 8928
5273 6485
4457 6127
7209 9466
4749 5928
7629 8064
5171 7444
5752 5920
5611 8776
6564 8082
6916 7409
4964 7579
6281 8258
9125 9468
5114 6975
7738 9607
7094 9236
7736 8314
4386 8373
4683 6993
6602 9361
5500 8652
5417 7707
5533 8090
5081 9592
7986 9372
7623 8928
6131 7063
8598 8807
5407 8106
6047 9608
4978 5073
4740 9432
8913 9421
8989 9695
7257 7707
5088 7074
8477 8646
6470 7182
5905 8603
4447 4879
5486 6504
5264 5514
7368 9180
5511 9762
4347 5397
4967 5762
5323 9677
7676 8535
4688 7832
4959 7391
5269 6336
7610 8179
7004 7113
4345 8703
5823 9074
8502 9471
5152 7466
4972 6016
4632 5059
7315 8829
4774 5688
4905 5198
6427 8653
9198 9470
8535 9182
5061 7777
4505 5886
7619 7661
6560 8273
4947 8764
6463 7267
9112 9250
5837 7751
8455 8700
6275 7197
5621 6041
8516 8875
6343 9322
6636 8132
5790 8953
4262 4982
6715 8330
5243 9381
4882 6689
6059 8770
4741 5557
9222 9519
4686 6666
4799 8265
5830 6810
4451 9359
8769 9020
4216 7233
4978 5222
4295 6152
7079 8874
8798 9093
4475 5757
5039 7517
4314 7239
5849 7435
5606 6718
6519 8582
5966 8035
4640 9577
6851 7495
6572 7100
4380 8735
5796 6454
6315 7293
4128 7819
6656 8014
5500 7518
5038 7146
4998 7412
8158 9682
9334 9612
4896 8703
4263 5582
6612 9208
6431 7231
4226 7375
6737 7902
4605 5410
5083 7874
5058 5778
4733 5947
5146 6510
4167 6991
4847 7870
5662 9614
5336 8936
5811 5919
8199 9520
6758 8073
5485 6662
8410 9404
5540 6000
5355 9159
4697 7236
5262 7530
8423 9534
6495 8739
4864 8348
7121 9254
4403 9694
5425 6673
6502 6522
8101 8823
4101 7563
5281 7091
6803 8116
4833 5319
9556 9642
4470 7002
4410 8259
7556 8348
5278 7578
6709 9346
4570 8845
4267 6380
5012 8075
8201 8802
5267 9380
5932 7478
6202 8405
5795 6611
6747 7519
4303 6308
6541 7591
5886 9508
4170 7989
4666 7540
5416 9502
5522 7029
5100 6671
7605 9034
7069 9472
4521 7229
5835 8739
5890 9260
6135 6405
4296 8495
7103 7757
4399 6783
5668 6541
6629 7608
6027 7545
5870 7767
6854 8449
7987 8521
4103 8918
4922 8820
5557 8605
5227 7025
4392 5031
5535 8066
5061 7277
4273 4696
5718 8475
4452 8144
5431 7534
4162 5608
4228 5900
5299 7543
5580 9518
4910 7063
4810 5149
8423 9447
6654 7503
5477 6356
4438 5579
4901 8256
5995 8223
5878 9349
8203 8442
8417 9143
5158 8866
4990 7176
8917 9382
8799 9487
8748 9077
4986 7206
6825 6853
6324 7669
5308 7866
5963 5976
5388 8742
4748 9606
7101 8074
4993 7959
4746 7480
6009 7650
5817 7698
7495 9673
9470 9513
4763 4843
8199 9694
7716 8244
8356 9622
6974 9587
7385 8422
8875 9517
4840 9462
5425 8238
6470 7584
6647 7681
5080 7942
6146 7264
4997 7956
5280 8737
8271 8773
6334 9240
5621 7115
5154 6779
8936 8946
4745 9140
8679 9708
6395 7770
6882 8699
6216 8515
5901 6494
8522 9421
7965 8464
4104 7914
5028 7684
5539 7050
6650 7822
4818 9010
5703 9710
5836 9472
4484 7492
4103 7326
5918 8315
6636 6793
4668 6678
7237 7566
4253 9628
7287 8737
4236 8142
7018 9035
6592 7774
4541 7098
7525 7911
6225 6965
5796 8448
4693 7823
5319 8954
4279 6472
6122 6441
4726 8936
5044 9137
7545 8295
6718 7003
6050 7742
6716 8799
6445 8680
8666 8908
5303 7552
4841 9244
6418 8201
6650 7393
6263 6416
5097 5223
6253 7253
4783 8250
5554 9513
5610 6327
6652 8891
4907 5290
7524 9490
7041 9466
4778 7383
5557 8954
4860 7664
8150 9213
5829 6882
5022 9301
4876 8221
7503 8943
4104 8171
4605 7074
6870 8433
5049 8216
5815 6636
5133 8063
4142 4775
6515 9131
5580 7030
4246 8456
5246 8625
5920 6657
5938 8642
4144 6028
6338 7285
8806 9038
5578 8549
5509 9283
5076 9493
5214 7047
5355 9185
5398 8229
8540 8802
5070 6324
6422 7698
7226 9163
5221 7444
5113 9032
8880 9339
4856 5396
8712 9276
5080 7315
4134 4319
7718 7808
4166 8813
5097 9346
4286 8826
8080 9049
5047 8597
5929 8073
6565 8152
5919 9310
5871 7620
7133 9711
4876 9169
4469 8389
4208 9684
5971 8713
4909 8897
8398 8950
6601 7385
4188 7411
7692 9083
4256 9346
6614 9047
7694 8108
5760 5861
7343 7407
4413 6070
4619 7034
6146 7077
4191 6089
5617 8709
4248 9667
8018 8650
4567 5308
6947 9298
5974 6340
7873 9493
5349 6893
6040 6423
7052 9629
6502 6539
6621 8327
7758 8737
4800 4949
4155 9707
4759 8399
8305 8937
5849 6739
4630 9084
4506 7626
5670 8058
5197 6992
4578 7368
5089 6996
6432 7228
6395 6744
4831 5970
6679 9383
4559 8226
8084 8317
5274 5387
7686 9294
8646 8937
4514 5831
4972 9247
4939 6814
7192 8227
7666 9723
5947 8664
6070 8338
5049 7421
5272 7042
5920 6072
6672 8590
6724 8769
4208 6261
6582 8005
5347 7272
5637 8603
7420 9767
5908 6706
7116 8362
4250 6143
4924 8037
6491 7588
5668 8664
7097 9348
5090 5291
8280 9327
5327 8483
8289 8902
4158 9653
6813 7846
4810 9478
8613 9683
7045 8326
7920 8961
7941 9131
5969 7717
5394 7687
4460 9452
7753 7776
4493 8985
6001 9541
7079 8899
4570 7464
5666 6181
5147 6007
7154 7233
4507 7930
4328 9337
6996 8275
7807 8268
4833 4839
4481 9139
4156 6615
4178 8308
4972 5852
6449 6627
5363 8278
9031 9674
4525 5789
7495 9516
4944 9482
7309 8703
5084 8023
4624 8931
5699 9194
5354 9570
5651 6899
5818 5934
4479 9111
9168 9203
4186 5590
5489 6386
5387 8364
8488 9231
4481 6366
4655 6083
4746 5272
6143 8524
5492 5540
5334 5495
8188 8970
5422 6034
6929 7244
7946 9189
5989 9431
4170 5450
4129 9453
4758 8622
4323 5805
8275 9016
4816 7694
8411 9582
6554 6559
5658 8796
4866 6127
4342 5354
8986 9761
5181 9458
4498 8966
7750 8433
5218 9272
6297 8686
4312 5187
4249 7953
5915 8634
5897 6643
5160 9001
5462 8440
6601 7576
4172 5367
5239 7859
6767 8021
4638 4782
8640 9551
4902 5454
7922 8305
4299 6447
7240 7518
6016 8653
7299 7725
4388 7766
6166 6882
5321 7332
4140 4207
4234 4626
8434 9012
4267 6698
4154 9176
8064 8467
4386 8514
6553 8432
7116 8117
4988 8151
9352 9657
4344 8439
4672 6586
5761 9217
6055 6504
8794 8818
4278 7682
5472 6323
7403 7503
5354 7757
7227 7285
4292 7429
6050 8054
6988 7011
4899 8028
4511 8074
8678 9575
5094 7056
4265 5605
8167 9040
5068 6346
6856 9244
4250 5611
6518 7645
6322 9229
6122 6926
6430 9394
6174 9590
6246 7775
5377 7809
4498 8886
7051 9226
4483 7814
4914 5661
5343 8476
4903 7816
5762 6319
5257 7188
5082 7930
5314 5961
7664 8174
4628 9146
4476 8283
6278 8586
5090 8712
6881 7373
9428 9744
4854 6556
5610 6233
6539 9765
5122 7139
6304 6755
6836 7521
5328 6594
8254 9070
4170 6126
4698 8155
7064 8346
4325 9627
8398 8780
7902 8459
4877 5253
8114 9217
8306 9355
4512 8593
5108 6526
5417 7978
7307 9123
5578 6539
5231 8646
6193 6495
7553 8635
5365 7574
5819 8718
7978 9337
9010 9625
4906 8842
4138 6654
6959 8682
6981 9326
6592 6603
6053 9092
7822 9151
7738 7979
6603 7153
6294 6510
6438 9655
6818 7025
4429 8614
4981 8893
4980 9255
6033 7175
6202 9594
4824 6942
5471 8945
6220 7834
5000 8262
5592 9088
8143 9251
6630 7129
4136 7215
5787 8279
4205 6165
4927 7432
4618 6000
5185 8007
5490 6778
5281 8374
4366 6447
6484 7000
4901 7106
4734 8032
8571 9191
4371 8892
4198 8158
6888 6897
6394 9556
5360 7735
5465 8937
7268 9101
5441 6205
6501 9762
8236 9496
4297 6324
5421 7660
4196 4289
6001 9698
6201 7755
6757 8385
5645 9272
7895 8947
5141 5183
6000 9658
4673 6997
5975 9573
4542 7353
4578 7647
7277 9076
7496 8556
6229 7799
4810 9748
8378 9561
4323 7020
4577 8778
8586 9539
5920 7121
6205 9020
5180 7555
7159 9560
7092 7463
6050 8999
5561 7541
5494 8620
5958 7093
6280 8588
6030 7440
5730 7395
5107 7513
4841 8967
6978 8430
5971 8922
4947 9306
4871 5941
4819 9285
7683 8975
5442 5845
4613 6087
5271 7411
9186 9439
5826 7188
8775 9384
4753 9210
5426 8197
8495 9351
6632 9117
7814 8015
4267 7933
4580 8736
8041 8342
4209 8858
7632 8432
4470 5971
7364 9225
6583 7730
8279 9453
5729 8267
9252 9689
5285 9444
7837 8463
8212 9289
4931 7043
7178 9093
5834 9555
4183 4267
5110 6714
6444 7634
5711 6435
6660 9766
6074 8910
4707 9346
8780 9320
4974 8730
5860 8321
6510 7974
6322 9355
6884 8487
5309 6624
6747 8413
5455 8856
7446 9501
6354 9629
5691 6491
6463 6782
4846 5383
9676 9732
5550 6952
5351 7646
5489 9318
5188 9602
6798 7579
4815 8068
7584 9603
4315 7369
4732 7822
5773 7305
8309 8372
5373 6129
5739 6124
7330 9415
6451 7361
5092 7739
6488 7070
5395 9383