1020
3798 4894
1768 1888
754 4254
2081 5027
2700 4940
2185 2721
1980 3999
2218 2960
3350 3736
1167 2375
1095 2015
1403 2756
3604 4033
884 3336
1350 2386
1834 4552
3713 5024
1667 3555
702 3209
954 1838
900 1336
821 2481
3517 4229
1506 4543
1229 3918
1723 4866
2763 5025
1952 4985
772 2366
1112 4268
4260 4472
3780 3876
2088 4858
4187 4611
1383 1600
4066 4883
1359 2617
2012 4010
827 4366
2893 4104
2280 2900
2022 3551
2451 3603
4069 4218
1511 1856
1987 3939
1387 4478
1491 2900
1948 2528
4303 4700
1626 2474
2290 4718
880 3588
1461 1834
814 1719
1587 3430
2173 2730
682 3671
743 1883
1047 3486
2495 4991
2910 5014
3033 4942
3217 3909
1488 3748
3322 4074
3534 4403
2670 3454
3596 4846
1480 4588
1217 4316
1006 1290
3275 3754
2192 5033
3430 3807
942 4280
1974 2545
2273 3062
2050 2907
1508 2945
2640 3507
2754 3338
1020 3524
795 3451
3557 4815
1305 3734
1031 1645
2574 2892
1565 4911
641 5023
3524 3819
1601 2433
772 3770
663 2593
916 4534
1880 4613
625 3662
1281 1526
2042 2979
1927 3030
1795 3408
1223 3237
1043 3171
1281 3667
1347 4339
3224 4383
988 4683
2715 3628
1640 4947
1681 2708
2770 3834
630 3160
4921 4941
2736 4036
2257 2834
3041 4643
1087 1456
1096 1159
1450 2170
3117 3299
2910 3058
1080 1277
903 3219
1035 2080
1684 2755
2655 3383
924 2082
1773 4123
843 4868
3578 4602
1078 1756
2726 3073
1917 3449
746 4931
1210 2130
1927 1934
2635 3182
4147 4629
2192 2610
2410 4065
1600 4580
2396 3222
2376 4449
1211 3850
2732 4267
814 4944
1604 2908
1756 2645
3727 4926
1492 4485
1961 3585
2207 2958
1520 3643
1716 1937
860 1252
2872 3578
1136 2530
3028 3998
658 1950
1567 4176
2059 2252
1590 1856
3311 4171
908 4330
1732 3415
1210 2367
2978 4855
1455 3973
3259 4000
1654 4869
3944 4449
2554 3551
1097 2553
964 2624
1256 4841
2143 3051
1874 3883
886 3157
2223 2376
2374 4282
659 2709
973 3112
3646 4273
1023 3735
1595 2916
915 1685
1650 4250
2562 4423
1114 1545
3003 4325
4190 4949
618 3872
3044 4715
3960 4521
1670 3922
3247 4040
791 1237
1851 3781
1311 2113
1709 2129
2943 3980
2941 4124
2395 4216
3193 3863
667 906
2324 3088
886 4523
3159 3619
1755 1872
2961 4695
3871 4723
690 4901
4423 4483
3343 3525
2649 3853
1747 3320
1074 4752
2263 2516
1966 3064
1582 3822
3721 4926
2195 2594
968 3357
2585 3109
1747 2181
748 3967
1877 1888
1119 2352
3534 3540
772 4442
2681 4323
2819 4785
3044 5011
3744 3931
854 3604
628 3607
4063 4869
643 3780
1700 1825
2195 4648
1267 3944
700 4263
858 2599
2986 3303
3332 4610
1646 5032
1377 1713
1521 3895
2097 4101
2984 4247
1124 4435
1340 2658
2514 2804
1127 4322
1670 4983
1032 4956
1147 3668
3073 4182
1916 4128
677 1481
827 4009
1018 1479
935 2900
1864 2022
2158 4312
3953 4390
1039 2056
1157 4270
2661 3790
712 2205
1734 2385
1377 1384
2086 2871
849 4842
3626 4736
2888 4917
716 4050
3948 4317
673 990
1520 2051
880 1380
1020 2377
1150 5033
2528 4400
2741 3123
2370 2375
836 2249
3521 4223
2756 4918
2903 3895
2605 3250
2250 3163
2660 4362
1555 2427
2422 2950
4023 4223
1055 2852
1312 1924
2359 4057
4720 4909
2913 4243
785 1801
1315 2630
793 1789
3458 3669
696 3028
1409 3656
1495 2072
3149 4916
3265 3431
704 4445
1173 2463
2396 3741
1450 1501
1773 4440
971 4985
1244 2010
2598 3560
3814 4696
2902 4357
739 2190
2088 2771
1401 3998
3367 4480
1517 4765
3354 4577
1647 4070
1178 1770
3372 4087
1493 4526
2013 4869
2558 3878
1954 3245
2099 2755
3328 4766
1347 4773
1715 3194
1361 3310
810 4743
1819 3687
952 1552
1035 2435
1817 2225
1936 4309
1824 5000
1424 3442
857 3550
2611 3869
2071 2355
1178 4801
2614 4966
1710 3158
645 2025
4343 4804
3055 3987
2018 3227
2142 3739
3470 4153
729 3907
1027 1321
974 1421
3388 4710
1124 1791
900 4930
3317 4594
4694 4702
2181 4802
3134 3933
790 4360
634 2057
3045 3585
2896 3892
1703 1775
758 2181
2042 4190
2272 4225
3789 4532
3873 3911
3734 4432
1087 2097
2590 4422
3690 5045
2163 4478
2585 4742
1461 4542
1530 3039
3171 4689
2164 4492
2295 2665
3058 4104
2969 4722
3554 4382
3611 4102
1775 3402
1367 2619
3597 3906
919 2282
808 2492
1995 3260
2186 2491
1198 2146
1864 3064
2984 4799
2430 4119
2369 4671
2821 4052
2300 4019
1921 3204
726 2974
1074 1997
3141 3474
1357 4281
652 4746
831 1729
835 1601
1206 2994
1394 3512
2162 3346
1320 1951
2317 4024
2045 4968
789 4679
943 3585
3826 5027
1629 1718
1185 4521
3815 4317
1906 2885
1842 2426
2968 4459
3708 4205
2034 2844
4084 4152
3097 4896
4099 4281
3293 3846
1044 1857
923 3423
1724 4539
4149 4915
3796 4122
2594 2801
1707 3822
1515 3299
628 3641
2126 4884
808 4562
912 4786
725 2523
1648 1710
964 3490
2302 2828
4238 4721
1911 3611
1101 4492
3545 4044
2854 3169
2364 4337
3153 4774
2183 3906
2159 4184
1391 2755
1165 1766
757 1799
706 3387
3204 4782
1775 4370
1453 3479
965 4554
2479 2967
3198 4150
1453 1588
920 1647
1303 2628
2774 3424
4167 4855
2816 4885
2515 3663
3222 3272
2969 4835
2710 3061
1917 3890
1090 5041
729 4779
2516 3459
2672 3653
1119 2430
3589 4844
1983 3880
3872 4885
4277 4787
1000 2139
3832 3908
1138 2307
756 2020
1348 3559
1069 2253
1435 4814
4784 5048
813 2396
718 3869
1050 4682
1371 2899
712 4394
1367 2132
2006 4146
2353 4174
3332 3983
1011 4252
2025 2302
2337 3251
1828 4933
1291 2937
2768 4974
4314 4617
2815 3236
3703 4942
862 3089
2367 3425
1382 3429
1202 1728
723 1707
3038 4703
3965 4393
694 2880
2931 4977
1003 1661
3490 4336
779 1469
3350 4178
1389 3200
3222 3791
4711 4991
3557 3782
1553 2406
1662 3242
2547 2954
1455 3514
1030 2631
2002 4833
2727 4401
2244 2270
889 2531
1727 4928
2682 4019
3787 4685
1759 1903
1507 1884
2739 4806
2616 4837
2490 3827
4509 4558
752 1771
1041 4645
1313 2360
2502 3958
2436 4964
2743 4593
1961 3224
2006 2124
1811 3604
2749 2868
1230 2923
3099 3457
1036 4820
2706 4920
2822 4571
2114 3325
1742 3792
4172 4877
2632 4153
1673 2272
1712 2662
1944 4265
1744 3001
4603 4701
1464 2374
3149 4090
819 4593
1422 4319
946 2745
2045 3524
2495 4497
786 1064
1171 2417
1887 2830
1759 4937
3945 4580
3114 4342
1054 1390
791 1561
1013 4311
2366 2774
1244 1723
1290 2891
4231 4271
1247 2474
941 2199
2790 4192
2656 3810
1881 4792
4758 5022
1202 4475
1198 4982
2222 4788
2208 3789
3534 4307
3453 4569
4095 4396
2108 4651
986 1009
3080 4764
3014 4143
1815 4234
879 4224
1129 4082
670 748
2942 4787
1421 1746
2010 2900
2792 4892
2093 2243
1105 3285
2145 4639
2050 3273
977 1622
2497 3257
909 1100
3730 3925
2170 2254
2638 3979
3376 4728
2722 3332
941 3986
648 1457
3445 4673
4705 4938
997 1425
939 2449
2969 5040
1807 2839
671 3282
2808 4531
2584 3614
988 5021
4156 4409
1565 1678
699 2721
1236 1480
1067 2522
1627 4183
2219 4155
3938 4390
3212 4323
1657 4808
4378 4828
1092 3028
1644 2899
897 1435
3520 3607
2146 2615
4342 4581
964 1742
2267 3502
2291 4263
1978 4082
1774 3287
623 4637
1725 4232
3066 3181
743 4936
1887 3145
1735 3388
4542 4938
1311 2126
1408 4828
3080 3915
1832 3828
1268 1817
1422 3323
2366 3070
856 4429
2456 3434
1122 1296
1246 3584
3236 3249
1756 4971
878 2532
2176 3472
3238 3549
738 4710
1366 4036
1237 4913
1082 1183
2679 4381
2298 4607
2252 3633
1488 2103
1481 1616
996 4470
4456 4534
3600 4084
1703 3665
2657 4975
2320 2878
3197 4645
2802 2844
1647 2615
2362 4065
3881 4034
3395 4170
2148 3507
1506 3650
3555 4311
1250 3247
1343 4490
3169 4512
4262 4706
753 2727
4499 4544
3404 4341
2268 3027
2180 2917
744 3710
3361 4622
3315 4944
1418 2914
652 4871
2072 3963
977 3617
1244 1757
1822 2778
1911 4598
2902 3969
2505 3606
3088 3704
2397 3197
2703 3501
1062 3287
802 2384
2298 3539
709 2750
727 2266
628 3521
1309 4984
2491 4002
2812 4212
2886 3373
1647 2623
989 2467
1037 1531
1707 3423
3843 3854
2865 4522
2114 2543
1150 3425
952 4317
1738 4097
3029 3855
4860 4913
4078 4785
4452 4790
970 1387
2070 3562
1111 2751
1304 1994
1619 2918
2790 3135
867 4633
1243 3815
994 3696
1322 4103
2456 4166
3857 4392
1482 2328
1986 5040
3779 4100
2082 4811
3936 4791
3596 4135
2983 3335
1894 2454
2073 3229
3727 5049
1029 2267
843 3709
1334 4345
1631 4017
2460 3820
892 3622
2595 3891
1321 3731
4679 4803
1090 1892
3826 4418
937 1459
732 4542
3926 4489
4245 4704
1445 4469
1759 2280
1434 2545
1757 2771
3542 4145
1812 4067
1405 4976
3092 4941
2933 3473
1722 4876
2267 3590
2632 3120
1067 4462
1788 2272
4177 4589
1560 2172
1949 4535
2200 3582
1074 3991
2270 2509
2945 4200
1479 4562
1164 4756
1881 4513
2031 4238
3249 5016
4275 4655
1894 4406
1060 3765
622 4043
1767 4385
751 4844
3092 4480
4138 4855
2860 4563
1976 4405
2449 4996
756 2886
1739 4046
813 3015
1805 3335
1669 4243
1126 3131
3096 4264
4547 4630
2816 3034
2126 2853
988 2863
625 3327
2561 2768
3783 5006
2654 3537
2755 3819
1902 2651
2174 4132
1535 2392
3542 4921
2322 2806
2492 3639
1610 4589
1077 4641
877 3195
2871 3258
2256 4797
3054 3617
874 2990
886 3934
1206 3166
948 4036
825 2966
3088 4750
1353 1757
3122 4172
1011 1675
3336 4187
3088 3360
809 4042
735 1759
1087 4945
2418 4465
3259 3879
1258 4611
1118 2832
2079 4710
2622 3494
2676 4193
1030 2170
1216 1428
1120 1388
862 1264
1228 4153
2294 3365
2678 4815
4380 4774
2100 3723
2092 2440
671 4961
653 858
4152 4154
4140 4706
2946 4502
787 2828
1128 1130
788 4231
1309 2339
969 2790
1367 1790
3399 3753
849 4488
2950 4676
2309 3101
1617 3325
2121 3855
1513 2884
4111 4998
1930 4251
1901 4380
1895 1895
2055 3618
1681 3818
1985 4097
1478 3402
1178 4955
1860 3683
4384 4893
3514 3610
733 4553
1684 4861
1127 4745
1366 5025
2103 3481
3118 3583
999 3028
3155 3520
1467 3178
2383 2562
3372 3877
1866 3570
2100 4746
1465 2001
3158 4393
4577 4656
1366 3682
2518 3214
699 2122
2377 4032
1088 2862
2279 4921
937 3771
1318 2929
634 4401
1710 4555
2850 3063
864 1947
2076 4947
1724 2474
3186 3850
4311 5008
2015 4555
2087 3701
2320 2543
2350 3529
3162 4436
820 4161
1229 1330
3962 4685
1335 2220
4007 4658
3846 4973
2435 2877
859 2109
3659 4166
1213 3032
2954 4634
1828 3534
2500 4187
2674 3189
2542 2712
2128 3478
2045 3482
1988 4348
867 2605
2936 3275
1560 2721
985 1722
2018 4097
2634 4540
802 3453
698 2340
2282 4108
1523 2126
1716 2761
2117 2667
1889 4707
2784 3240
1607 3070
2218 4500
1350 4314
4592 4751
1724 2734
2319 2561
1423 4589
1466 3045
869 1917
1681 2296
3796 4502
831 2718
1976 4747
2272 4034
1520 1996
1002 2894
4402 5026
1061 1966
3437 4854
771 810
848 1917
1579 4734
2702 3761
2939 3080
1029 2166
2142 3251
