731
14
3329
593
4482
3231
1103
275
959
1966
2744150393938807991
2001410672477679071
93689804253548864
3026331112648915125
1949014723353987501
2100039202676651752
2146271783751932863
17086263336672710
5689759387330863744
2556023715808766880
14990109329647416500
5600703115025509662
18071174955291011586
0
13088942929997468712
1585787925404743830
16395359357635068692
484080859133391972
3020641605637311832
2588500686577273558
6914020
62069106
3311902
35925916
25521912
109283
29766072
53872046
11807050
13571825937283740817
0
6904776590664438996
3933132880943764445
11599757005288423912
13518008651756036408
13689331053291870543
923327075892924807
12139010333348680461
206393474300928078
17208129033760511228
1876127266369896969
20654981068527039
123910842899916206
160668567856015587
61955421449958103
13270455188509799172
61955421449958103
5155183218238583350
2926756804967548710
18066369582039705502
16347980372562521381
17595773134713753228
9618438543253770270
4273256439949862708
17174340276284101704
2933165611594540363
1938
2038
3527
558
1584
0
2408
4114
168
1256
10457975727046364340
13295001062013178778
891647855538577506
5573892560262752530
10358421848061874444
847039221655216856
2618021595540541706
154628976444584134
12680115846814269810
194337353559666054
3523149642715011826
17909985988057474460
3523149642715011826
116665532596650874
10590451321826492934
3453284812127044299
58332766298325437
7714577808726805784
12763092598866133701
