27938297428980
4303085990698
0
13254139111872
29476947032
13254139111872
1851266288208
0
49969072628952
450356724192764823
10829748918570890438
4284391099233754356
16199751870913966359
2125511158955458152
3400314656053241461
16903944306710980552
7182362808709804825
13891743194995711703
10311561361605953058
17637214858088032486
2052472615912482760
11744876936457762366
0
3256384892167089432
8129393978182273446
8599147555414171760
15754072117553146745
6658987063353131450
7145599816516314821
11635669391019999563
3241750046067465374
6717778458824033660
11395258644500761775
11395258644500761775
12553120038656031010
11635669391019999563
17789383206796694705
2379485439168035644
13123593548624497118
8845485251626624674
7862229634629884674
11603961667426782762
6933974005216972306
5923127749256019500
3300034787262297896
8892519457670159618
0
6156532358500559716
12661871938057397209
12661871938057397209
14471574983937703224
4603089293184133542
4843459113923585153
6738770541086380210
3094800518420255616
3587289108214432303
16505901269048393086
4242929347674
41611367214982
52911608435440
923641639806
47721303710472
76335928517644
35919703120151
13743119042474
35919703120151
21357647616620
16083033708901857188
7248660119173299508
11501804291057027059
11402600732666279814
9066434134050463115
464501428489907393
16498625427494191335
16320420860021058897
8109628953325887200
556301283640866559
255714686665852
1936924244760
250751070387433
927150921644
53048375960787
93749774990188
241064161793520
4925309984183
9882670661032
21467366211296
4295529742048
5753308783988
5753308783988
3384385260760
2434232682487
19364442740309
