2000
1 2 1
1 4 1
1 7 1
1 18 1
1 445 1
1 694 1
1 736 1
2 3 1
2 20 1
2 27 1
2 568 1
3 8 1
3 25 1
3 26 1
3 340 1
3 462 1
3 637 1
3 768 1
3 905 1
3 1235 1
4 5 1
4 6 1
4 9 1
4 10 1
4 166 1
4 492 1
4 753 1
5 13 1
5 446 1
6 12 1
6 35 1
6 50 1
6 52 1
6 66 1
6 210 1
6 254 1
6 912 1
6 1378 1
7 11 1
7 23 1
7 602 1
8 16 1
8 17 1
8 64 1
8 228 1
8 956 1
8 1276 1
8 1712 1
9 14 1
9 19 1
9 30 1
9 690 1
9 1029 1
10 22 1
10 49 1
10 58 1
10 120 1
10 423 1
10 577 1
10 646 1
10 1355 1
11 70 1
11 255 1
11 257 1
11 540 1
11 889 1
11 1293 1
12 33 1
12 68 1
12 72 1
12 83 1
12 128 1
12 199 1
12 674 1
12 695 1
12 984 1
13 59 1
13 148 1
13 240 1
13 282 1
13 610 1
14 15 1
14 40 1
14 56 1
14 74 1
14 81 1
14 133 1
14 296 1
14 632 1
15 135 1
16 32 1
16 41 1
16 46 1
16 104 1
16 663 1
16 1038 1
16 1520 1
17 21 1
17 24 1
17 37 1
17 588 1
17 932 1
17 1703 1
18 51 1
18 232 1
18 996 1
18 1883 1
19 31 1
19 36 1
19 42 1
19 47 1
19 48 1
19 55 1
19 248 1
19 934 1
19 1054 1
20 491 1
20 521 1
21 28 1
21 85 1
21 89 1
21 121 1
21 518 1
22 38 1
22 43 1
22 76 1
22 84 1
22 157 1
22 169 1
22 599 1
22 1116 1
23 77 1
23 385 1
23 1318 1
23 1799 1
23 1934 1
24 117 1
24 312 1
24 1172 1
24 1750 1
25 62 1
25 160 1
25 301 1
25 370 1
25 573 1
25 1372 1
26 39 1
26 65 1
26 100 1
26 111 1
26 180 1
26 673 1
27 34 1
27 73 1
27 98 1
27 182 1
27 418 1
28 29 1
28 170 1
28 503 1
28 1019 1
29 45 1
29 60 1
29 102 1
29 112 1
29 126 1
29 141 1
30 44 1
30 226 1
30 333 1
30 442 1
30 556 1
30 825 1
30 846 1
31 109 1
31 134 1
31 146 1
31 220 1
31 231 1
31 298 1
31 360 1
31 1511 1
31 1954 1
32 92 1
32 105 1
32 158 1
32 1092 1
33 71 1
33 205 1
33 391 1
33 496 1
33 1857 1
33 1880 1
34 57 1
34 91 1
34 122 1
34 143 1
34 422 1
34 918 1
35 251 1
35 574 1
36 63 1
36 161 1
37 868 1
38 94 1
38 331 1
38 424 1
40 61 1
40 78 1
40 145 1
40 292 1
40 620 1
40 729 1
40 991 1
41 202 1
41 1150 1
42 75 1
42 125 1
42 159 1
42 888 1
43 118 1
43 218 1
44 79 1
44 183 1
44 356 1
45 53 1
45 54 1
45 67 1
45 261 1
45 720 1
45 1416 1
46 236 1
46 986 1
47 80 1
47 216 1
47 326 1
47 402 1
47 587 1
47 801 1
47 1123 1
48 151 1
48 165 1
48 256 1
48 1131 1
49 531 1
49 1132 1
49 1366 1
49 1915 1
50 87 1
50 132 1
50 590 1
50 649 1
51 185 1
51 187 1
52 93 1
52 276 1
52 364 1
52 519 1
52 652 1
52 706 1
53 198 1
53 1393 1
54 69 1
54 88 1
54 167 1
55 154 1
55 358 1
55 1942 1
56 96 1
56 130 1
56 678 1
56 1178 1
56 1229 1
57 123 1
57 265 1
57 274 1
57 337 1
57 924 1
58 820 1
59 127 1
59 203 1
59 404 1
60 99 1
60 168 1
60 272 1
61 107 1
61 136 1
62 138 1
62 179 1
62 275 1
62 455 1
62 1164 1
63 347 1
64 106 1
64 174 1
64 881 1
64 1917 1
65 116 1
65 163 1
66 113 1
66 866 1
66 1240 1
67 82 1
67 101 1
67 388 1
67 886 1
68 207 1
69 191 1
69 258 1
69 487 1
69 809 1
70 270 1
70 366 1
70 374 1
70 443 1
71 192 1
71 383 1
71 987 1
71 1809 1
72 224 1
72 287 1
72 513 1
72 596 1
73 156 1
73 399 1
73 400 1
74 90 1
74 1434 1
74 1963 1
75 278 1
75 982 1
76 357 1
77 95 1
77 149 1
77 458 1
77 1190 1
78 448 1
78 750 1
79 103 1
79 119 1
79 486 1
79 1189 1
80 86 1
80 464 1
81 1096 1
81 1186 1
81 1431 1
82 186 1
82 494 1
82 1846 1
83 376 1
84 147 1
84 473 1
84 1509 1
84 1825 1
85 131 1
85 184 1
85 295 1
86 97 1
86 260 1
86 1262 1
87 233 1
87 307 1
87 542 1
87 658 1
87 1427 1
88 654 1
88 930 1
88 1791 1
89 114 1
89 176 1
89 222 1
89 509 1
89 635 1
90 217 1
90 700 1
90 739 1
91 372 1
91 396 1
92 468 1
92 1375 1
92 1684 1
93 153 1
93 679 1
93 765 1
93 845 1
93 1015 1
94 140 1
94 430 1
94 751 1
94 782 1
94 1794 1
95 1141 1
96 164 1
96 244 1
96 316 1
96 1140 1
97 619 1
97 981 1
98 1192 1
99 235 1
99 389 1
99 1576 1
100 110 1
100 137 1
100 576 1
102 108 1
102 436 1
103 142 1
103 221 1
103 838 1
103 1667 1
104 139 1
104 852 1
105 691 1
105 1295 1
105 1567 1
106 339 1
106 847 1
106 1020 1
106 1073 1
106 1761 1
107 206 1
107 262 1
107 371 1
107 1168 1
108 194 1
108 196 1
108 1518 1
109 150 1
109 267 1
109 314 1
109 419 1
109 733 1
110 230 1
110 417 1
110 738 1
111 303 1
112 115 1
112 1319 1
113 263 1
113 1118 1
114 209 1
115 759 1
115 790 1
115 826 1
115 1751 1
115 1842 1
116 190 1
116 250 1
116 431 1
116 1310 1
117 989 1
118 124 1
118 1571 1
118 1938 1
119 1950 1
120 320 1
120 570 1
120 848 1
122 213 1
122 514 1
122 948 1
122 1236 1
123 155 1
123 1445 1
125 322 1
125 325 1
125 921 1
126 252 1
126 308 1
126 960 1
127 808 1
127 1147 1
128 129 1
128 225 1
128 365 1
128 892 1
128 1238 1
128 1975 1
129 397 1
129 420 1
129 669 1
129 1585 1
130 266 1
130 285 1
130 342 1
130 353 1
130 401 1
131 467 1
131 526 1
132 215 1
132 451 1
133 175 1
133 647 1
133 711 1
133 1649 1
134 373 1
134 684 1
135 264 1
135 319 1
135 527 1
135 858 1
136 304 1
136 324 1
136 407 1
136 611 1
136 936 1
136 1320 1
136 1545 1
136 1965 1
137 805 1
137 900 1
137 903 1
138 144 1
138 716 1
139 162 1
139 294 1
139 344 1
139 413 1
140 703 1
141 408 1
141 688 1
141 1360 1
142 1272 1
142 1284 1
143 368 1
143 369 1
143 416 1
143 421 1
143 689 1
143 1218 1
144 341 1
144 822 1
144 1175 1
144 1323 1
145 189 1
146 1113 1
147 1270 1
148 188 1
148 201 1
148 552 1
148 641 1
149 761 1
149 1064 1
150 172 1
150 241 1
150 438 1
150 597 1
151 152 1
151 171 1
151 181 1
151 386 1
151 427 1
152 223 1
152 454 1
152 516 1
152 1021 1
152 1671 1
152 1887 1
153 173 1
153 434 1
153 548 1
153 565 1
154 713 1
155 1232 1
156 535 1
157 288 1
158 178 1
158 195 1
158 204 1
158 208 1
158 354 1
158 1920 1
159 426 1
159 1559 1
160 277 1
160 338 1
160 410 1
160 612 1
160 1006 1
160 1031 1
162 710 1
162 1039 1
162 1562 1
163 193 1
163 279 1
163 575 1
163 910 1
164 200 1
164 874 1
165 177 1
165 227 1
165 332 1
165 534 1
165 766 1
166 245 1
166 381 1
166 1340 1
166 1381 1
167 246 1
167 329 1
167 1947 1
168 283 1
168 466 1
168 780 1
169 253 1
171 952 1
172 273 1
172 500 1
172 976 1
172 1325 1
175 644 1
176 330 1
178 425 1
178 480 1
178 650 1
178 1516 1
179 1034 1
180 854 1
180 1128 1
181 306 1
181 367 1
181 398 1
181 901 1
181 1046 1
182 197 1
183 379 1
184 998 1
185 1124 1
186 1766 1
186 1779 1
187 211 1
187 772 1
187 1429 1
187 1664 1
188 433 1
188 1215 1
189 242 1
189 660 1
189 1041 1
190 1677 1
191 297 1
191 1916 1
192 532 1
192 667 1
192 1670 1
193 485 1
193 605 1
193 1106 1
194 463 1
195 268 1
195 362 1
195 609 1
196 234 1
196 289 1
196 403 1
196 554 1
197 291 1
197 925 1
197 1195 1
197 1521 1
198 284 1
198 1000 1
200 293 1
200 363 1
200 726 1
200 970 1
201 860 1
202 818 1
202 1125 1
202 1721 1
203 214 1
203 865 1
203 979 1
204 664 1
204 1017 1
205 1222 1
205 1989 1
206 380 1
206 1275 1
206 1528 1
207 1498 1
208 634 1
209 1083 1
210 802 1
210 1363 1
211 212 1
211 336 1
211 572 1
211 898 1
212 471 1
212 841 1
212 1663 1
212 1970 1
213 677 1
213 769 1
213 1522 1
214 219 1
214 829 1
214 1254 1
214 1386 1
215 456 1
215 693 1
216 239 1
216 569 1
216 1872 1
217 328 1
217 348 1
217 387 1
217 406 1
218 310 1
218 1047 1
218 1884 1
219 1127 1
220 237 1
220 259 1
220 1023 1
220 1055 1
221 955 1
221 957 1
221 1265 1
222 594 1
222 1066 1
223 1059 1
224 271 1
224 409 1
224 560 1
225 300 1
225 382 1
225 472 1
225 546 1
225 676 1
225 929 1
226 229 1
227 1778 1
228 465 1
228 1553 1
229 249 1
229 566 1
229 1492 1
230 533 1
230 1365 1
231 788 1
232 243 1
232 281 1
232 321 1
232 335 1
233 721 1
234 1953 1
235 1026 1
235 1755 1
236 584 1
237 238 1
237 280 1
241 816 1
242 346 1
243 523 1
244 349 1
244 785 1
244 1271 1
246 247 1
246 286 1
246 378 1
246 571 1
247 639 1
247 1071 1
248 269 1
249 323 1
250 661 1
250 1093 1
250 1757 1
251 352 1
251 484 1
251 1385 1
252 682 1
255 648 1
255 951 1
256 393 1
257 482 1
258 302 1
258 696 1
258 965 1
258 1181 1
259 1432 1
260 290 1
261 498 1
261 1479 1
262 305 1
262 476 1
262 975 1
263 741 1
263 1841 1
265 557 1
266 475 1
266 558 1
266 1201 1
267 318 1
267 915 1
268 327 1
268 567 1
268 777 1
270 504 1
271 1040 1
272 945 1
272 1371 1
273 963 1
274 350 1
274 1313 1
275 437 1
275 1389 1
275 1717 1
276 870 1
277 317 1
277 334 1
277 878 1
277 1798 1
278 1281 1
279 375 1
280 737 1
280 1314 1
280 1449 1
281 441 1
282 640 1
282 1753 1
283 564 1
284 1414 1
284 1828 1
286 623 1
287 299 1
287 553 1
287 645 1
287 1465 1
288 313 1
288 478 1
289 501 1
289 1347 1
290 1552 1
291 450 1
292 922 1
293 1032 1
293 1885 1
294 311 1
294 432 1
294 656 1
295 659 1
297 449 1
297 1102 1
298 315 1
298 959 1
299 345 1
299 474 1
299 1691 1
299 1724 1
300 429 1
300 470 1
300 1139 1
301 803 1
302 857 1
304 309 1
305 497 1
305 969 1
306 505 1
307 767 1
307 835 1
307 1413 1
308 624 1
308 797 1
308 1002 1
310 842 1
310 1110 1
311 359 1
311 510 1
311 744 1
311 1996 1
312 920 1
313 390 1
314 1234 1
316 727 1
317 1173 1
317 1503 1
319 581 1
320 405 1
320 1081 1
320 1354 1
322 1797 1
323 411 1
323 1148 1
323 1689 1
323 1868 1
324 453 1
324 1246 1
324 1912 1
325 377 1
325 1143 1
326 343 1
326 547 1
326 1706 1
327 563 1
327 1852 1
328 355 1
328 469 1
328 549 1
328 561 1
329 786 1
329 1395 1
329 1889 1
330 1209 1
332 394 1
332 743 1
332 756 1
332 1805 1
333 544 1
333 781 1
334 775 1
334 1182 1
336 351 1
336 415 1
336 1673 1
337 1087 1
337 1875 1
338 524 1
338 704 1
339 815 1
340 1214 1
341 461 1
341 947 1
342 412 1
342 1533 1
342 1764 1
343 595 1
343 1403 1
343 1625 1
344 384 1
344 440 1
344 488 1
345 1496 1
346 490 1
348 481 1
348 1666 1
349 687 1
350 508 1
351 395 1
351 636 1
351 1301 1
352 452 1
352 583 1
353 439 1
354 541 1
355 392 1
356 880 1
356 1097 1
356 1152 1
357 1634 1
358 435 1
360 361 1
360 517 1
360 708 1
360 1228 1
360 1931 1
361 1090 1
363 1157 1
363 1278 1
364 1555 1
364 1591 1
364 1869 1
365 414 1
365 507 1
365 538 1
365 686 1
365 1538 1
366 617 1
367 643 1
368 628 1
369 699 1
370 600 1
371 807 1
371 1384 1
372 1221 1
373 804 1
373 1995 1
374 1014 1
375 483 1
375 904 1
375 1151 1
375 1699 1
377 837 1
378 536 1
382 428 1
382 1702 1
383 613 1
383 863 1
383 1112 1
384 1011 1
385 827 1
386 460 1
386 515 1
387 1008 1
389 670 1
390 730 1
390 1044 1
390 1326 1
390 1675 1
391 603 1
392 477 1
392 1330 1
393 608 1
393 1261 1
394 457 1
394 525 1
394 671 1
395 964 1
396 666 1
398 844 1
398 1633 1
399 1287 1
400 735 1
401 1913 1
403 493 1
403 1610 1
405 774 1
407 1662 1
411 941 1
412 586 1
412 1252 1
413 776 1
413 1063 1
413 1707 1
416 1033 1
416 1154 1
416 1728 1
416 1745 1
417 444 1
417 811 1
418 813 1
418 1600 1
419 859 1
419 877 1
420 1289 1
422 1505 1
423 539 1
423 1999 1
424 1179 1
424 1774 1
426 631 1
426 754 1
426 1316 1
427 459 1
427 1010 1
427 1440 1
428 616 1
428 675 1
429 977 1
431 680 1
431 949 1
432 495 1
432 506 1
432 1843 1
435 830 1
435 1108 1
436 489 1
436 537 1
436 615 1
436 1406 1
437 593 1
437 823 1
437 978 1
438 668 1
438 926 1
438 1655 1
439 913 1
439 1247 1
441 550 1
441 784 1
441 871 1
441 1680 1
443 447 1
443 511 1
443 725 1
443 824 1
443 953 1
444 1390 1
445 1599 1
446 864 1
446 972 1
446 1361 1
447 1692 1
447 1740 1
448 1036 1
448 1184 1
449 585 1
450 707 1
451 589 1
452 662 1
452 1285 1
452 1507 1
452 1615 1
453 831 1
453 1681 1
455 1076 1
456 598 1
456 789 1
456 908 1
457 580 1
458 1161 1
458 1732 1
459 794 1
459 994 1
459 1410 1
459 1464 1
461 512 1
461 1012 1
461 1368 1
462 692 1
462 943 1
462 1299 1
462 1893 1
466 1412 1
467 545 1
467 899 1
468 834 1
468 1826 1
469 520 1
470 893 1
472 528 1
472 591 1
472 618 1
472 655 1
473 718 1
473 1513 1
474 702 1
475 1273 1
476 742 1
476 879 1
477 479 1
477 1481 1
477 1630 1
478 749 1
478 1397 1
478 1420 1
478 1638 1
479 543 1
480 522 1
480 562 1
481 752 1
481 1499 1
482 653 1
482 1862 1
484 1493 1
485 499 1
485 681 1
485 1776 1
486 529 1
486 1056 1
486 1183 1
487 1156 1
487 1194 1
488 1485 1
489 1422 1
489 1459 1
490 919 1
490 1057 1
490 1065 1
490 1801 1
492 799 1
493 559 1
493 773 1
494 961 1
495 502 1
495 627 1
495 1693 1
497 1582 1
498 1918 1
499 1237 1
499 1437 1
500 734 1
500 778 1
501 817 1
501 944 1
503 1037 1
503 1793 1
505 530 1
505 1062 1
506 1297 1
507 1713 1
507 1744 1
508 551 1
508 709 1
508 999 1
509 1137 1
509 1488 1
510 714 1
510 983 1
510 1398 1
511 760 1
511 764 1
512 1877 1
513 1742 1
514 633 1
515 579 1
515 1448 1
518 1169 1
519 642 1
520 1596 1
521 1402 1
522 685 1
522 1781 1
527 592 1
527 746 1
527 1082 1
530 555 1
530 796 1
530 1540 1
530 1561 1
531 1425 1
531 1769 1
532 582 1
532 1264 1
533 771 1
533 1436 1
534 1283 1
534 1451 1
534 1711 1
535 832 1
535 839 1
535 1333 1
536 607 1
536 897 1
536 1635 1
537 933 1
539 712 1
541 1532 1
542 1836 1
543 1737 1
544 717 1
544 1030 1
544 1241 1
544 1487 1
547 629 1
548 906 1
549 722 1
549 723 1
549 1307 1
549 1353 1
550 701 1
551 601 1
551 980 1
551 1777 1
552 651 1
553 1648 1
555 697 1
556 950 1
558 614 1
558 672 1
559 1146 1
560 851 1
560 1197 1
561 638 1
562 625 1
563 724 1
563 1004 1
563 1345 1
563 1560 1
567 578 1
568 758 1
568 1171 1
568 1578 1
569 1126 1
569 1421 1
571 1180 1
574 630 1
574 770 1
575 812 1
575 1203 1
575 1306 1
576 604 1
576 1935 1
579 606 1
579 1115 1
580 1897 1
581 887 1
581 1392 1
581 1457 1
582 657 1
582 1138 1
585 1079 1
585 1107 1
585 1604 1
586 787 1
586 1067 1
587 1899 1
589 966 1
590 1242 1
590 1255 1
591 1914 1
592 1441 1
594 715 1
594 763 1
594 1351 1
595 1053 1
596 665 1
597 622 1
597 783 1
597 1446 1
599 1122 1
599 1601 1
600 1762 1
601 894 1
601 1373 1
602 1564 1
603 1784 1
605 732 1
605 1200 1
606 793 1
607 937 1
607 1542 1
607 1563 1
608 1206 1
608 1280 1
608 1815 1
609 621 1
610 747 1
610 927 1
611 819 1
612 849 1
612 1438 1
613 884 1
615 993 1
615 1990 1
616 916 1
616 1005 1
616 1211 1
616 1380 1
617 728 1
617 745 1
618 1738 1
620 1193 1
621 740 1
622 626 1
622 1142 1
628 1849 1
629 1641 1
630 1249 1
633 882 1
633 1928 1
633 1961 1
634 828 1
634 1134 1
636 1308 1
636 1405 1
637 1529 1
639 1144 1
640 795 1
640 911 1
640 1133 1
641 1458 1
642 1217 1
642 1418 1
643 1208 1
643 1250 1
644 1091 1
645 810 1
646 814 1
646 1007 1
646 1597 1
647 931 1
647 1792 1
647 1840 1
649 757 1
649 798 1
649 840 1
650 698 1
650 762 1
650 1198 1
651 1129 1
652 1640 1
654 683 1
654 968 1
656 1009 1
657 985 1
657 1696 1
659 1482 1
661 902 1
662 997 1
662 1334 1
662 1419 1
663 705 1
664 1114 1
668 731 1
668 1050 1
668 1592 1
669 1483 1
670 896 1
670 1933 1
671 885 1
671 1191 1
672 954 1
674 914 1
676 719 1
677 850 1
677 1286 1
679 890 1
680 1027 1
681 1028 1
682 1442 1
684 1210 1
685 1104 1
686 1294 1
687 928 1
690 909 1
690 1409 1
690 1461 1
692 1084 1
693 1775 1
695 1462 1
695 1508 1
700 1515 1
701 971 1
702 1165 1
703 1074 1
703 1100 1
703 1660 1
703 1701 1
705 891 1
707 1058 1
707 1653 1
707 1960 1
708 748 1
709 1001 1
709 1291 1
710 923 1
712 1932 1
712 1946 1
715 791 1
716 1086 1
716 1587 1
717 988 1
717 992 1
717 1327 1
718 1224 1
719 1369 1
721 1051 1
721 1245 1
723 869 1
725 861 1
725 1348 1
728 821 1
728 1396 1
730 833 1
731 1130 1
732 779 1
732 935 1
732 1098 1
735 1298 1
737 1570 1
739 1070 1
740 1723 1
741 755 1
744 1958 1
746 806 1
746 1979 1
748 1317 1
749 883 1
749 1290 1
749 1331 1
750 800 1
750 1069 1
751 1523 1
752 1207 1
753 862 1
754 1536 1
755 1078 1
757 962 1
757 1300 1
759 1911 1
760 1802 1
762 856 1
762 1435 1
765 1060 1
767 1659 1
768 1656 1
769 1387 1
772 1003 1
772 1170 1
773 1901 1
774 1506 1
774 1654 1
774 1968 1
776 1399 1
777 1443 1
778 1719 1
779 1035 1
779 1274 1
780 1292 1
782 792 1
782 946 1
786 1329 1
787 843 1
789 836 1
790 974 1
790 1048 1
790 1094 1
790 1267 1
793 1212 1
794 1167 1
795 1504 1
797 1357 1
798 873 1
800 995 1
802 895 1
802 1231 1
804 917 1
805 940 1
806 1136 1
808 1045 1
808 1075 1
808 1705 1
808 1940 1
809 1475 1
810 1024 1
810 1119 1
814 1159 1
816 855 1
819 1537 1
819 1694 1
820 1991 1
822 867 1
823 1257 1
824 1558 1
825 1049 1
825 1411 1
826 1196 1
827 1185 1
828 1068 1
828 1430 1
829 1589 1
830 1258 1
832 1924 1
834 1426 1
835 875 1
838 1350 1
839 876 1
840 1543 1
840 1876 1
841 853 1
841 1452 1
842 1089 1
842 1328 1
843 1478 1
844 1101 1
848 1873 1
851 1598 1
851 1817 1
854 907 1
855 1042 1
855 1187 1
855 1474 1
855 1980 1
858 1322 1
862 1501 1
862 1639 1
862 1739 1
864 1338 1
865 973 1
865 1621 1
866 872 1
866 1495 1
866 1619 1
868 1661 1
869 1109 1
871 1789 1
872 1018 1
876 1620 1
876 1683 1
876 1690 1
881 1863 1
882 1253 1
883 1637 1
885 1453 1
885 1467 1
885 1871 1
886 990 1
887 1709 1
887 1783 1
888 942 1
888 1557 1
888 1900 1
889 1364 1
889 1484 1
891 1077 1
893 1105 1
895 1176 1
895 1735 1
896 1135 1
900 1085 1
901 1356 1
904 939 1
906 1517 1
908 1939 1
914 1383 1
915 1088 1
916 1158 1
917 1491 1
917 1754 1
918 1309 1
919 1476 1
923 1043 1
923 1343 1
923 1376 1
923 1645 1
925 938 1
928 1858 1
931 1773 1
937 1424 1
938 1447 1
942 1061 1
942 1111 1
942 1296 1
942 1829 1
946 1821 1
948 1220 1
949 1052 1
949 1312 1
950 1463 1
951 967 1
951 1417 1
951 1936 1
954 1013 1
956 1244 1
957 958 1
957 1937 1
959 1444 1
959 1490 1
962 1627 1
965 1497 1
970 1248 1
970 1569 1
972 1305 1
972 1554 1
972 1647 1
974 1978 1
976 1016 1
977 1260 1
977 1613 1
979 1072 1
979 1263 1
981 1120 1
981 1678 1
982 1230 1
985 1370 1
986 1341 1
986 1573 1
987 1612 1
988 1546 1
989 1022 1
990 1227 1
992 1302 1
993 1288 1
994 1607 1
994 1827 1
998 1025 1
1000 1266 1
1002 1199 1
1002 1715 1
1004 1808 1
1005 1617 1
1005 1921 1
1005 1971 1
1006 1342 1
1008 1121 1
1009 1730 1
1011 1575 1
1014 1233 1
1017 1955 1
1018 1456 1
1019 1219 1
1019 1566 1
1020 1472 1
1020 1651 1
1022 1903 1
1023 1337 1
1027 1251 1
1029 1401 1
1032 1944 1
1036 1580 1
1037 1695 1
1040 1854 1
1041 1568 1
1043 1349 1
1044 1259 1
1045 1749 1
1046 1149 1
1047 1631 1
1048 1519 1
1049 1718 1
1051 1160 1
1056 1117 1
1057 1268 1
1060 1547 1
1061 1099 1
1061 1404 1
1062 1983 1
1063 1943 1
1064 1652 1
1066 1166 1
1067 1679 1
1069 1282 1
1069 1891 1
1072 1213 1
1072 1823 1
1073 1174 1
1073 1882 1
1075 1080 1
1076 1095 1
1077 1163 1
1077 1225 1
1077 1603 1
1079 1588 1
1080 1512 1
1080 1530 1
1081 1344 1
1081 1833 1
1082 1608 1
1083 1428 1
1083 1473 1
1084 1205 1
1085 1590 1
1086 1145 1
1088 1853 1
1089 1716 1
1090 1279 1
1093 1226 1
1095 1103 1
1096 1550 1
1098 1379 1
1101 1894 1
1104 1315 1
1110 1367 1
1114 1455 1
1116 1572 1
1118 1725 1
1119 1865 1
1120 1524 1
1120 1549 1
1120 1850 1
1123 1155 1
1128 1407 1
1128 1668 1
1130 1239 1
1130 1394 1
1131 1162 1
1131 1510 1
1133 1216 1
1133 1748 1
1134 1415 1
1134 1579 1
1135 1628 1
1141 1188 1
1142 1335 1
1142 1727 1
1147 1153 1
1150 1767 1
1150 1786 1
1151 1844 1
1153 1277 1
1156 1812 1
1157 1433 1
1163 1618 1
1164 1626 1
1166 1788 1
1167 1177 1
1167 1471 1
1169 1643 1
1171 1202 1
1171 1204 1
1172 1303 1
1172 1930 1
1173 1377 1
1176 1423 1
1181 1531 1
1182 1223 1
1183 1697 1
1185 1746 1
1188 1646 1
1188 1957 1
1189 1460 1
1189 1539 1
1190 1867 1
1191 1321 1
1191 1556 1
1196 1304 1
1198 1243 1
1198 1339 1
1198 1611 1
1199 1256 1
1199 1311 1
1201 1346 1
1202 1469 1
1205 1606 1
1206 1685 1
1207 1682 1
1209 1910 1
1211 1269 1
1213 1816 1
1215 1362 1
1219 1439 1
1222 1336 1
1222 1629 1
1222 1676 1
1222 1729 1
1225 1726 1
1226 1665 1
1229 1359 1
1232 1352 1
1232 1674 1
1245 1332 1
1248 1400 1
1256 1489 1
1258 1949 1
1265 1565 1
1267 1974 1
1268 1895 1
1269 1374 1
1270 1584 1
1270 1595 1
1271 1358 1
1271 1770 1
1271 1945 1
1274 1839 1
1275 1548 1
1278 1658 1
1278 1898 1
1278 1988 1
1279 1450 1
1281 1324 1
1284 1526 1
1290 1698 1
1294 1388 1
1294 1636 1
1297 1834 1
1298 1551 1
1300 1500 1
1301 1391 1
1301 1408 1
1301 1708 1
1301 1993 1
1304 1992 1
1305 1624 1
1308 1586 1
1313 1544 1
1319 1535 1
1322 1967 1
1323 1864 1
1327 1997 1
1330 1502 1
1331 1896 1
1333 1962 1
1338 1984 1
1340 1810 1
1342 1669 1
1347 1831 1
1351 1382 1
1354 1759 1
1358 1468 1
1363 1806 1
1364 1888 1
1367 1902 1
1374 1486 1
1375 1581 1
1375 1807 1
1378 1838 1
1378 1905 1
1381 1780 1
1382 1602 1
1387 1605 1
1391 1796 1
1397 1785 1
1398 1514 1
1403 1574 1
1404 1577 1
1405 1527 1
1406 1480 1
1406 1672 1
1407 1470 1
1408 1541 1
1409 1874 1
1409 1976 1
1412 1964 1
1414 1818 1
1415 1787 1
1416 1454 1
1422 1747 1
1424 1952 1
1426 1760 1
1433 1987 1
1434 1736 1
1443 1466 1
1444 1733 1
1445 1878 1
1447 1657 1
1449 1494 1
1449 1609 1
1449 1632 1
1449 1927 1
1452 1741 1
1452 1998 1
1453 1616 1
1456 1593 1
1458 1904 1
1459 1919 1
1459 1956 1
1460 1623 1
1461 1813 1
1464 1704 1
1464 1803 1
1467 1859 1
1469 1782 1
1472 1926 1
1476 1477 1
1476 1734 1
1490 1819 1
1491 1800 1
1498 1650 1
1498 1722 1
1498 1820 1
1499 1686 1
1501 1892 1
1502 1765 1
1502 1861 1
1510 1622 1
1522 1752 1
1523 1525 1
1526 1985 1
1527 1534 1
1530 1804 1
1531 1870 1
1537 1790 1
1546 1923 1
1548 1583 1
1548 1594 1
1548 1982 1
1550 1772 1
1551 1866 1
1553 1642 1
1563 1614 1
1567 1832 1
1570 1886 1
1574 1795 1
1599 1848 1
1617 1771 1
1618 1710 1
1620 1986 1
1626 1644 1
1637 1881 1
1641 1851 1
1647 1720 1
1648 1688 1
1651 1969 1
1657 1925 1
1662 1977 1
1666 1687 1
1667 1700 1
1669 1763 1
1675 1814 1
1677 1929 1
1678 1860 1
1681 1714 1
1683 1731 1
1691 1811 1
1700 1837 1
1713 1758 1
1720 1743 1
1727 1822 1
1735 1906 1
1740 1972 1
1743 1756 1
1746 1847 1
1755 1951 1
1764 1830 1
1765 1768 1
1765 1835 1
1770 1908 1
1782 1973 1
1788 1824 1
1795 1909 1
1803 1981 1
1806 1856 1
1807 1879 1
1812 1922 1
1818 2000 1
1819 1855 1
1826 1890 1
1828 1994 1
1834 1845 1
1839 1907 1
1841 1959 1
1863 1966 1
1883 1948 1
1919 1941 1