2000
1 2 1
1 3 1
1 4 1
1 15 1
1 18 1
1 37 1
1 46 1
1 54 1
1 65 1
1 126 1
1 578 1
1 716 1
1 904 1
2 26 1
2 27 1
2 43 1
2 50 1
2 89 1
2 719 1
3 5 1
3 11 1
3 74 1
3 259 1
3 1923 1
4 14 1
4 21 1
4 24 1
4 91 1
4 226 1
5 6 1
5 9 1
5 20 1
5 38 1
5 94 1
5 285 1
5 468 1
5 1385 1
6 7 1
6 8 1
6 10 1
6 93 1
6 211 1
6 344 1
7 123 1
7 420 1
8 17 1
8 42 1
8 59 1
8 248 1
8 456 1
8 534 1
8 548 1
9 63 1
9 625 1
9 1434 1
10 12 1
10 62 1
10 114 1
10 155 1
10 244 1
10 710 1
11 32 1
11 33 1
11 80 1
11 180 1
11 300 1
11 1028 1
12 13 1
12 28 1
12 292 1
12 1108 1
13 19 1
13 35 1
13 256 1
13 584 1
14 31 1
14 52 1
14 58 1
14 280 1
14 307 1
14 632 1
14 1886 1
15 16 1
15 29 1
15 30 1
15 34 1
15 77 1
15 430 1
16 107 1
16 199 1
16 331 1
16 618 1
16 758 1
17 25 1
17 71 1
17 81 1
17 83 1
17 319 1
17 1374 1
18 67 1
18 101 1
18 124 1
18 163 1
18 351 1
19 23 1
19 143 1
19 369 1
19 567 1
19 629 1
19 657 1
19 886 1
20 22 1
20 92 1
20 131 1
20 860 1
20 1142 1
21 78 1
21 684 1
21 1499 1
21 1764 1
22 36 1
22 68 1
22 133 1
22 175 1
22 364 1
22 780 1
22 814 1
23 105 1
23 712 1
24 178 1
24 233 1
24 1119 1
24 1898 1
25 53 1
25 61 1
25 238 1
25 325 1
26 40 1
26 137 1
26 258 1
26 326 1
26 519 1
27 39 1
27 276 1
27 645 1
27 1077 1
27 1988 1
28 41 1
28 121 1
28 1000 1
28 1199 1
29 152 1
29 253 1
29 376 1
29 603 1
29 1378 1
29 1731 1
29 1825 1
29 1951 1
30 45 1
30 87 1
30 118 1
30 1405 1
31 125 1
31 176 1
31 479 1
32 194 1
32 272 1
32 332 1
32 595 1
32 652 1
33 55 1
33 73 1
33 75 1
33 1495 1
35 51 1
35 704 1
36 932 1
36 1082 1
37 397 1
37 581 1
37 816 1
37 1291 1
38 48 1
38 112 1
38 214 1
38 894 1
39 44 1
39 47 1
39 88 1
39 847 1
39 907 1
40 136 1
40 164 1
40 223 1
40 247 1
41 60 1
41 448 1
41 525 1
41 583 1
41 1552 1
42 327 1
42 372 1
42 1321 1
43 115 1
43 191 1
43 1048 1
43 1479 1
44 69 1
44 503 1
44 2000 1
45 318 1
45 938 1
46 56 1
46 70 1
46 100 1
46 1173 1
47 49 1
47 354 1
47 1371 1
48 95 1
48 119 1
48 127 1
48 220 1
48 291 1
48 731 1
48 824 1
48 1527 1
49 57 1
50 79 1
50 251 1
50 305 1
50 312 1
51 184 1
51 262 1
51 562 1
51 1044 1
51 1148 1
51 1410 1
52 303 1
52 462 1
52 506 1
53 144 1
53 246 1
53 566 1
53 1672 1
54 129 1
54 404 1
54 478 1
54 491 1
54 532 1
54 1097 1
56 264 1
56 377 1
56 540 1
56 646 1
57 261 1
57 588 1
57 1471 1
58 103 1
58 158 1
58 168 1
58 333 1
58 488 1
58 667 1
58 1336 1
59 120 1
59 192 1
59 241 1
59 438 1
59 446 1
59 1070 1
60 165 1
60 1002 1
60 1163 1
60 1533 1
61 64 1
61 182 1
61 187 1
61 231 1
61 299 1
61 850 1
61 1349 1
63 66 1
63 542 1
64 135 1
64 399 1
64 1529 1
65 846 1
65 1186 1
65 1376 1
65 1677 1
66 96 1
66 106 1
66 183 1
66 412 1
66 1342 1
66 1882 1
67 72 1
67 99 1
67 218 1
68 84 1
68 150 1
68 275 1
68 828 1
68 1307 1
68 1547 1
68 1718 1
69 76 1
69 388 1
69 401 1
69 1626 1
70 104 1
70 208 1
70 293 1
71 97 1
71 166 1
71 424 1
71 675 1
72 146 1
73 230 1
73 443 1
74 349 1
74 753 1
74 1498 1
75 348 1
75 1272 1
75 1365 1
76 82 1
76 85 1
76 109 1
76 267 1
76 558 1
76 560 1
76 777 1
77 113 1
77 316 1
77 1296 1
78 102 1
78 138 1
79 86 1
79 189 1
80 98 1
80 296 1
80 310 1
80 1463 1
80 1676 1
81 274 1
81 638 1
81 790 1
81 866 1
81 910 1
81 947 1
82 341 1
82 457 1
83 90 1
83 622 1
83 1155 1
84 111 1
84 330 1
84 1111 1
85 329 1
85 463 1
85 765 1
85 920 1
86 499 1
86 1787 1
87 116 1
87 177 1
87 229 1
87 747 1
88 151 1
88 221 1
88 447 1
88 1115 1
88 1573 1
89 365 1
89 1589 1
90 108 1
90 110 1
90 347 1
90 647 1
90 885 1
91 1810 1
92 213 1
92 561 1
92 1776 1
93 308 1
94 411 1
94 477 1
95 170 1
95 517 1
95 1074 1
96 832 1
96 1079 1
96 1105 1
96 1795 1
97 427 1
97 516 1
97 967 1
98 139 1
98 148 1
98 232 1
98 796 1
98 1162 1
99 145 1
99 298 1
99 394 1
99 644 1
100 142 1
100 173 1
100 374 1
102 122 1
102 396 1
103 393 1
103 494 1
103 585 1
103 1407 1
104 336 1
104 384 1
104 444 1
104 801 1
104 1239 1
105 147 1
105 378 1
106 205 1
106 266 1
106 1178 1
107 279 1
108 689 1
108 746 1
108 757 1
109 128 1
109 779 1
109 1266 1
110 117 1
110 240 1
110 355 1
110 357 1
110 1009 1
110 1714 1
111 1090 1
111 1130 1
112 160 1
112 996 1
113 154 1
113 157 1
113 539 1
113 841 1
114 297 1
114 340 1
114 526 1
114 639 1
115 188 1
115 193 1
115 283 1
115 879 1
116 141 1
116 1187 1
117 200 1
117 836 1
118 607 1
118 767 1
118 1072 1
119 169 1
119 1375 1
120 1633 1
120 1820 1
121 130 1
121 271 1
121 1505 1
122 215 1
122 524 1
122 544 1
122 863 1
123 140 1
123 1046 1
124 134 1
124 281 1
125 1231 1
125 1601 1
126 161 1
126 1344 1
127 1024 1
127 1043 1
128 132 1
128 1174 1
129 149 1
129 153 1
129 383 1
129 713 1
129 1085 1
130 198 1
130 314 1
130 775 1
130 1095 1
131 309 1
131 451 1
132 202 1
132 339 1
132 402 1
132 469 1
132 1551 1
133 235 1
133 589 1
133 1094 1
133 1172 1
135 1345 1
137 707 1
137 799 1
137 1284 1
138 1430 1
139 294 1
139 582 1
140 1579 1
142 245 1
142 621 1
142 772 1
143 179 1
143 185 1
143 538 1
143 1131 1
144 219 1
144 288 1
144 554 1
144 1128 1
145 207 1
145 222 1
145 1099 1
146 197 1
147 317 1
147 413 1
147 724 1
147 1953 1
149 209 1
149 210 1
149 252 1
150 1309 1
151 416 1
152 423 1
152 1849 1
153 236 1
153 893 1
153 1762 1
154 156 1
154 284 1
154 290 1
154 598 1
155 255 1
156 159 1
156 162 1
156 631 1
156 1192 1
156 1318 1
157 196 1
157 203 1
157 273 1
157 287 1
158 172 1
159 174 1
159 206 1
160 186 1
160 237 1
160 306 1
160 549 1
160 1045 1
160 1217 1
160 1619 1
160 1664 1
161 363 1
161 962 1
162 171 1
162 334 1
162 1147 1
163 414 1
163 470 1
163 698 1
163 930 1
163 1006 1
164 181 1
164 257 1
164 658 1
164 818 1
164 1749 1
165 167 1
165 1711 1
166 407 1
166 829 1
166 1069 1
166 1228 1
166 1352 1
166 1594 1
167 268 1
167 487 1
168 389 1
168 1306 1
169 577 1
169 681 1
169 1308 1
169 1628 1
170 510 1
170 555 1
170 671 1
170 726 1
170 974 1
171 371 1
171 541 1
171 745 1
171 989 1
172 711 1
173 190 1
173 513 1
173 685 1
173 875 1
174 239 1
174 553 1
175 692 1
175 956 1
176 320 1
176 459 1
177 263 1
177 304 1
177 1367 1
178 227 1
178 648 1
178 982 1
178 1709 1
179 195 1
179 228 1
179 250 1
179 353 1
180 490 1
180 573 1
180 688 1
180 1221 1
180 1338 1
180 1442 1
181 432 1
181 1539 1
182 216 1
182 809 1
183 212 1
183 660 1
183 1294 1
184 360 1
184 1137 1
185 1815 1
186 254 1
186 323 1
186 654 1
187 201 1
187 242 1
187 521 1
187 769 1
188 878 1
188 1132 1
189 798 1
189 1971 1
190 641 1
190 1341 1
190 1691 1
191 204 1
191 322 1
191 523 1
191 1509 1
193 466 1
194 225 1
194 1507 1
195 381 1
195 449 1
195 948 1
196 1417 1
196 1488 1
197 295 1
197 771 1
197 1500 1
198 282 1
198 461 1
198 1114 1
198 1779 1
199 819 1
199 1209 1
199 1256 1
199 1340 1
200 596 1
200 1109 1
201 302 1
201 1708 1
201 1916 1
202 328 1
203 1698 1
204 260 1
204 903 1
206 624 1
207 278 1
207 409 1
208 217 1
208 321 1
208 392 1
208 527 1
209 706 1
210 277 1
210 350 1
214 243 1
214 475 1
215 452 1
215 1531 1
216 390 1
216 754 1
216 1081 1
217 224 1
217 311 1
217 733 1
217 942 1
218 955 1
218 1568 1
218 1877 1
219 379 1
220 249 1
220 342 1
220 405 1
220 410 1
220 431 1
220 813 1
221 453 1
221 752 1
221 1427 1
221 1733 1
223 370 1
223 571 1
223 655 1
223 1013 1
224 356 1
224 776 1
225 988 1
225 1190 1
226 269 1
226 387 1
227 366 1
227 373 1
227 464 1
227 856 1
227 1031 1
227 1686 1
228 505 1
228 839 1
229 234 1
229 552 1
230 335 1
230 1783 1
232 455 1
232 495 1
232 1753 1
233 433 1
233 672 1
234 764 1
234 1512 1
234 1754 1
235 442 1
235 1144 1
235 1826 1
237 1287 1
237 1941 1
238 286 1
238 473 1
238 1040 1
238 1978 1
239 533 1
240 362 1
240 825 1
240 883 1
241 324 1
241 557 1
241 953 1
242 593 1
242 1369 1
243 673 1
244 1595 1
245 425 1
246 417 1
246 750 1
246 1515 1
247 498 1
248 265 1
249 887 1
250 547 1
250 580 1
251 482 1
252 837 1
252 1328 1
253 980 1
253 1139 1
253 1222 1
253 1902 1
254 723 1
255 1146 1
257 1151 1
258 507 1
258 736 1
258 854 1
259 313 1
259 483 1
259 1218 1
259 1312 1
260 1039 1
261 474 1
261 859 1
262 1087 1
262 1202 1
262 1469 1
263 668 1
264 270 1
264 985 1
264 1917 1
265 674 1
265 1361 1
266 481 1
266 1770 1
267 1303 1
268 289 1
268 759 1
269 485 1
269 1026 1
270 606 1
270 1167 1
270 1724 1
270 1737 1
270 1817 1
271 315 1
271 415 1
271 511 1
271 794 1
272 1832 1
273 929 1
273 1195 1
274 301 1
274 504 1
274 1275 1
275 358 1
275 1329 1
276 821 1
277 359 1
277 434 1
277 1337 1
277 1645 1
278 428 1
278 627 1
280 551 1
281 426 1
281 1107 1
282 727 1
282 1537 1
283 559 1
283 925 1
283 1927 1
284 422 1
284 512 1
284 1311 1
285 343 1
285 979 1
286 550 1
287 880 1
288 1129 1
290 1423 1
290 1778 1
292 934 1
292 1268 1
294 375 1
294 395 1
294 1472 1
294 1553 1
295 403 1
295 546 1
295 568 1
295 1037 1
295 1373 1
295 1599 1
296 361 1
296 1671 1
297 695 1
298 661 1
299 537 1
299 666 1
299 1286 1
300 861 1
301 545 1
301 858 1
302 1014 1
304 617 1
304 1332 1
305 515 1
306 337 1
306 1052 1
307 454 1
307 476 1
307 735 1
307 1562 1
308 346 1
309 1627 1
310 693 1
311 1004 1
311 1035 1
311 1700 1
312 530 1
312 1034 1
314 400 1
314 1757 1
315 626 1
315 1150 1
315 1351 1
316 472 1
316 774 1
317 345 1
317 569 1
317 1456 1
318 386 1
318 1232 1
319 382 1
320 338 1
320 1314 1
321 398 1
322 352 1
322 514 1
322 556 1
322 973 1
322 1432 1
323 766 1
323 914 1
323 1487 1
324 1508 1
324 1517 1
326 670 1
327 1389 1
327 1959 1
327 1968 1
329 441 1
329 1333 1
330 489 1
330 1683 1
331 385 1
331 742 1
331 1398 1
331 1546 1
331 1987 1
332 439 1
332 1411 1
333 1136 1
334 418 1
334 705 1
334 1161 1
334 1741 1
335 730 1
336 677 1
336 867 1
337 1811 1
341 1449 1
341 1693 1
343 1679 1
344 408 1
344 1548 1
346 785 1
346 1193 1
347 924 1
347 1093 1
349 748 1
349 1699 1
350 458 1
350 1760 1
351 380 1
351 536 1
351 628 1
351 1404 1
352 502 1
352 900 1
352 1158 1
353 636 1
353 1421 1
353 1696 1
354 421 1
354 594 1
356 714 1
356 808 1
356 972 1
356 984 1
356 1011 1
356 1862 1
357 367 1
358 612 1
358 831 1
359 436 1
359 992 1
360 1496 1
361 696 1
362 368 1
362 440 1
363 564 1
364 717 1
364 1282 1
365 690 1
365 843 1
365 949 1
367 597 1
367 633 1
369 876 1
371 406 1
371 419 1
372 460 1
372 1053 1
372 1646 1
374 518 1
374 817 1
375 435 1
375 565 1
375 1963 1
376 1201 1
376 1445 1
377 789 1
377 1609 1
378 391 1
378 1274 1
378 1327 1
378 1819 1
380 991 1
382 906 1
382 971 1
383 981 1
383 1171 1
383 1639 1
383 1960 1
384 1322 1
384 1386 1
385 864 1
385 1168 1
385 1251 1
387 586 1
387 613 1
390 501 1
390 1993 1
391 1083 1
391 1879 1
393 687 1
394 810 1
394 1262 1
394 1575 1
395 635 1
396 756 1
396 1319 1
397 643 1
397 741 1
397 931 1
399 680 1
399 1049 1
399 1149 1
400 1086 1
401 1414 1
402 587 1
402 649 1
402 728 1
402 918 1
404 1556 1
405 429 1
405 437 1
405 1669 1
406 529 1
406 1141 1
407 509 1
407 822 1
407 823 1
407 1164 1
409 676 1
409 1033 1
409 1068 1
409 1400 1
410 450 1
410 467 1
411 718 1
411 781 1
412 496 1
412 1288 1
413 702 1
414 888 1
415 734 1
418 1913 1
419 1346 1
420 493 1
422 1025 1
423 895 1
423 1986 1
424 708 1
424 1057 1
424 1326 1
424 1723 1
426 826 1
426 830 1
427 960 1
428 471 1
428 484 1
428 662 1
431 500 1
431 811 1
432 1181 1
432 1406 1
432 1904 1
433 497 1
433 591 1
433 1702 1
435 911 1
436 1157 1
437 465 1
437 531 1
437 1412 1
437 1912 1
439 445 1
439 937 1
441 1395 1
442 722 1
443 1213 1
443 1728 1
443 1808 1
443 1991 1
445 933 1
446 665 1
446 1018 1
447 480 1
447 936 1
447 1220 1
448 535 1
448 1763 1
449 1438 1
449 1536 1
450 492 1
450 1017 1
451 964 1
452 868 1
453 1949 1
454 869 1
455 664 1
456 642 1
456 679 1
457 486 1
457 1990 1
459 575 1
459 1413 1
460 1618 1
461 1895 1
462 620 1
463 1005 1
465 1613 1
466 605 1
466 1583 1
467 800 1
467 1892 1
468 1302 1
469 609 1
470 615 1
470 1078 1
470 1475 1
471 838 1
471 970 1
471 1924 1
472 623 1
472 1448 1
473 634 1
473 1015 1
474 576 1
474 1649 1
476 599 1
476 884 1
478 994 1
480 749 1
480 793 1
480 1359 1
482 721 1
482 760 1
482 1936 1
485 797 1
486 608 1
486 1056 1
486 1279 1
486 1678 1
487 787 1
487 1855 1
488 508 1
488 1569 1
489 520 1
489 528 1
489 1658 1
490 659 1
491 1267 1
491 1370 1
494 1175 1
496 610 1
498 572 1
499 579 1
499 940 1
499 1293 1
501 522 1
501 563 1
502 1393 1
502 1934 1
503 889 1
504 1911 1
505 1453 1
506 1969 1
508 570 1
510 939 1
512 1450 1
512 1584 1
513 720 1
516 1194 1
516 1215 1
516 1654 1
517 602 1
517 1554 1
518 1580 1
520 656 1
520 1067 1
520 1565 1
523 827 1
524 786 1
525 923 1
526 751 1
526 897 1
527 1023 1
528 601 1
528 1391 1
531 1549 1
531 1713 1
532 1061 1
533 592 1
533 640 1
533 833 1
533 1101 1
534 1299 1
534 1900 1
535 1675 1
536 848 1
536 1526 1
537 912 1
539 543 1
539 1225 1
540 600 1
541 1012 1
542 737 1
542 1357 1
542 1870 1
543 1954 1
544 1207 1
544 1972 1
545 697 1
547 1482 1
549 815 1
550 1996 1
551 1918 1
552 853 1
553 1098 1
553 1823 1
555 590 1
555 1666 1
557 614 1
558 995 1
558 1185 1
560 744 1
560 1428 1
561 1837 1
562 574 1
562 1016 1
562 1824 1
564 1381 1
564 1738 1
565 840 1
565 1593 1
566 968 1
567 844 1
570 791 1
571 855 1
571 1065 1
571 1110 1
572 1750 1
572 1755 1
573 619 1
578 1674 1
579 807 1
579 1878 1
580 1891 1
581 678 1
582 961 1
583 1501 1
585 669 1
585 802 1
587 709 1
588 1574 1
589 663 1
589 715 1
590 630 1
591 1317 1
591 1380 1
593 1455 1
593 1461 1
593 1611 1
594 616 1
594 1244 1
595 1076 1
595 1276 1
595 1334 1
595 1467 1
596 1491 1
596 1690 1
599 768 1
599 1433 1
600 604 1
600 915 1
601 1578 1
601 1821 1
601 1858 1
602 1007 1
602 1950 1
603 1401 1
603 1567 1
607 651 1
608 611 1
608 1897 1
610 1665 1
610 1681 1
612 682 1
612 804 1
612 977 1
612 987 1
612 1316 1
613 732 1
614 699 1
615 1426 1
618 650 1
619 637 1
620 694 1
620 1051 1
621 954 1
621 1559 1
622 743 1
622 788 1
623 1894 1
624 1233 1
624 1484 1
625 1066 1
625 1223 1
626 653 1
626 1729 1
626 1768 1
629 725 1
629 1240 1
630 1041 1
631 1010 1
632 1493 1
634 806 1
634 1166 1
635 835 1
635 1946 1
636 1032 1
637 782 1
639 1929 1
640 957 1
641 952 1
641 990 1
641 1252 1
641 1483 1
642 943 1
643 683 1
643 865 1
643 1844 1
644 986 1
644 1219 1
646 1036 1
647 703 1
647 755 1
647 762 1
647 778 1
647 1243 1
648 1180 1
649 701 1
651 1465 1
652 700 1
652 1204 1
652 1543 1
655 870 1
655 997 1
655 1952 1
656 740 1
656 965 1
657 763 1
657 958 1
658 1652 1
658 1822 1
659 969 1
659 1446 1
659 1558 1
661 1210 1
661 1511 1
662 1610 1
662 1780 1
663 917 1
663 1116 1
663 1842 1
664 1930 1
665 852 1
668 1301 1
669 919 1
670 872 1
670 1623 1
671 1443 1
673 691 1
674 1431 1
675 871 1
675 1263 1
676 1281 1
676 1964 1
677 783 1
677 792 1
677 1253 1
677 1637 1
679 1177 1
680 1812 1
681 959 1
681 1863 1
682 1060 1
682 1570 1
683 1126 1
684 881 1
685 686 1
685 1064 1
686 1519 1
686 1653 1
687 1075 1
688 1419 1
690 1008 1
692 1324 1
692 1382 1
693 729 1
693 899 1
693 963 1
693 1153 1
694 1799 1
695 1297 1
696 1208 1
697 978 1
698 1926 1
700 784 1
700 1205 1
700 1397 1
700 1502 1
701 993 1
702 1510 1
703 935 1
703 1635 1
704 1961 1
705 1106 1
706 944 1
707 1235 1
708 739 1
708 891 1
709 1160 1
709 1384 1
710 1387 1
710 1643 1
712 770 1
712 805 1
712 1145 1
714 975 1
714 1928 1
715 1390 1
716 795 1
717 1850 1
718 820 1
718 1261 1
718 1486 1
720 922 1
720 1019 1
722 1100 1
722 1182 1
724 1464 1
725 1030 1
725 1062 1
725 1104 1
726 738 1
726 1383 1
727 927 1
730 761 1
734 1259 1
735 873 1
738 905 1
739 877 1
739 976 1
740 1523 1
741 1102 1
743 1545 1
745 1888 1
746 941 1
747 1350 1
748 1096 1
750 908 1
750 1524 1
752 874 1
752 1020 1
752 1845 1
752 1865 1
754 857 1
754 1269 1
754 1829 1
755 1663 1
756 1792 1
758 892 1
759 1152 1
760 812 1
763 845 1
767 773 1
767 1659 1
771 1859 1
772 1273 1
772 1788 1
773 882 1
773 1800 1
773 1980 1
774 983 1
775 1705 1
776 896 1
777 842 1
778 1572 1
779 1127 1
779 1880 1
779 1981 1
781 1707 1
783 1058 1
783 1841 1
787 921 1
789 966 1
791 803 1
792 849 1
792 1983 1
793 1080 1
795 1767 1
796 945 1
797 834 1
797 1641 1
797 1935 1
800 1458 1
802 862 1
803 1184 1
803 1216 1
804 1021 1
804 1535 1
804 1682 1
804 1873 1
807 902 1
808 1597 1
809 916 1
809 1957 1
811 1525 1
811 1726 1
812 1159 1
815 909 1
817 1027 1
817 1883 1
821 898 1
821 1125 1
826 1473 1
829 1818 1
830 1634 1
832 851 1
833 998 1
833 1806 1
835 1134 1
835 1360 1
836 890 1
836 1660 1
837 1612 1
838 951 1
840 1063 1
842 1403 1
843 1054 1
843 1227 1
845 1582 1
847 1661 1
850 1437 1
851 1179 1
856 1047 1
857 1089 1
857 1624 1
858 999 1
859 1425 1
860 928 1
862 1091 1
863 1651 1
864 1265 1
867 926 1
869 901 1
871 1828 1
871 1920 1
875 1230 1
876 1176 1
881 1477 1
883 950 1
883 1123 1
883 1516 1
884 1238 1
884 1629 1
886 1909 1
890 1478 1
891 1836 1
892 1480 1
893 1038 1
893 1528 1
894 1967 1
895 1933 1
896 1197 1
897 1320 1
904 913 1
904 1856 1
906 1313 1
908 1088 1
908 1955 1
909 1670 1
910 1790 1
912 1377 1
916 1966 1
919 1638 1
920 1305 1
920 1540 1
920 1989 1
921 1710 1
923 1188 1
927 1402 1
928 1211 1
929 1271 1
929 1343 1
931 1555 1
933 946 1
940 1196 1
942 1003 1
942 1042 1
945 1586 1
946 1687 1
947 1170 1
947 1885 1
948 1734 1
953 1055 1
955 1001 1
955 1752 1
956 1492 1
956 1680 1
957 1907 1
958 1418 1
959 1050 1
959 1156 1
959 1189 1
961 1801 1
962 1298 1
963 1353 1
964 1084 1
964 1255 1
964 1257 1
964 1366 1
966 1022 1
966 1804 1
969 1092 1
969 1254 1
969 1440 1
969 1662 1
972 1229 1
972 1656 1
974 1103 1
974 1566 1
974 1642 1
976 1241 1
978 1249 1
979 1481 1
981 1246 1
983 1285 1
984 1363 1
984 1561 1
986 1372 1
987 1112 1
987 1143 1
987 1392 1
991 1356 1
992 1165 1
998 1029 1
998 1154 1
998 1310 1
999 1771 1
1000 1715 1
1001 1782 1
1003 1270 1
1004 1362 1
1004 1577 1
1005 1759 1
1005 1910 1
1006 1059 1
1008 1245 1
1009 1260 1
1009 1283 1
1012 1290 1
1013 1769 1
1014 1435 1
1018 1998 1
1019 1518 1
1020 1542 1
1020 1775 1
1021 1133 1
1022 1422 1
1023 1071 1
1023 1557 1
1027 1522 1
1028 1616 1
1034 1295 1
1034 1761 1
1035 1242 1
1036 1200 1
1036 1513 1
1041 1919 1
1043 1854 1
1045 1224 1
1047 1796 1
1051 1237 1
1051 1331 1
1052 1970 1
1053 1073 1
1054 1335 1
1059 1183 1
1062 1278 1
1062 1521 1
1067 1121 1
1067 1751 1
1068 1605 1
1072 1399 1
1072 1647 1
1073 1424 1
1073 1997 1
1074 1117 1
1076 1289 1
1077 1777 1
1080 1416 1
1081 1113 1
1081 1236 1
1082 1118 1
1083 1520 1
1084 1135 1
1084 1947 1
1085 1280 1
1085 1354 1
1087 1120 1
1087 1138 1
1088 1872 1
1090 1429 1
1092 1124 1
1096 1544 1
1098 1585 1
1105 1250 1
1106 1717 1
1108 1703 1
1111 1234 1
1111 1300 1
1111 1364 1
1112 1704 1
1113 1122 1
1114 1809 1
1119 1323 1
1120 1198 1
1126 1667 1
1128 1304 1
1128 1444 1
1130 1140 1
1135 1607 1
1136 1881 1
1137 1436 1
1138 1692 1
1139 1915 1
1142 1214 1
1142 1550 1
1143 1962 1
1144 1861 1
1144 1965 1
1146 1264 1
1147 1169 1
1149 1258 1
1152 1212 1
1155 1348 1
1157 1347 1
1160 1247 1
1160 1441 1
1160 1648 1
1162 1315 1
1163 1459 1
1166 1868 1
1170 1474 1
1172 1534 1
1173 1191 1
1176 1514 1
1176 1706 1
1183 1203 1
1183 1604 1
1186 1984 1
1190 1794 1
1192 1325 1
1193 1893 1
1197 1206 1
1197 1226 1
1198 1330 1
1199 1864 1
1203 1489 1
1205 1462 1
1206 1560 1
1208 1591 1
1209 1899 1
1211 1355 1
1214 1588 1
1218 1722 1
1220 1248 1
1222 1420 1
1225 1277 1
1225 1721 1
1227 1684 1
1228 1368 1
1228 1439 1
1228 1831 1
1229 1830 1
1231 1466 1
1233 1835 1
1235 1460 1
1236 1409 1
1238 1798 1
1251 1644 1
1251 1774 1
1251 1789 1
1254 1827 1
1255 1532 1
1259 1727 1
1260 1452 1
1260 1538 1
1261 1716 1
1263 1746 1
1266 1932 1
1268 1485 1
1268 1773 1
1270 1497 1
1270 1564 1
1272 1937 1
1273 1766 1
1274 1292 1
1278 1394 1
1281 1494 1
1283 1640 1
1285 1468 1
1292 1457 1
1299 1622 1
1300 1940 1
1305 1625 1
1306 1999 1
1307 1839 1
1309 1657 1
1310 1581 1
1312 1840 1
1313 1739 1
1313 1846 1
1314 1901 1
1317 1396 1
1318 1447 1
1320 1339 1
1328 1408 1
1328 1922 1
1332 1358 1
1334 1603 1
1334 1866 1
1349 1668 1
1352 1598 1
1353 1813 1
1355 1454 1
1360 1785 1
1361 1470 1
1365 1415 1
1366 1530 1
1372 1379 1
1374 1838 1
1377 1903 1
1379 1388 1
1379 1490 1
1381 1814 1
1383 1719 1
1386 1602 1
1387 1985 1
1392 1688 1
1392 1797 1
1394 1784 1
1395 1848 1
1398 1503 1
1399 1765 1
1402 1852 1
1402 1982 1
1403 1615 1
1405 1816 1
1407 1805 1
1408 1853 1
1410 1590 1
1413 1617 1
1414 1833 1
1415 1563 1
1419 1689 1
1419 1942 1
1421 1596 1
1422 1695 1
1427 1857 1
1429 1914 1
1434 1541 1
1437 1451 1
1445 1650 1
1451 1730 1
1455 1476 1
1460 1587 1
1463 1506 1
1464 1504 1
1467 1781 1
1472 1576 1
1472 1694 1
1473 1908 1
1477 1732 1
1484 1931 1
1490 1944 1
1493 1621 1
1494 1976 1
1495 1994 1
1498 1606 1
1498 1905 1
1504 1697 1
1511 1740 1
1516 1851 1
1518 1720 1
1526 1571 1
1537 1887 1
1538 1636 1
1545 1592 1
1545 1600 1
1545 1655 1
1546 1632 1
1546 1745 1
1551 1701 1
1551 1977 1
1558 1614 1
1558 1890 1
1568 1608 1
1569 1906 1
1576 1735 1
1577 1743 1
1581 1847 1
1584 1889 1
1585 1631 1
1586 1921 1
1593 1843 1
1594 1742 1
1594 1860 1
1600 1956 1
1606 1620 1
1607 1748 1
1608 1876 1
1615 1758 1
1617 1736 1
1623 1869 1
1627 1630 1
1627 1875 1
1643 1712 1
1644 1747 1
1644 1803 1
1647 1725 1
1662 1673 1
1666 1685 1
1674 1807 1
1701 1867 1
1716 1874 1
1720 1975 1
1721 1802 1
1722 1756 1
1726 1772 1
1728 1744 1
1733 1925 1
1733 1945 1
1740 1793 1
1758 1871 1
1763 1995 1
1775 1958 1
1781 1786 1
1788 1834 1
1790 1791 1
1802 1884 1
1802 1896 1
1833 1948 1
1840 1939 1
1859 1938 1
1874 1943 1
1883 1992 1
1902 1974 1
1909 1973 1
1962 1979 1