2000 4
1 2 151052599
2 3 137783679
3 4 411308322
4 5 58542784
5 6 260553020
6 7 36187261
7 8 677234663
8 9 22705875
9 10 257466386
10 11 276247294
11 12 633111123
12 13 409259839
13 14 333481516
14 15 989506236
15 16 40965170
16 17 866929125
17 18 895845507
18 19 119294797
19 20 658724644
20 21 710672057
21 22 803884420
22 23 855219896
23 24 390498137
24 25 807723302
25 26 461529642
26 27 343589822
27 28 888156841
28 29 295705778
29 30 127166847
30 31 224973732
31 32 297271796
32 33 202074309
33 34 109201120
34 35 462348741
35 36 13833562
36 37 559220647
37 38 125410703
38 39 804838514
39 40 247826974
40 41 468602388
41 42 68937360
42 43 564497182
43 44 497610277
44 45 758447041
45 46 798800155
46 47 150919547
47 48 583482615
48 49 658211573
49 50 888015997
50 51 653421829
51 52 621701396
52 53 939209472
53 54 278395501
54 55 578034362
55 56 774541682
56 57 282141261
57 58 307588555
58 59 947124558
59 60 921486283
60 61 954092990
61 62 445123553
62 63 246241657
63 64 520800587
64 65 341625749
65 66 612281631
66 67 743776622
67 68 84450952
68 69 165442934
69 70 27807899
70 71 943478813
71 72 977531220
72 73 56286000
73 74 192657384
74 75 436812450
75 76 998957175
76 77 136722410
77 78 492960168
78 79 163661484
79 80 114840967
80 81 380141028
81 82 469086418
82 83 39197810
83 84 190135378
84 85 776150215
85 86 49072531
86 87 77874565
87 88 495967802
88 89 114170184
89 90 762137227
90 91 484593772
91 92 409398257
92 93 160926330
93 94 336647671
94 95 857520883
95 96 682093784
96 97 423455114
97 98 594341224
98 99 647366983
99 100 62029550
100 101 993416336
101 102 426575455
102 103 353544629
103 104 892693358
104 105 854650455
105 106 600812744
106 107 467238790
107 108 333039694
108 109 405247425
109 110 330753512
110 111 221291471
111 112 93854124
112 113 93752474
113 114 637638759
114 115 945809977
115 116 635058237
116 117 242954835
117 118 467005111
118 119 483176650
119 120 44311057
120 121 118969559
121 122 752964492
122 123 60797832
123 124 237411131
124 125 950824589
125 126 12864612
126 127 685203538
127 128 619889177
128 129 699301113
129 130 486160764
130 131 267100463
131 132 220855981
132 133 18224454
133 134 703677002
134 135 724243384
135 136 135051466
136 137 798123500
137 138 721024238
138 139 33561497
139 140 974183469
140 141 576964048
141 142 294195540
142 143 18742301
143 144 830979377
144 145 93070446
145 146 725149260
146 147 926976449
147 148 787850193
148 149 764879410
149 150 45549429
150 151 378965975
151 152 79013045
152 153 91063324
153 154 601015617
154 155 287133469
155 156 473904097
156 157 370811311
157 158 651916049
158 159 920085526
159 160 350353219
160 161 340974695
161 162 285335492
162 163 772265615
163 164 846174998
164 165 46639838
165 166 727090047
166 167 237038921
167 168 719338789
168 169 894625411
169 170 925826485
170 171 216387167
171 172 360884700
172 173 37304822
173 174 469144276
174 175 750780748
175 176 133294563
176 177 493799397
177 178 389878323
178 179 493096432
179 180 444925395
180 181 58136071
181 182 926515256
182 183 176500963
183 184 235136838
184 185 224349803
185 186 290262732
186 187 976092379
187 188 414645815
188 189 249124524
189 190 120119025
190 191 802503010
191 192 536552302
192 193 733832729
193 194 204498725
194 195 981424411
195 196 691329371
196 197 105144470
197 198 183210535
198 199 380992465
199 200 123289989
200 201 152481544
201 202 321022332
202 203 791123511
203 204 738732872
204 205 227978694
205 206 371478401
206 207 283130383
207 208 473068359
208 209 960108367
209 210 350326259
210 211 338690602
211 212 145671549
212 213 616011597
213 214 354613710
214 215 583670844
215 216 883868061
216 217 499096908
217 218 681111435
218 219 906603043
219 220 417996248
220 221 98212952
221 222 701899813
222 223 252179368
223 224 292367665
224 225 586901537
225 226 5407488
226 227 819772865
227 228 769536385
228 229 739895419
229 230 896192463
230 231 889025836
231 232 980595001
232 233 879176435
233 234 372121364
234 235 121455380
235 236 865934796
236 237 647379261
237 238 201026378
238 239 927498476
239 240 257239846
240 241 844426792
241 242 45362256
242 243 277031187
243 244 115456355
244 245 749251055
245 246 919604836
246 247 952906744
247 248 999220990
248 249 275745915
249 250 585429210
250 251 922638749
251 252 67989680
252 253 471516099
253 254 978744051
254 255 412652362
255 256 648014054
256 257 838096401
257 258 52355847
258 259 618034601
259 260 155224820
260 261 49467704
261 262 909019840
262 263 530977711
263 264 248829783
264 265 14753954
265 266 757083744
266 267 203505344
267 268 801494007
268 269 517051361
269 270 413030872
270 271 19655391
271 272 89582587
272 273 117601218
273 274 616363392
274 275 251207562
275 276 461419100
276 277 799255604
277 278 436355376
278 279 761274143
279 280 584048261
280 281 47296945
281 282 599654374
282 283 862592192
283 284 667791137
284 285 378788336
285 286 278570974
286 287 950190773
287 288 396589112
288 289 363656418
289 290 34271102
290 291 65163940
291 292 929085621
292 293 229604109
293 294 49186736
294 295 811944292
295 296 999229409
296 297 631241146
297 298 379716877
298 299 99131740
299 300 469545386
300 301 715127314
301 302 893872843
302 303 732378154
303 304 806184546
304 305 951333723
305 306 42249549
306 307 176857762
307 308 275923301
308 309 536579374
309 310 673973857
310 311 97753053
311 312 651834095
312 313 320429591
313 314 575673255
314 315 900140954
315 316 215696249
316 317 874097086
317 318 105503762
318 319 712676048
319 320 166855883
320 321 464186535
321 322 47701511
322 323 323938505
323 324 896554845
324 325 393231601
325 326 639755347
326 327 277571992
327 328 399339341
328 329 286164174
329 330 145961609
330 331 650407914
331 332 665629965
332 333 860562816
333 334 727824902
334 335 46074003
335 336 19109618
336 337 990199139
337 338 478041477
338 339 520449618
339 340 637346204
340 341 140039530
341 342 259493100
342 343 789644176
343 344 502769337
344 345 522147667
345 346 714648454
346 347 881959817
347 348 959376678
348 349 422665538
349 350 665433686
350 351 201793511
351 352 828716040
352 353 378526638
353 354 875115085
354 355 340826759
355 356 221290200
356 357 391754548
357 358 320124721
358 359 751618925
359 360 455900209
360 361 434243293
361 362 455457110
362 363 948253855
363 364 148616489
364 365 230401473
365 366 580637168
366 367 661773417
367 368 156198625
368 369 222488345
369 370 601968000
370 371 358464242
371 372 503371538
372 373 922753421
373 374 386338111
374 375 138795041
375 376 274489373
376 377 666564015
377 378 37845529
378 379 693243875
379 380 801181015
380 381 374341984
381 382 783895563
382 383 849206953
383 384 245800031
384 385 501612284
385 386 100459136
386 387 125631841
387 388 164022537
388 389 577236508
389 390 72285772
390 391 506692786
391 392 148782180
392 393 868804676
393 394 251597588
394 395 118420768
395 396 387259141
396 397 556438220
397 398 554656735
398 399 568404325
399 400 226441523
400 401 641188473
401 402 450170286
402 403 298889449
403 404 223491757
404 405 409199861
405 406 88942407
406 407 653187125
407 408 803199703
408 409 8793671
409 410 37695644
410 411 303055703
411 412 901333374
412 413 187248576
413 414 218504151
414 415 701470209
415 416 742879312
416 417 494790184
417 418 969947745
418 419 750308714
419 420 216603833
420 421 524926331
421 422 220875423
422 423 359088196
423 424 690436455
424 425 807102364
425 426 525841485
426 427 589099218
427 428 214275668
428 429 804733658
429 430 949625450
430 431 811392367
431 432 382295552
432 433 11973439
433 434 69610669
434 435 962057786
435 436 289187154
436 437 51475300
437 438 454873533
438 439 304293182
439 440 965948586
440 441 825071482
441 442 250373378
442 443 700470313
443 444 276322219
444 445 674725907
445 446 317329637
446 447 862047759
447 448 907048717
448 449 339888514
449 450 683022140
450 451 653723430
451 452 845926568
452 453 358407721
453 454 286204604
454 455 676445871
455 456 152176429
456 457 352927190
457 458 885051787
458 459 815786070
459 460 232561176
460 461 585450289
461 462 692130579
462 463 242041671
463 464 315643611
464 465 115253319
465 466 283176084
466 467 226032235
467 468 446584921
468 469 232787218
469 470 202114769
470 471 226651041
471 472 263275089
472 473 122474165
473 474 7200198
474 475 882069245
475 476 885221617
476 477 752085996
477 478 566209322
478 479 383492055
479 480 809467495
480 481 242762719
481 482 956229600
482 483 689244678
483 484 310402992
484 485 136181743
485 486 642536771
486 487 697819757
487 488 327003182
488 489 31270027
489 490 683828654
490 491 253867361
491 492 731189309
492 493 524655499
493 494 957503937
494 495 785310288
495 496 659788242
496 497 388924637
497 498 20769106
498 499 749307112
499 500 215654934
500 501 955495796
501 502 206321760
502 503 869427462
503 504 925370531
504 505 444636391
505 506 700872074
506 507 475968169
507 508 59708351
508 509 678395096
509 510 948668310
510 511 799867823
511 512 73011836
512 513 694272898
513 514 808821644
514 515 285492603
515 516 501243645
516 517 769901697
517 518 264311152
518 519 471414629
519 520 308386848
520 521 4094382
521 522 823933578
522 523 274657281
523 524 394420224
524 525 808644575
525 526 61725682
526 527 644968369
527 528 686862195
528 529 325824340
529 530 736760780
530 531 47145425
531 532 95413357
532 533 863750742
533 534 665217623
534 535 254075857
535 536 172360077
536 537 599384265
537 538 64228542
538 539 491138212
539 540 756412530
540 541 767535608
541 542 456411857
542 543 489396891
543 544 284735271
544 545 520561241
545 546 55738224
546 547 185195402
547 548 170129327
548 549 571442219
549 550 648978585
550 551 705399430
551 552 943357494
552 553 247785643
553 554 485165155
554 555 68865616
555 556 522508871
556 557 998925018
557 558 721164179
558 559 343737124
559 560 318679622
560 561 344520955
561 562 802583912
562 563 511167548
563 564 59270459
564 565 721025920
565 566 992971332
566 567 591536045
567 568 420017309
568 569 204387935
569 570 842886848
570 571 558985973
571 572 223573357
572 573 161550051
573 574 636466497
574 575 749166582
575 576 786042487
576 577 791947097
577 578 741876108
578 579 953179442
579 580 879051778
580 581 817848847
581 582 858938173
582 583 888775939
583 584 571431536
584 585 499713890
585 586 746439252
586 587 235019469
587 588 731282478
588 589 870723591
589 590 79817974
590 591 984809392
591 592 512995762
592 593 616935096
593 594 946725126
594 595 420972303
595 596 533860613
596 597 213339388
597 598 191274558
598 599 647121470
599 600 668975682
600 601 274979037
601 602 842124988
602 603 277264528
603 604 665035590
604 605 998116031
605 606 202389877
606 607 625219108
607 608 519911900
608 609 233060022
609 610 128081468
610 611 275061192
611 612 72660447
612 613 616386748
613 614 888268724
614 615 67043091
615 616 489586324
616 617 263812240
617 618 358205086
618 619 120408866
619 620 921000199
620 621 904272072
621 622 674178126
622 623 382582232
623 624 280406462
624 625 610952494
625 626 323341037
626 627 354539173
627 628 174568042
628 629 726228205
629 630 982664342
630 631 384044237
631 632 590195334
632 633 892067378
633 634 468349199
634 635 185673477
635 636 992541092
636 637 862681610
637 638 134329008
638 639 367127931
639 640 406153588
640 641 108566242
641 642 74249296
642 643 320189810
643 644 971233146
644 645 955537417
645 646 370517462
646 647 216241539
647 648 635703313
648 649 27655966
649 650 113274110
650 651 433484295
651 652 432509657
652 653 145843536
653 654 72896962
654 655 123869001
655 656 582229520
656 657 897604939
657 658 520029672
658 659 615045246
659 660 624677166
660 661 253825469
661 662 652383188
662 663 477437410
663 664 732586810
664 665 133830463
665 666 21198839
666 667 998245302
667 668 553993812
668 669 283313341
669 670 245784040
670 671 228397968
671 672 13355478
672 673 470048564
673 674 343550813
674 675 820786517
675 676 96350312
676 677 740391164
677 678 179565808
678 679 736977541
679 680 523003034
680 681 30708965
681 682 493858907
682 683 115103995
683 684 144702486
684 685 201147815
685 686 928310713
686 687 98758717
687 688 752938338
688 689 181148281
689 690 851555441
690 691 329894475
691 692 216289541
692 693 152393722
693 694 238055839
694 695 809800878
695 696 853701001
696 697 900704615
697 698 307702232
698 699 154104882
699 700 770486937
700 701 648589646
701 702 683461656
702 703 708106188
703 704 871426141
704 705 718080963
705 706 637001289
706 707 958177692
707 708 584541149
708 709 313267336
709 710 4573977
710 711 449874004
711 712 149554333
712 713 794917839
713 714 720967409
714 715 438613354
715 716 797320979
716 717 495506620
717 718 624402537
718 719 957347510
719 720 167484187
720 721 699885031
721 722 536232570
722 723 209700126
723 724 666895177
724 725 832209075
725 726 210278239
726 727 312543715
727 728 131291669
728 729 509633898
729 730 403604263
730 731 693894317
731 732 868458182
732 733 526539155
733 734 866392677
734 735 964833566
735 736 684237166
736 737 865661767
737 738 864594971
738 739 522794028
739 740 351203511
740 741 196965995
741 742 902742174
742 743 170283235
743 744 342456635
744 745 876413039
745 746 574548630
746 747 220410844
747 748 592534848
748 749 671588552
749 750 7204944
750 751 719444298
751 752 85850842
752 753 180327702
753 754 289349308
754 755 756699800
755 756 370556909
756 757 985557635
757 758 465895498
758 759 614444447
759 760 177492124
760 761 169614381
761 762 650241957
762 763 148090533
763 764 577130811
764 765 603678480
765 766 653930127
766 767 104932666
767 768 2359489
768 769 403206441
769 770 970989883
770 771 626194827
771 772 701343530
772 773 459217896
773 774 693828687
774 775 871060978
775 776 910727440
776 777 694258065
777 778 319516412
778 779 504521523
779 780 442043281
780 781 959391236
781 782 353127727
782 783 280537264
783 784 484303791
784 785 478096390
785 786 882902693
786 787 270476818
787 788 505051241
788 789 317547106
789 790 219414085
790 791 856122202
791 792 696628082
792 793 229153322
793 794 204797129
794 795 588168380
795 796 992237454
796 797 349958581
797 798 979666281
798 799 352211129
799 800 670259989
800 801 205079724
801 802 639265043
802 803 637231681
803 804 641629398
804 805 606736514
805 806 887273600
806 807 567402527
807 808 353447064
808 809 475614638
809 810 114508674
810 811 696044834
811 812 929971430
812 813 639390584
813 814 830114068
814 815 968415211
815 816 819385791
816 817 300570181
817 818 491509224
818 819 867829996
819 820 691093083
820 821 688645522
821 822 73799273
822 823 517978436
823 824 826812878
824 825 612078401
825 826 563619102
826 827 785475673
827 828 920246703
828 829 449626210
829 830 724877907
830 831 463341604
831 832 632878621
832 833 273465465
833 834 708504255
834 835 242183898
835 836 333458293
836 837 205668434
837 838 289889497
838 839 945477424
839 840 94367969
840 841 481405729
841 842 59144904
842 843 890965236
843 844 516203350
844 845 609485008
845 846 12833122
846 847 721694903
847 848 972723494
848 849 2173918
849 850 747266555
850 851 461728569
851 852 813952102
852 853 397251066
853 854 918772703
854 855 478513596
855 856 129469076
856 857 621682321
857 858 267361030
858 859 518488160
859 860 745524846
860 861 495440509
861 862 594285143
862 863 807939321
863 864 902390843
864 865 557741462
865 866 660061891
866 867 895545955
867 868 282165413
868 869 768664594
869 870 210155047
870 871 415544276
871 872 408940563
872 873 846126971
873 874 746546439
874 875 251977897
875 876 476818766
876 877 227988912
877 878 549274614
878 879 32115250
879 880 603273967
880 881 493784113
881 882 300021162
882 883 510840076
883 884 628665071
884 885 864071246
885 886 152348394
886 887 680912932
887 888 707866588
888 889 709871752
889 890 695690218
890 891 700688180
891 892 271940257
892 893 725751694
893 894 728311830
894 895 377754799
895 896 320575896
896 897 578871299
897 898 48378623
898 899 88512688
899 900 993187754
900 901 740243445
901 902 811279669
902 903 735759637
903 904 299717907
904 905 221335289
905 906 66068090
906 907 561383851
907 908 945966890
908 909 244037205
909 910 584498231
910 911 124656765
911 912 369027584
912 913 506433107
913 914 114876430
914 915 782430695
915 916 18067372
916 917 416538796
917 918 624780565
918 919 419810336
919 920 187742826
920 921 823214054
921 922 746300129
922 923 185624710
923 924 714851628
924 925 3360419
925 926 201790311
926 927 137742437
927 928 463577778
928 929 431796582
929 930 514423607
930 931 309209926
931 932 184557864
932 933 755240284
933 934 34265699
934 935 154381812
935 936 611116845
936 937 491401698
937 938 459075586
938 939 473232117
939 940 347989016
940 941 395099842
941 942 96970081
942 943 103851565
943 944 150064718
944 945 718557332
945 946 945990053
946 947 51501549
947 948 661811807
948 949 405892799
949 950 977860339
950 951 512513732
951 952 609555366
952 953 542957061
953 954 731567822
954 955 111580519
955 956 328436902
956 957 708951391
957 958 211981287
958 959 56737401
959 960 530148443
960 961 646485814
961 962 479729225
962 963 593658223
963 964 812953327
964 965 909028477
965 966 941273563
966 967 918337420
967 968 378587216
968 969 40004418
969 970 588063673
970 971 624132295
971 972 213090953
972 973 313320597
973 974 954114823
974 975 800689581
975 976 579826161
976 977 460811097
977 978 347649540
978 979 725778737
979 980 284915594
980 981 842874865
981 982 516699478
982 983 218069343
983 984 622570781
984 985 100406307
985 986 437819292
986 987 742313065
987 988 567736288
988 989 348612403
989 990 92854850
990 991 410125084
991 992 386875677
992 993 764184044
993 994 494293140
994 995 373723040
995 996 960972633
996 997 439570189
997 998 425393845
998 999 273719372
999 1000 136708579
1000 1001 313257398
1001 1002 530282855
1002 1003 289870612
1003 1004 346648018
1004 1005 846485565
1005 1006 710912587
1006 1007 967594343
1007 1008 39817765
1008 1009 595110297
1009 1010 904440289
1010 1011 536115376
1011 1012 574711957
1012 1013 50857496
1013 1014 828128901
1014 1015 943770858
1015 1016 178674107
1016 1017 591266167
1017 1018 508838718
1018 1019 236885274
1019 1020 713649288
1020 1021 987165939
1021 1022 843777772
1022 1023 179754168
1023 1024 163683482
1024 1025 191334584
1025 1026 77486341
1026 1027 480918660
1027 1028 181033254
1028 1029 470845714
1029 1030 218230808
1030 1031 903664881
1031 1032 648896815
1032 1033 829619833
1033 1034 854100746
1034 1035 950774849
1035 1036 163138607
1036 1037 402238361
1037 1038 583372180
1038 1039 706919283
1039 1040 818343828
1040 1041 266064144
1041 1042 261637532
1042 1043 135557432
1043 1044 374884025
1044 1045 432876574
1045 1046 505559413
1046 1047 186317554
1047 1048 460407596
1048 1049 513510659
1049 1050 415463265
1050 1051 947145391
1051 1052 348098871
1052 1053 530911974
1053 1054 251834243
1054 1055 428093847
1055 1056 122170006
1056 1057 671900737
1057 1058 687920006
1058 1059 997226202
1059 1060 413950460
1060 1061 735625792
1061 1062 474198469
1062 1063 807123454
1063 1064 525606841
1064 1065 733521635
1065 1066 514571408
1066 1067 713005683
1067 1068 623233197
1068 1069 284361150
1069 1070 296825347
1070 1071 484170008
1071 1072 55663600
1072 1073 283057741
1073 1074 314426312
1074 1075 712874249
1075 1076 255276296
1076 1077 830938351
1077 1078 824259638
1078 1079 160162391
1079 1080 99597324
1080 1081 511847041
1081 1082 614995181
1082 1083 677146177
1083 1084 69634730
1084 1085 249185204
1085 1086 436623161
1086 1087 504672713
1087 1088 972975161
1088 1089 159958242
1089 1090 10454506
1090 1091 182020371
1091 1092 835482816
1092 1093 89282826
1093 1094 519362220
1094 1095 614925958
1095 1096 396256819
1096 1097 671611170
1097 1098 506542892
1098 1099 3545583
1099 1100 633747595
1100 1101 130678929
1101 1102 529254713
1102 1103 961412084
1103 1104 428017297
1104 1105 739211532
1105 1106 364205219
1106 1107 568023444
1107 1108 277091719
1108 1109 896987088
1109 1110 723829054
1110 1111 552669261
1111 1112 681083227
1112 1113 200276527
1113 1114 893646942
1114 1115 29984240
1115 1116 168816324
1116 1117 798383835
1117 1118 662736189
1118 1119 965930707
1119 1120 722986516
1120 1121 917101823
1121 1122 376334294
1122 1123 259596622
1123 1124 917564747
1124 1125 853271728
1125 1126 733341933
1126 1127 72863223
1127 1128 631516914
1128 1129 588310849
1129 1130 282884848
1130 1131 246786627
1131 1132 877680740
1132 1133 610436887
1133 1134 796713498
1134 1135 528588423
1135 1136 565713515
1136 1137 692312660
1137 1138 590287128
1138 1139 146944897
1139 1140 783257282
1140 1141 866142491
1141 1142 757987206
1142 1143 485589625
1143 1144 737396754
1144 1145 24013618
1145 1146 829935010
1146 1147 586525487
1147 1148 963574083
1148 1149 984118841
1149 1150 375807527
1150 1151 559592912
1151 1152 339678285
1152 1153 191745635
1153 1154 922116603
1154 1155 265071685
1155 1156 918714202
1156 1157 343021230
1157 1158 926335369
1158 1159 857971242
1159 1160 793870970
1160 1161 69451605
1161 1162 199915170
1162 1163 664884821
1163 1164 4787159
1164 1165 845246624
1165 1166 823388532
1166 1167 656360874
1167 1168 822355562
1168 1169 374135875
1169 1170 171053379
1170 1171 743989790
1171 1172 268077320
1172 1173 52232990
1173 1174 647531676
1174 1175 388254779
1175 1176 411738390
1176 1177 669523931
1177 1178 210325505
1178 1179 813478506
1179 1180 137910298
1180 1181 425932758
1181 1182 248739640
1182 1183 998746791
1183 1184 802505563
1184 1185 689763744
1185 1186 914468881
1186 1187 538911138
1187 1188 851733004
1188 1189 284555700
1189 1190 975777551
1190 1191 423392815
1191 1192 237070450
1192 1193 507558002
1193 1194 850773025
1194 1195 683312601
1195 1196 110348733
1196 1197 423305791
1197 1198 211577384
1198 1199 209520846
1199 1200 440333036
1200 1201 973407679
1201 1202 14467009
1202 1203 774143688
1203 1204 829461340
1204 1205 110939479
1205 1206 311397465
1206 1207 549847001
1207 1208 802253999
1208 1209 119326622
1209 1210 786070332
1210 1211 731058916
1211 1212 551616228
1212 1213 609628840
1213 1214 19232700
1214 1215 751492565
1215 1216 201498270
1216 1217 778307593
1217 1218 916257096
1218 1219 561826248
1219 1220 998970226
1220 1221 199494719
1221 1222 444829671
1222 1223 547035169
1223 1224 490265066
1224 1225 755809738
1225 1226 781084368
1226 1227 660801658
1227 1228 175562486
1228 1229 210022820
1229 1230 595128158
1230 1231 866777453
1231 1232 44141042
1232 1233 669300133
1233 1234 587250321
1234 1235 942787083
1235 1236 502699890
1236 1237 793091816
1237 1238 352240130
1238 1239 670624312
1239 1240 32763503
1240 1241 750044505
1241 1242 855508135
1242 1243 153008457
1243 1244 303629701
1244 1245 531702838
1245 1246 262189999
1246 1247 941609739
1247 1248 875892399
1248 1249 612876903
1249 1250 439250002
1250 1251 374082999
1251 1252 777371796
1252 1253 57762182
1253 1254 958843528
1254 1255 650176500
1255 1256 664398308
1256 1257 601141276
1257 1258 66662168
1258 1259 41460524
1259 1260 731635651
1260 1261 272482259
1261 1262 173367647
1262 1263 316383956
1263 1264 608487712
1264 1265 902821018
1265 1266 195486515
1266 1267 444997960
1267 1268 487226872
1268 1269 85034980
1269 1270 868363522
1270 1271 464616831
1271 1272 515740541
1272 1273 525907796
1273 1274 424680524
1274 1275 123046493
1275 1276 548436020
1276 1277 579419303
1277 1278 361473039
1278 1279 673917218
1279 1280 5493549
1280 1281 411520694
1281 1282 72528200
1282 1283 790829316
1283 1284 779367216
1284 1285 746585203
1285 1286 791617523
1286 1287 839749175
1287 1288 455051595
1288 1289 94697911
1289 1290 154968164
1290 1291 33849757
1291 1292 444071183
1292 1293 4793198
1293 1294 604007955
1294 1295 730072255
1295 1296 535753867
1296 1297 162383552
1297 1298 58684251
1298 1299 489179279
1299 1300 202987970
1300 1301 85033848
1301 1302 762657204
1302 1303 322331599
1303 1304 557020150
1304 1305 927705459
1305 1306 978912407
1306 1307 335116448
1307 1308 731234054
1308 1309 60883928
1309 1310 970346723
1310 1311 720327077
1311 1312 926279057
1312 1313 842076213
1313 1314 564224865
1314 1315 136917913
1315 1316 108166545
1316 1317 263351415
1317 1318 195388600
1318 1319 368236769
1319 1320 102263248
1320 1321 7447483
1321 1322 698005053
1322 1323 33771477
1323 1324 333724928
1324 1325 611194246
1325 1326 219019869
1326 1327 723690404
1327 1328 124236238
1328 1329 959979358
1329 1330 372437015
1330 1331 480432829
1331 1332 144489399
1332 1333 965407786
1333 1334 964068797
1334 1335 768688277
1335 1336 32272726
1336 1337 401665582
1337 1338 599646863
1338 1339 715590301
1339 1340 728538035
1340 1341 53471319
1341 1342 875348852
1342 1343 719244619
1343 1344 231485688
1344 1345 803615311
1345 1346 665070836
1346 1347 125875617
1347 1348 855921449
1348 1349 633605758
1349 1350 925495957
1350 1351 552787472
1351 1352 985588511
1352 1353 755164596
1353 1354 473370454
1354 1355 72351674
1355 1356 399785336
1356 1357 815159336
1357 1358 729803026
1358 1359 18220918
1359 1360 876062496
1360 1361 8272531
1361 1362 608650273
1362 1363 889819218
1363 1364 792768345
1364 1365 189783379
1365 1366 977704691
1366 1367 814918286
1367 1368 103232913
1368 1369 284235261
1369 1370 330342902
1370 1371 379375442
1371 1372 984739230
1372 1373 263112394
1373 1374 260661256
1374 1375 451851698
1375 1376 905571254
1376 1377 167147452
1377 1378 8925111
1378 1379 443753607
1379 1380 852339881
1380 1381 447064207
1381 1382 162436827
1382 1383 370506005
1383 1384 353948356
1384 1385 137573968
1385 1386 918264290
1386 1387 825710840
1387 1388 518304584
1388 1389 476951620
1389 1390 154982743
1390 1391 563855172
1391 1392 418418704
1392 1393 615029342
1393 1394 611818826
1394 1395 93818295
1395 1396 415280367
1396 1397 55843551
1397 1398 169504292
1398 1399 736388434
1399 1400 101126558
1400 1401 799838762
1401 1402 566827291
1402 1403 135446118
1403 1404 302826912
1404 1405 701016212
1405 1406 349145153
1406 1407 532042861
1407 1408 546179795
1408 1409 705931884
1409 1410 188049444
1410 1411 939626760
1411 1412 213454404
1412 1413 604645189
1413 1414 634314620
1414 1415 872839498
1415 1416 902012743
1416 1417 129218174
1417 1418 895699759
1418 1419 964744590
1419 1420 427824880
1420 1421 299859453
1421 1422 397798974
1422 1423 502800356
1423 1424 646956113
1424 1425 452083310
1425 1426 878065638
1426 1427 60673637
1427 1428 510467658
1428 1429 388462276
1429 1430 178534553
1430 1431 481930081
1431 1432 382229576
1432 1433 437930459
1433 1434 470823129
1434 1435 314684847
1435 1436 560815703
1436 1437 484087157
1437 1438 658198791
1438 1439 957738182
1439 1440 328489336
1440 1441 793414398
1441 1442 472535759
1442 1443 256953590
1443 1444 384794864
1444 1445 336005444
1445 1446 387445922
1446 1447 878443220
1447 1448 753355944
1448 1449 382377787
1449 1450 325532825
1450 1451 144776649
1451 1452 649511745
1452 1453 703528787
1453 1454 470046473
1454 1455 264378828
1455 1456 626516252
1456 1457 967929469
1457 1458 121543307
1458 1459 828015487
1459 1460 16521469
1460 1461 212342212
1461 1462 3218165
1462 1463 577769640
1463 1464 218972700
1464 1465 216257938
1465 1466 862142483
1466 1467 290535195
1467 1468 93480255
1468 1469 904196584
1469 1470 423569606
1470 1471 907889290
1471 1472 873782626
1472 1473 845330445
1473 1474 51024452
1474 1475 692480715
1475 1476 225076911
1476 1477 292352206
1477 1478 177531998
1478 1479 1396006
1479 1480 853967008
1480 1481 811564851
1481 1482 730964565
1482 1483 673635352
1483 1484 115158460
1484 1485 963534774
1485 1486 898777175
1486 1487 17438512
1487 1488 885864025
1488 1489 587025422
1489 1490 37885211
1490 1491 85218750
1491 1492 38444226
1492 1493 471776244
1493 1494 447028635
1494 1495 744756971
1495 1496 540040129
1496 1497 40012013
1497 1498 794738269
1498 1499 83824985
1499 1500 203508971
1500 1501 136734172
1501 1502 36084074
1502 1503 958535782
1503 1504 580625857
1504 1505 56798644
1505 1506 665049672
1506 1507 75230742
1507 1508 220660470
1508 1509 430249879
1509 1510 933279889
1510 1511 301189364
1511 1512 841908562
1512 1513 260311706
1513 1514 732478807
1514 1515 522336863
1515 1516 817846255
1516 1517 930805980
1517 1518 238218406
1518 1519 550449102
1519 1520 815505891
1520 1521 700124110
1521 1522 242952603
1522 1523 554382771
1523 1524 94605272
1524 1525 562867122
1525 1526 926648716
1526 1527 65803131
1527 1528 671477086
1528 1529 368177225
1529 1530 513504102
1530 1531 221779658
1531 1532 697342
1532 1533 870142408
1533 1534 611706254
1534 1535 17505244
1535 1536 476900914
1536 1537 707543759
1537 1538 760925292
1538 1539 982085544
1539 1540 206754996
1540 1541 352378012
1541 1542 546744929
1542 1543 920311355
1543 1544 417071825
1544 1545 260288105
1545 1546 642057929
1546 1547 388625673
1547 1548 382376973
1548 1549 914738336
1549 1550 585569505
1550 1551 647023322
1551 1552 955839713
1552 1553 269341003
1553 1554 228896174
1554 1555 327276833
1555 1556 155342113
1556 1557 41483332
1557 1558 278112208
1558 1559 66000727
1559 1560 95136916
1560 1561 922042112
1561 1562 805347349
1562 1563 257390750
1563 1564 487919442
1564 1565 305874234
1565 1566 932374915
1566 1567 949876096
1567 1568 185805504
1568 1569 617849765
1569 1570 210010657
1570 1571 245683405
1571 1572 778086853
1572 1573 347641865
1573 1574 696001906
1574 1575 329176822
1575 1576 446890985
1576 1577 571644801
1577 1578 951744226
1578 1579 616800352
1579 1580 947080052
1580 1581 681717674
1581 1582 924087710
1582 1583 828671726
1583 1584 342598341
1584 1585 114563063
1585 1586 294176573
1586 1587 919838886
1587 1588 949228942
1588 1589 366817284
1589 1590 984543524
1590 1591 517436926
1591 1592 786023043
1592 1593 152916294
1593 1594 363543455
1594 1595 826871252
1595 1596 665080717
1596 1597 683797192
1597 1598 907114701
1598 1599 815857153
1599 1600 766705228
1600 1601 116810719
1601 1602 782039168
1602 1603 4785964
1603 1604 636607274
1604 1605 125689362
1605 1606 337109139
1606 1607 705780089
1607 1608 524568480
1608 1609 40765743
1609 1610 333969098
1610 1611 943561099
1611 1612 669174643
1612 1613 43963357
1613 1614 261150778
1614 1615 916807748
1615 1616 273496643
1616 1617 671538341
1617 1618 692147256
1618 1619 526466942
1619 1620 887251376
1620 1621 579753683
1621 1622 453547513
1622 1623 267706512
1623 1624 877853204
1624 1625 389849410
1625 1626 856105483
1626 1627 219684720
1627 1628 211215942
1628 1629 415904694
1629 1630 474915792
1630 1631 952900508
1631 1632 659853578
1632 1633 635901351
1633 1634 76867556
1634 1635 42888925
1635 1636 637032930
1636 1637 207280784
1637 1638 950305406
1638 1639 240498404
1639 1640 399315589
1640 1641 451825664
1641 1642 528327177
1642 1643 435119412
1643 1644 883253716
1644 1645 411736129
1645 1646 879344315
1646 1647 374507420
1647 1648 998154933
1648 1649 310525272
1649 1650 98619915
1650 1651 97292693
1651 1652 189993355
1652 1653 400525154
1653 1654 881378660
1654 1655 444111843
1655 1656 786172707
1656 1657 79845666
1657 1658 887313844
1658 1659 822857560
1659 1660 247380115
1660 1661 383423103
1661 1662 555077787
1662 1663 341242404
1663 1664 292819283
1664 1665 31809335
1665 1666 850456031
1666 1667 535633275
1667 1668 629296260
1668 1669 624056282
1669 1670 725094994
1670 1671 868189530
1671 1672 947527123
1672 1673 300351909
1673 1674 501936216
1674 1675 865886185
1675 1676 771074559
1676 1677 832704672
1677 1678 309523446
1678 1679 118442664
1679 1680 429098262
1680 1681 368256041
1681 1682 750320605
1682 1683 532255661
1683 1684 501952070
1684 1685 129853
1685 1686 607141788
1686 1687 156032006
1687 1688 972511101
1688 1689 18783452
1689 1690 81649642
1690 1691 710843161
1691 1692 129809802
1692 1693 673889330
1693 1694 130027273
1694 1695 799518087
1695 1696 254514646
1696 1697 614113273
1697 1698 876556698
1698 1699 13644863
1699 1700 363462656
1700 1701 820354681
1701 1702 36432396
1702 1703 195188965
1703 1704 868420182
1704 1705 188378623
1705 1706 829248180
1706 1707 346072854
1707 1708 951993747
1708 1709 902439952
1709 1710 297085374
1710 1711 897313990
1711 1712 471674704
1712 1713 361123003
1713 1714 245775934
1714 1715 787659977
1715 1716 625617789
1716 1717 543471185
1717 1718 385340468
1718 1719 367114019
1719 1720 171319418
1720 1721 82077971
1721 1722 466348958
1722 1723 241574422
1723 1724 891154396
1724 1725 686971244
1725 1726 884297218
1726 1727 845793856
1727 1728 378842538
1728 1729 574055005
1729 1730 951617482
1730 1731 637059842
1731 1732 721736474
1732 1733 387236887
1733 1734 33789136
1734 1735 977668542
1735 1736 540337123
1736 1737 254847668
1737 1738 152221144
1738 1739 175486058
1739 1740 579966480
1740 1741 903044609
1741 1742 732222737
1742 1743 675314386
1743 1744 662869244
1744 1745 492817681
1745 1746 334772287
1746 1747 303334187
1747 1748 299943391
1748 1749 722695074
1749 1750 666408023
1750 1751 190357867
1751 1752 111448733
1752 1753 319668232
1753 1754 125113009
1754 1755 392268907
1755 1756 841423139
1756 1757 683919202
1757 1758 320852449
1758 1759 854901410
1759 1760 847126181
1760 1761 721700608
1761 1762 331455048
1762 1763 322767171
1763 1764 991032194
1764 1765 761066296
1765 1766 407065589
1766 1767 761060762
1767 1768 109062618
1768 1769 594689056
1769 1770 789760138
1770 1771 243233964
1771 1772 351196924
1772 1773 182793101
1773 1774 75117192
1774 1775 159108894
1775 1776 201136389
1776 1777 874302515
1777 1778 661384016
1778 1779 349251354
1779 1780 676538413
1780 1781 897732207
1781 1782 421064485
1782 1783 169470448
1783 1784 728160290
1784 1785 214233287
1785 1786 227517504
1786 1787 881241302
1787 1788 254732888
1788 1789 580549407
1789 1790 932149952
1790 1791 846464104
1791 1792 714986743
1792 1793 702867279
1793 1794 97731154
1794 1795 183788141
1795 1796 251258872
1796 1797 250625521
1797 1798 850684047
1798 1799 595192711
1799 1800 102609823
1800 1801 229644687
1801 1802 404350342
1802 1803 348995452
1803 1804 166579983
1804 1805 808914147
1805 1806 305697915
1806 1807 416397329
1807 1808 814324629
1808 1809 125986546
1809 1810 967431365
1810 1811 693894099
1811 1812 20618492
1812 1813 709245871
1813 1814 666573507
1814 1815 941713410
1815 1816 430089698
1816 1817 111472303
1817 1818 951129721
1818 1819 432170801
1819 1820 494286091
1820 1821 77549030
1821 1822 406565751
1822 1823 749511322
1823 1824 938325924
1824 1825 588404699
1825 1826 77024470
1826 1827 305336365
1827 1828 557000592
1828 1829 939902307
1829 1830 622124729
1830 1831 696596980
1831 1832 928316616
1832 1833 236009655
1833 1834 868490002
1834 1835 113347891
1835 1836 200392169
1836 1837 398736691
1837 1838 849138564
1838 1839 790658463
1839 1840 24465376
1840 1841 892812605
1841 1842 796886462
1842 1843 732845160
1843 1844 532890046
1844 1845 135523850
1845 1846 88044314
1846 1847 975957610
1847 1848 741718748
1848 1849 834999109
1849 1850 237783863
1850 1851 971672055
1851 1852 352941416
1852 1853 708901696
1853 1854 146058084
1854 1855 594850820
1855 1856 189242379
1856 1857 731654265
1857 1858 994480139
1858 1859 175419748
1859 1860 474938061
1860 1861 335470412
1861 1862 746043606
1862 1863 683632019
1863 1864 223352063
1864 1865 396594474
1865 1866 283530311
1866 1867 193260137
1867 1868 276273013
1868 1869 293201523
1869 1870 163411846
1870 1871 31401416
1871 1872 522211036
1872 1873 749111019
1873 1874 101310271
1874 1875 341887130
1875 1876 869825214
1876 1877 585035126
1877 1878 621058994
1878 1879 144916739
1879 1880 959663964
1880 1881 176153698
1881 1882 459224718
1882 1883 31153195
1883 1884 202331737
1884 1885 144303372
1885 1886 106196345
1886 1887 208043545
1887 1888 911023441
1888 1889 878002775
1889 1890 815252123
1890 1891 480889135
1891 1892 842986411
1892 1893 196133533
1893 1894 388925945
1894 1895 322780029
1895 1896 20605920
1896 1897 51476637
1897 1898 13708001
1898 1899 562928161
1899 1900 675108266
1900 1901 177937386
1901 1902 384052744
1902 1903 615035589
1903 1904 395811673
1904 1905 828827064
1905 1906 407434305
1906 1907 568781495
1907 1908 424535315
1908 1909 971492705
1909 1910 437359103
1910 1911 702887573
1911 1912 716545294
1912 1913 493602954
1913 1914 73043933
1914 1915 509059992
1915 1916 762333891
1916 1917 233306646
1917 1918 721239528
1918 1919 492605665
1919 1920 99388274
1920 1921 788689937
1921 1922 292309402
1922 1923 973960099
1923 1924 777547547
1924 1925 908911116
1925 1926 497892434
1926 1927 829582139
1927 1928 184357583
1928 1929 932137912
1929 1930 983071007
1930 1931 780620240
1931 1932 852576049
1932 1933 708119992
1933 1934 769276620
1934 1935 548966691
1935 1936 510599408
1936 1937 313369492
1937 1938 87180366
1938 1939 323192977
1939 1940 249601053
1940 1941 785443791
1941 1942 47369196
1942 1943 474165779
1943 1944 528259078
1944 1945 413755330
1945 1946 902854522
1946 1947 658762066
1947 1948 337733937
1948 1949 661300060
1949 1950 102188027
1950 1951 150568657
1951 1952 654284893
1952 1953 623578844
1953 1954 42252038
1954 1955 553402425
1955 1956 24528851
1956 1957 345740801
1957 1958 801222533
1958 1959 953045564
1959 1960 846468773
1960 1961 643049839
1961 1962 399474827
1962 1963 340876371
1963 1964 700482788
1964 1965 248993871
1965 1966 309276968
1966 1967 838458375
1967 1968 700466251
1968 1969 743452399
1969 1970 614716179
1970 1971 430459695
1971 1972 74715127
1972 1973 244008144
1973 1974 49042087
1974 1975 920542615
1975 1976 330693129
1976 1977 680363042
1977 1978 487843168
1978 1979 833575052
1979 1980 905835318
1980 1981 648019041
1981 1982 119774111
1982 1983 984325225
1983 1984 342644251
1984 1985 33443577
1985 1986 148889781
1986 1987 658208992
1987 1988 39881104
1988 1989 63338794
1989 1990 422949823
1990 1991 733012846
1991 1992 949623605
1992 1993 649782644
1993 1994 787852984
1994 1995 378080391
1995 1996 221751135
1996 1997 677444584
1997 1998 132501232
1998 1999 887317432
1999 2000 877671316
