1000 27792235 867336048
1 2 
1 14 
1 66 
1 93 
1 276 
2 3 
2 4 
2 6 
2 8 
2 11 
2 13 
2 22 
2 59 
2 612 
3 12 
3 63 
3 172 
4 5 
4 18 
4 26 
4 164 
4 255 
4 280 
5 7 
5 20 
5 44 
5 90 
5 372 
6 15 
6 314 
6 378 
7 9 
7 31 
7 242 
7 553 
7 620 
8 24 
8 30 
8 98 
8 266 
8 286 
8 299 
9 10 
9 16 
9 29 
9 32 
9 37 
10 251 
10 335 
10 490 
11 254 
11 361 
11 410 
11 797 
12 25 
12 152 
12 440 
12 757 
13 17 
13 39 
13 166 
13 213 
14 21 
14 96 
14 237 
14 648 
15 52 
15 119 
15 338 
16 35 
16 51 
16 303 
16 740 
17 19 
17 48 
17 120 
18 28 
18 38 
18 61 
18 124 
18 151 
18 169 
18 256 
19 27 
19 56 
20 23 
20 171 
20 391 
21 92 
21 107 
21 178 
22 41 
22 47 
22 60 
22 106 
22 141 
23 77 
23 121 
23 194 
23 809 
25 33 
25 36 
25 139 
25 457 
26 134 
26 525 
27 34 
27 54 
27 110 
27 114 
27 210 
27 215 
27 530 
27 626 
28 88 
28 126 
28 188 
28 214 
28 403 
28 750 
29 45 
29 73 
29 75 
29 167 
30 43 
30 49 
30 181 
31 144 
31 380 
32 42 
32 50 
32 153 
32 344 
33 177 
33 197 
34 57 
34 130 
34 146 
35 46 
35 101 
35 933 
36 40 
36 212 
36 727 
37 72 
37 147 
37 190 
37 478 
37 649 
38 89 
38 236 
38 259 
40 58 
40 68 
40 118 
40 154 
42 53 
42 216 
42 318 
43 71 
43 133 
44 888 
45 105 
45 158 
45 623 
46 83 
46 382 
46 516 
46 678 
47 201 
47 347 
47 429 
48 67 
48 97 
48 370 
48 496 
48 527 
49 86 
49 219 
51 143 
51 247 
53 308 
54 55 
54 202 
54 336 
55 962 
56 79 
56 82 
56 584 
57 65 
57 132 
57 179 
57 557 
57 558 
57 879 
58 125 
58 610 
59 95 
59 149 
59 156 
59 196 
59 406 
60 62 
60 76 
60 397 
61 64 
61 69 
61 262 
61 671 
62 74 
62 161 
62 448 
63 513 
63 766 
64 976 
65 309 
65 324 
66 104 
66 890 
67 971 
68 70 
68 359 
70 91 
70 142 
70 569 
70 769 
71 135 
71 424 
71 619 
72 94 
72 456 
72 459 
73 78 
74 122 
74 979 
75 258 
75 966 
76 80 
76 81 
76 103 
77 85 
77 182 
78 116 
78 117 
78 157 
78 278 
78 958 
79 267 
79 367 
79 641 
79 837 
80 228 
80 427 
80 631 
80 692 
81 84 
81 136 
81 253 
81 951 
82 461 
82 737 
83 494 
84 87 
84 99 
84 138 
84 883 
85 163 
86 150 
86 173 
86 282 
86 699 
87 113 
87 205 
88 323 
88 329 
89 772 
90 261 
90 332 
90 392 
91 108 
91 265 
91 651 
92 191 
92 330 
92 481 
92 482 
92 702 
93 115 
93 180 
93 279 
93 430 
93 853 
94 111 
94 127 
94 168 
94 208 
94 211 
95 204 
95 426 
95 950 
96 102 
96 353 
97 100 
97 390 
97 462 
97 565 
97 581 
98 532 
98 683 
98 875 
99 148 
99 200 
99 411 
99 975 
100 112 
100 320 
100 449 
100 548 
100 640 
101 229 
102 183 
102 313 
103 217 
103 301 
104 109 
104 257 
104 535 
104 777 
105 137 
105 145 
107 128 
107 379 
108 159 
108 554 
109 221 
110 270 
110 735 
111 366 
111 489 
111 843 
112 225 
112 421 
112 681 
112 884 
113 170 
113 655 
114 140 
114 283 
114 726 
115 184 
115 364 
115 413 
116 508 
116 571 
117 162 
117 288 
118 129 
118 536 
118 889 
119 244 
119 316 
120 233 
121 123 
122 452 
122 591 
123 387 
123 388 
124 198 
124 599 
125 174 
125 231 
125 593 
125 615 
125 666 
125 691 
126 296 
126 650 
126 870 
127 300 
127 394 
127 561 
128 515 
129 268 
129 342 
129 794 
130 131 
130 453 
130 644 
131 790 
132 504 
132 672 
133 199 
134 206 
134 432 
134 784 
136 224 
136 252 
136 608 
136 847 
136 919 
136 949 
137 186 
137 711 
138 155 
138 386 
138 993 
139 222 
139 795 
140 435 
140 471 
141 439 
141 974 
142 269 
143 289 
143 443 
143 600 
143 866 
144 165 
144 175 
144 277 
144 420 
144 465 
145 274 
145 310 
145 605 
145 646 
146 281 
146 285 
146 587 
148 239 
149 249 
150 232 
150 341 
151 579 
152 193 
152 346 
152 417 
152 700 
152 846 
153 160 
153 234 
153 295 
153 512 
153 760 
154 227 
154 625 
154 638 
154 922 
155 352 
155 433 
155 585 
156 298 
156 819 
157 322 
157 467 
157 956 
158 207 
158 357 
158 415 
158 800 
159 209 
159 566 
159 898 
160 187 
160 327 
161 238 
162 246 
162 315 
162 351 
162 880 
163 176 
163 333 
163 878 
164 595 
164 696 
165 297 
165 340 
165 437 
165 823 
168 603 
168 835 
169 596 
169 670 
170 189 
170 371 
171 218 
173 839 
175 869 
176 192 
176 250 
176 304 
176 334 
176 451 
176 475 
177 185 
177 967 
178 195 
179 240 
179 260 
180 358 
180 656 
181 759 
182 528 
182 785 
182 917 
183 400 
184 284 
185 897 
186 220 
186 271 
186 507 
186 855 
186 928 
188 321 
188 749 
188 778 
189 317 
189 463 
189 468 
189 707 
190 235 
190 292 
193 402 
193 861 
194 613 
195 491 
195 521 
196 368 
196 493 
197 550 
199 690 
200 245 
200 509 
201 203 
201 241 
201 349 
201 693 
202 291 
204 913 
205 894 
207 473 
207 653 
207 829 
208 223 
208 264 
208 373 
211 337 
212 458 
212 607 
213 808 
214 226 
214 517 
215 674 
215 798 
216 925 
217 771 
221 275 
221 505 
222 305 
222 331 
222 543 
223 272 
223 469 
224 510 
227 728 
229 230 
229 287 
229 375 
229 984 
230 564 
230 627 
231 356 
231 436 
232 622 
232 908 
233 293 
234 454 
234 609 
235 731 
236 307 
236 369 
236 830 
236 882 
236 909 
239 383 
239 522 
239 537 
240 533 
241 243 
241 248 
241 434 
241 679 
242 791 
244 325 
245 302 
246 348 
246 497 
246 624 
248 422 
248 500 
248 952 
250 669 
251 294 
251 865 
253 393 
253 487 
254 311 
254 376 
255 263 
255 470 
256 986 
257 431 
258 350 
258 964 
259 881 
261 419 
261 675 
262 306 
262 328 
263 849 
267 360 
267 684 
267 992 
268 709 
269 273 
271 688 
271 863 
271 885 
272 447 
273 765 
275 381 
275 606 
276 290 
276 480 
276 539 
276 852 
278 398 
278 938 
279 326 
279 738 
280 680 
281 345 
281 518 
281 689 
282 661 
284 312 
284 637 
285 405 
287 501 
290 414 
290 531 
291 997 
292 395 
292 860 
294 523 
294 614 
295 520 
298 354 
298 418 
299 575 
299 635 
301 412 
303 404 
306 488 
306 551 
306 786 
306 892 
306 945 
307 495 
308 546 
309 339 
310 377 
310 389 
310 466 
310 657 
312 498 
312 805 
312 937 
313 636 
314 729 
314 903 
315 319 
315 834 
316 343 
316 401 
316 858 
318 363 
320 362 
320 396 
321 407 
321 872 
322 601 
322 810 
322 940 
323 946 
325 592 
326 526 
327 355 
327 789 
328 502 
328 538 
329 423 
329 716 
331 385 
333 545 
334 877 
335 445 
336 682 
338 845 
341 438 
341 450 
343 365 
343 499 
343 643 
343 935 
344 911 
345 713 
346 559 
347 943 
348 818 
352 384 
352 408 
352 939 
355 994 
357 374 
358 441 
359 821 
360 425 
360 811 
361 647 
362 524 
362 618 
365 985 
367 416 
369 479 
370 464 
370 604 
370 719 
371 914 
373 474 
373 747 
374 560 
375 542 
377 665 
380 578 
380 589 
381 492 
383 442 
383 444 
386 796 
386 904 
389 544 
389 547 
390 734 
390 871 
391 399 
391 572 
392 907 
394 762 
394 926 
395 899 
396 767 
398 409 
398 534 
399 574 
399 799 
399 942 
400 484 
400 503 
401 514 
401 529 
402 476 
405 746 
405 813 
405 824 
406 743 
407 483 
407 718 
408 573 
408 642 
409 485 
410 460 
412 659 
415 472 
416 580 
420 455 
422 562 
423 428 
423 814 
424 519 
424 736 
425 825 
427 804 
428 817 
429 645 
430 742 
431 590 
432 722 
432 923 
436 570 
440 486 
440 552 
445 446 
446 753 
448 598 
450 555 
451 567 
451 617 
452 739 
452 905 
455 862 
455 980 
456 477 
457 583 
457 586 
458 887 
461 685 
462 857 
463 563 
463 826 
468 673 
470 541 
471 667 
472 616 
472 959 
473 602 
474 921 
475 540 
475 621 
475 840 
477 732 
478 511 
482 686 
483 549 
486 577 
486 698 
486 895 
488 836 
489 556 
490 663 
492 915 
493 705 
493 831 
495 758 
495 851 
496 597 
497 594 
499 630 
499 725 
501 761 
501 850 
503 639 
503 989 
504 788 
504 844 
505 506 
506 658 
508 776 
510 779 
511 708 
513 576 
518 768 
519 660 
522 588 
527 773 
530 632 
530 733 
533 703 
534 629 
535 701 
536 654 
537 568 
537 827 
538 582 
538 694 
539 723 
541 873 
542 634 
545 934 
546 983 
548 677 
550 963 
551 918 
553 676 
554 792 
557 633 
558 775 
561 838 
565 802 
570 754 
570 756 
571 611 
573 848 
574 744 
574 842 
576 896 
578 664 
578 774 
578 832 
586 987 
587 893 
591 697 
593 751 
594 902 
597 704 
599 856 
600 730 
601 741 
601 954 
604 763 
605 668 
612 755 
612 932 
613 628 
613 816 
614 998 
616 710 
617 662 
619 781 
620 970 
621 652 
621 717 
622 957 
631 854 
637 815 
638 724 
639 770 
639 901 
642 910 
644 764 
649 687 
652 787 
657 965 
659 715 
660 930 
662 782 
664 833 
665 714 
666 886 
667 876 
670 1000 
672 988 
675 891 
678 745 
682 752 
684 748 
686 695 
690 712 
693 720 
695 706 
696 828 
701 801 
706 721 
712 977 
716 807 
721 999 
723 793 
727 783 
733 982 
734 822 
737 961 
742 780 
744 912 
746 841 
759 990 
765 864 
765 972 
766 859 
771 874 
775 803 
776 920 
779 996 
784 806 
791 981 
796 973 
797 812 
798 947 
800 868 
802 820 
810 924 
819 978 
822 936 
826 867 
827 906 
827 916 
845 968 
852 948 
853 931 
868 944 
869 929 
872 969 
874 953 
876 955 
880 900 
901 927 
913 991 
917 941 
928 995 
943 960 
