1000 810050216 889411485
1 2 
1 3 
1 4 
1 6 
1 16 
1 19 
1 22 
1 31 
1 54 
1 66 
1 109 
1 182 
1 283 
1 675 
1 756 
2 8 
2 9 
2 87 
2 119 
2 343 
2 567 
3 5 
3 74 
3 193 
3 592 
4 10 
4 15 
4 18 
4 196 
4 245 
4 803 
5 7 
5 85 
5 563 
6 11 
6 29 
6 82 
7 37 
7 41 
7 43 
7 242 
7 689 
8 23 
8 33 
8 94 
8 239 
8 498 
8 511 
8 786 
8 908 
9 20 
9 48 
9 59 
9 121 
9 311 
10 13 
10 14 
10 26 
11 12 
11 24 
11 55 
11 93 
11 173 
11 688 
12 17 
12 25 
12 36 
12 80 
12 138 
12 158 
12 208 
13 204 
13 399 
14 65 
14 322 
15 21 
15 61 
15 308 
15 379 
15 629 
15 932 
16 28 
16 38 
16 63 
16 68 
16 98 
16 135 
16 144 
16 641 
16 702 
17 95 
17 219 
17 285 
17 347 
18 34 
18 67 
18 77 
18 199 
19 27 
19 52 
19 295 
20 51 
20 482 
21 35 
21 110 
21 139 
21 220 
21 582 
21 695 
21 741 
22 53 
22 518 
23 30 
23 46 
23 127 
23 236 
24 235 
24 272 
25 88 
26 44 
26 71 
26 90 
26 654 
27 39 
27 246 
28 32 
28 45 
28 64 
28 111 
28 134 
28 275 
29 101 
29 105 
29 113 
29 287 
30 49 
30 147 
30 781 
31 132 
31 212 
31 531 
32 40 
32 72 
32 227 
32 372 
33 137 
34 438 
35 42 
35 633 
35 747 
36 50 
36 57 
36 102 
37 974 
38 146 
38 923 
39 117 
39 142 
39 186 
39 297 
39 571 
40 60 
40 83 
41 62 
41 526 
42 47 
43 75 
43 133 
44 154 
44 231 
44 446 
45 292 
46 100 
46 238 
46 256 
46 791 
47 136 
47 176 
47 258 
47 400 
48 79 
48 96 
48 157 
49 368 
49 433 
49 476 
50 56 
51 78 
51 103 
51 465 
51 471 
52 70 
52 84 
52 106 
52 201 
52 215 
52 421 
52 826 
53 81 
53 381 
54 112 
54 198 
55 273 
55 314 
56 365 
56 610 
56 814 
57 58 
57 323 
57 631 
58 168 
58 270 
58 378 
60 224 
60 367 
60 797 
61 69 
61 150 
62 73 
62 217 
63 148 
63 162 
63 481 
64 128 
64 271 
64 958 
65 116 
66 460 
66 652 
67 332 
67 361 
68 249 
68 410 
68 572 
69 104 
69 206 
69 329 
69 414 
69 437 
69 444 
69 608 
70 97 
70 305 
70 336 
70 528 
70 903 
72 333 
72 546 
72 753 
73 76 
73 259 
73 403 
73 405 
73 750 
73 944 
74 99 
74 253 
74 960 
75 118 
75 703 
76 172 
76 226 
77 202 
77 461 
77 529 
77 646 
78 129 
78 143 
79 994 
80 122 
80 174 
80 216 
80 489 
81 126 
81 191 
81 269 
81 320 
82 92 
83 244 
83 303 
83 594 
84 152 
84 177 
84 221 
84 655 
85 86 
85 91 
85 149 
85 524 
85 609 
86 180 
86 188 
86 523 
86 818 
86 984 
87 299 
87 731 
88 89 
88 358 
89 115 
89 757 
90 107 
90 108 
90 125 
90 181 
90 185 
91 167 
91 203 
91 214 
91 374 
92 114 
92 200 
92 730 
95 169 
95 190 
95 840 
96 956 
97 265 
97 409 
98 171 
98 260 
99 377 
99 815 
101 123 
101 218 
102 189 
103 396 
104 161 
104 267 
105 679 
105 864 
106 263 
106 294 
106 464 
106 684 
107 131 
107 548 
107 624 
107 712 
108 469 
109 412 
110 145 
110 484 
111 140 
113 163 
113 795 
114 302 
114 385 
114 967 
115 175 
116 183 
116 211 
116 351 
118 120 
118 455 
118 698 
119 130 
119 318 
119 543 
119 672 
120 519 
121 124 
121 395 
123 424 
123 545 
124 595 
125 277 
125 319 
126 141 
126 315 
126 728 
127 151 
128 156 
128 657 
129 164 
129 436 
129 806 
130 274 
131 434 
132 479 
133 184 
133 665 
134 325 
135 261 
135 281 
135 561 
135 677 
136 384 
136 579 
136 857 
137 353 
138 899 
139 234 
140 155 
140 533 
140 762 
141 740 
141 852 
142 165 
142 310 
143 337 
143 736 
145 348 
146 153 
146 178 
146 232 
146 257 
146 495 
146 869 
147 324 
148 669 
148 939 
148 954 
149 160 
149 392 
151 159 
152 209 
153 179 
153 334 
153 892 
154 207 
154 230 
155 340 
156 194 
156 276 
156 417 
157 345 
157 470 
157 804 
159 166 
159 240 
159 509 
160 264 
160 282 
160 416 
161 402 
161 501 
161 578 
162 210 
162 418 
162 732 
163 252 
163 458 
164 170 
164 197 
164 991 
165 398 
165 413 
165 485 
165 690 
166 278 
166 618 
168 321 
168 420 
169 317 
171 192 
171 858 
172 229 
173 948 
173 951 
174 213 
175 187 
175 248 
175 447 
175 985 
175 997 
176 195 
177 880 
178 472 
178 876 
179 370 
179 537 
180 513 
180 566 
182 745 
182 790 
182 807 
182 920 
183 375 
183 919 
185 298 
185 643 
186 477 
187 222 
187 288 
187 306 
188 290 
188 525 
189 889 
189 946 
190 268 
190 341 
190 640 
191 301 
193 910 
195 300 
195 330 
195 535 
195 873 
196 577 
197 328 
197 364 
197 522 
198 540 
199 250 
199 816 
200 352 
200 359 
200 637 
201 233 
201 706 
202 205 
203 225 
203 243 
205 853 
206 467 
206 626 
206 648 
206 879 
206 950 
207 453 
207 931 
208 223 
208 293 
208 338 
210 589 
213 356 
213 793 
214 313 
214 773 
215 350 
216 237 
217 291 
217 534 
217 694 
218 371 
218 544 
218 670 
219 241 
219 335 
219 581 
219 737 
219 882 
220 940 
221 326 
221 339 
221 431 
221 999 
223 228 
225 251 
225 406 
226 603 
226 776 
228 439 
229 255 
230 262 
231 363 
231 755 
232 720 
233 247 
233 389 
233 623 
234 284 
234 792 
234 828 
234 975 
236 309 
238 266 
240 254 
240 936 
241 942 
242 307 
242 407 
242 411 
242 906 
243 369 
243 494 
246 312 
246 604 
248 663 
249 304 
249 425 
250 422 
250 714 
250 811 
252 441 
252 527 
252 710 
253 713 
253 812 
253 874 
255 316 
256 576 
256 722 
257 718 
259 391 
259 404 
260 344 
260 625 
260 760 
261 539 
263 474 
263 614 
263 673 
263 861 
264 279 
264 376 
264 837 
265 510 
265 596 
265 930 
267 289 
267 428 
267 847 
269 355 
269 849 
269 902 
270 362 
270 366 
271 286 
271 360 
272 296 
273 554 
273 870 
274 380 
274 397 
275 451 
277 280 
278 354 
279 917 
280 552 
280 574 
280 639 
280 662 
281 810 
282 450 
282 478 
284 839 
285 419 
285 559 
286 777 
289 390 
290 331 
292 394 
292 770 
294 822 
295 660 
296 443 
296 454 
297 408 
299 825 
300 386 
300 598 
300 716 
300 746 
300 933 
303 500 
303 632 
303 708 
305 783 
307 357 
308 514 
310 327 
310 415 
310 538 
312 401 
313 429 
313 650 
315 456 
315 893 
317 763 
318 448 
318 515 
318 929 
320 473 
320 843 
321 859 
322 833 
323 486 
323 622 
323 678 
324 497 
326 605 
327 475 
328 488 
328 768 
329 373 
329 435 
329 787 
330 432 
330 508 
331 346 
332 342 
332 349 
332 426 
335 597 
335 680 
337 627 
337 911 
338 692 
339 457 
341 445 
341 686 
344 427 
345 387 
347 383 
347 452 
348 867 
349 382 
349 568 
350 430 
350 615 
350 831 
351 512 
352 507 
353 834 
354 449 
354 490 
356 393 
356 557 
356 656 
359 891 
360 564 
361 764 
363 922 
365 556 
365 798 
367 569 
367 884 
369 848 
371 739 
372 653 
372 687 
373 721 
374 709 
375 613 
378 487 
379 754 
379 854 
380 388 
380 442 
380 575 
380 602 
380 749 
381 505 
382 620 
383 801 
384 642 
385 463 
385 468 
385 661 
386 938 
387 466 
389 877 
392 607 
392 982 
394 715 
395 423 
396 506 
397 459 
398 541 
398 555 
400 493 
401 928 
403 973 
404 496 
404 644 
405 547 
405 809 
405 850 
407 699 
408 491 
411 611 
411 742 
412 707 
413 549 
413 774 
414 671 
415 835 
416 558 
416 580 
416 593 
417 530 
417 895 
418 492 
418 674 
418 886 
419 440 
419 771 
419 970 
421 865 
421 949 
422 480 
425 483 
425 550 
425 591 
426 789 
428 570 
428 827 
428 878 
430 743 
434 667 
434 772 
435 503 
435 504 
436 738 
436 926 
437 600 
438 901 
440 785 
443 517 
444 748 
444 780 
444 871 
446 462 
448 551 
450 583 
453 606 
455 651 
455 987 
456 499 
461 927 
462 724 
462 788 
463 735 
468 897 
470 635 
470 701 
471 636 
476 658 
476 905 
478 586 
479 502 
479 915 
481 711 
481 733 
482 585 
483 725 
484 599 
484 682 
485 846 
485 935 
490 978 
493 691 
494 553 
494 562 
494 727 
497 621 
501 516 
501 532 
502 726 
504 851 
506 634 
506 784 
507 542 
508 800 
509 668 
510 888 
514 645 
514 820 
516 520 
516 612 
517 521 
518 700 
520 862 
522 601 
523 683 
525 782 
528 664 
532 981 
533 536 
535 744 
535 887 
535 959 
536 996 
537 912 
538 845 
539 921 
540 989 
542 573 
545 817 
546 584 
549 823 
550 560 
550 765 
551 590 
553 976 
555 856 
559 705 
560 565 
560 717 
560 719 
562 628 
563 681 
567 647 
568 630 
568 666 
569 953 
571 587 
571 734 
574 659 
574 819 
576 693 
579 704 
582 955 
583 844 
584 588 
584 617 
589 863 
589 868 
592 898 
594 969 
595 872 
597 875 
597 925 
598 990 
600 619 
600 676 
600 808 
601 980 
602 916 
605 751 
607 616 
615 638 
616 752 
619 838 
619 913 
620 778 
620 941 
621 729 
622 759 
624 649 
625 943 
640 904 
640 968 
641 794 
643 995 
649 842 
650 896 
653 685 
653 836 
658 796 
659 723 
661 697 
661 909 
661 947 
662 767 
663 758 
669 813 
674 775 
675 890 
678 802 
680 805 
687 696 
691 841 
695 907 
708 830 
709 957 
717 979 
720 769 
722 983 
730 761 
733 992 
735 952 
736 766 
738 821 
741 799 
745 860 
750 924 
750 971 
751 937 
758 855 
758 972 
776 779 
776 964 
781 965 
785 883 
786 829 
788 881 
791 832 
791 914 
792 894 
806 961 
812 966 
818 824 
818 866 
820 998 
829 885 
842 934 
845 1000 
846 900 
862 918 
862 945 
881 988 
884 963 
909 962 
936 986 
945 977 
952 993 
