1000 392760217 308103924
1 2 
1 3 
1 4 
1 19 
1 138 
1 260 
2 5 
2 7 
2 13 
2 20 
2 88 
2 153 
2 442 
3 9 
3 64 
3 79 
3 188 
3 228 
3 692 
4 15 
4 28 
4 56 
5 6 
5 8 
5 11 
5 164 
5 218 
5 436 
5 580 
6 12 
6 16 
6 26 
6 60 
6 737 
7 14 
7 25 
7 98 
7 299 
8 10 
8 110 
8 189 
9 18 
9 21 
9 107 
9 448 
9 839 
10 91 
10 496 
11 23 
11 74 
11 121 
11 538 
11 554 
11 604 
12 17 
13 51 
13 293 
13 593 
14 34 
15 45 
15 76 
15 81 
15 152 
15 169 
15 209 
15 323 
15 478 
16 40 
16 93 
16 393 
17 27 
17 29 
17 35 
18 119 
18 145 
18 233 
19 31 
19 41 
19 42 
19 61 
19 124 
19 146 
20 22 
20 73 
20 162 
20 322 
20 806 
21 36 
21 59 
21 223 
22 58 
22 111 
22 118 
22 126 
23 24 
23 38 
23 102 
23 104 
23 515 
23 725 
23 922 
24 94 
24 142 
24 194 
25 50 
25 123 
25 195 
26 30 
26 95 
27 270 
27 689 
28 44 
28 108 
28 314 
28 398 
29 53 
29 63 
29 116 
29 918 
29 952 
30 32 
30 33 
30 150 
30 306 
30 837 
31 262 
31 269 
32 96 
32 178 
32 252 
32 286 
32 639 
33 37 
33 43 
33 125 
33 302 
34 67 
34 99 
34 214 
34 289 
34 670 
34 853 
35 120 
35 451 
36 39 
36 47 
36 49 
36 80 
36 82 
36 163 
37 229 
37 237 
38 46 
38 97 
38 333 
39 84 
39 166 
39 251 
39 353 
39 356 
39 488 
40 144 
40 149 
40 565 
41 48 
41 201 
41 212 
41 428 
42 85 
42 363 
42 781 
43 57 
43 341 
43 430 
43 863 
44 176 
44 210 
44 235 
44 283 
45 426 
45 473 
46 923 
47 55 
48 66 
48 75 
48 207 
49 139 
49 326 
50 54 
50 70 
50 894 
51 52 
51 69 
53 62 
53 106 
53 128 
53 234 
53 757 
53 960 
54 197 
55 508 
56 65 
56 87 
57 68 
57 378 
57 520 
57 641 
58 109 
58 171 
58 295 
58 380 
58 468 
59 650 
60 200 
60 425 
60 992 
61 83 
61 720 
62 158 
63 72 
63 78 
63 156 
63 198 
63 241 
63 275 
63 313 
63 498 
64 77 
64 130 
64 440 
64 602 
64 748 
64 967 
65 115 
65 203 
65 335 
65 597 
66 112 
66 165 
66 637 
66 771 
67 187 
67 196 
67 298 
67 375 
68 71 
68 263 
68 354 
68 999 
70 481 
70 540 
71 282 
71 301 
72 154 
72 273 
72 287 
73 467 
74 92 
74 250 
74 532 
74 619 
75 168 
75 570 
75 629 
76 755 
76 796 
76 842 
77 86 
77 134 
77 183 
77 184 
78 90 
78 141 
78 170 
78 206 
78 477 
78 592 
79 100 
79 135 
79 215 
79 292 
79 364 
80 127 
80 926 
81 745 
82 101 
82 136 
82 190 
82 217 
82 424 
82 651 
83 113 
83 167 
83 202 
83 452 
83 524 
84 103 
84 373 
84 610 
84 633 
84 776 
85 89 
86 280 
88 422 
89 244 
89 357 
90 117 
90 175 
91 849 
92 105 
92 351 
92 719 
93 177 
93 259 
93 794 
93 828 
93 901 
94 151 
94 231 
94 271 
94 613 
94 699 
95 133 
95 479 
96 192 
96 355 
97 365 
98 531 
99 129 
99 211 
99 256 
99 386 
99 847 
101 482 
102 303 
102 886 
103 137 
103 180 
103 544 
103 661 
104 132 
104 216 
104 546 
104 574 
104 797 
104 994 
106 193 
106 239 
106 778 
107 114 
107 224 
107 632 
107 924 
108 970 
109 642 
109 979 
110 258 
111 155 
111 346 
111 784 
111 871 
111 961 
112 122 
112 787 
113 248 
114 352 
114 419 
114 464 
114 588 
115 179 
115 204 
115 247 
116 159 
116 161 
116 435 
117 143 
117 174 
117 395 
117 455 
118 236 
119 208 
119 225 
119 272 
119 318 
119 810 
120 186 
120 693 
121 249 
121 415 
122 173 
122 535 
123 360 
123 550 
123 925 
124 332 
125 320 
126 131 
126 336 
127 147 
127 243 
127 389 
127 410 
127 807 
127 950 
128 288 
128 316 
128 374 
128 893 
129 525 
130 172 
130 392 
130 518 
131 277 
131 983 
132 578 
132 783 
133 140 
134 148 
134 325 
134 683 
134 836 
135 406 
135 459 
136 300 
137 157 
137 462 
137 576 
137 751 
138 205 
139 417 
141 253 
141 822 
143 181 
143 788 
145 185 
145 780 
146 621 
147 517 
148 453 
148 504 
148 573 
148 993 
149 408 
149 903 
150 582 
151 268 
152 439 
153 246 
154 274 
154 358 
155 349 
156 254 
156 337 
156 348 
157 160 
158 238 
158 447 
158 454 
158 470 
159 399 
159 489 
160 219 
160 242 
160 334 
160 405 
162 307 
162 343 
162 450 
162 587 
165 191 
166 213 
166 362 
166 445 
166 678 
167 707 
170 555 
170 754 
170 911 
171 444 
172 199 
172 418 
173 347 
173 645 
173 721 
173 962 
174 261 
175 265 
177 182 
177 407 
177 986 
179 220 
179 297 
179 310 
179 377 
179 503 
179 601 
179 769 
180 413 
180 668 
182 257 
182 372 
183 984 
186 324 
188 568 
189 514 
191 791 
191 909 
192 635 
192 883 
193 710 
193 920 
194 278 
194 684 
195 671 
196 437 
196 457 
196 586 
196 655 
198 340 
198 350 
199 432 
199 762 
200 652 
200 729 
200 946 
201 396 
202 370 
203 823 
204 367 
204 879 
206 230 
207 995 
208 226 
208 509 
208 530 
208 987 
209 221 
209 266 
209 465 
210 222 
210 227 
212 240 
212 761 
212 892 
214 634 
215 394 
215 472 
215 572 
215 831 
216 267 
218 255 
218 296 
218 591 
219 411 
222 232 
224 844 
225 245 
225 264 
225 368 
228 366 
228 460 
228 516 
230 304 
230 618 
231 279 
231 648 
231 654 
232 421 
232 848 
232 851 
234 609 
236 679 
236 902 
237 603 
239 384 
240 409 
241 1000 
242 317 
242 718 
242 756 
243 562 
243 617 
244 631 
244 666 
245 281 
246 577 
246 968 
247 321 
247 627 
247 877 
248 284 
248 722 
248 940 
249 616 
250 276 
250 480 
250 658 
251 506 
251 793 
254 523 
254 594 
256 724 
257 463 
257 630 
258 327 
258 429 
259 312 
259 345 
259 376 
259 680 
259 865 
260 766 
261 397 
261 611 
261 949 
263 401 
264 703 
265 290 
265 491 
267 817 
268 319 
268 494 
268 819 
271 369 
271 521 
271 908 
272 475 
273 305 
274 412 
274 686 
275 285 
276 673 
277 311 
277 904 
278 291 
278 294 
278 309 
278 985 
280 344 
282 694 
283 308 
283 814 
284 315 
284 388 
286 342 
287 414 
287 921 
288 510 
288 861 
289 402 
290 606 
291 558 
292 608 
292 753 
293 595 
293 930 
294 385 
295 383 
295 681 
295 716 
295 803 
295 845 
297 328 
297 561 
301 431 
301 589 
302 330 
303 329 
304 560 
304 664 
305 404 
306 371 
308 416 
310 339 
312 688 
313 959 
315 742 
316 361 
316 917 
316 943 
318 331 
318 829 
319 733 
320 834 
321 469 
323 527 
323 701 
323 765 
324 441 
325 387 
325 891 
327 709 
329 379 
329 471 
329 713 
330 338 
330 545 
330 958 
332 624 
335 359 
335 486 
339 677 
339 774 
340 596 
341 528 
342 695 
342 838 
343 585 
343 812 
344 543 
344 612 
346 461 
347 456 
347 500 
347 898 
348 420 
348 887 
348 927 
349 382 
349 878 
350 662 
351 391 
351 438 
351 717 
351 785 
352 644 
356 772 
356 798 
358 649 
358 708 
361 553 
361 600 
364 434 
364 665 
366 423 
366 945 
368 896 
368 965 
368 971 
370 534 
370 947 
371 474 
373 443 
373 497 
373 499 
373 743 
378 682 
380 381 
382 390 
382 542 
383 513 
385 726 
387 403 
387 547 
387 607 
390 552 
390 659 
391 400 
392 674 
392 704 
392 833 
393 811 
395 502 
396 433 
396 638 
396 697 
396 700 
398 522 
398 581 
399 526 
399 599 
399 732 
400 484 
400 889 
400 953 
401 505 
402 446 
402 512 
402 759 
402 919 
404 533 
404 991 
407 495 
407 541 
408 625 
408 815 
409 476 
409 790 
409 935 
410 536 
412 548 
412 566 
412 714 
413 764 
414 458 
414 657 
415 882 
416 427 
416 852 
416 941 
418 449 
419 824 
420 556 
421 730 
423 932 
423 974 
424 511 
426 575 
427 490 
427 501 
429 569 
429 653 
430 559 
430 777 
431 466 
431 646 
431 850 
433 492 
434 636 
435 623 
435 872 
436 579 
439 483 
440 752 
442 747 
443 493 
444 696 
446 702 
446 786 
449 487 
450 537 
456 519 
457 727 
459 564 
459 640 
460 590 
460 763 
461 549 
463 881 
465 698 
465 910 
466 485 
466 723 
469 731 
469 957 
470 691 
471 816 
473 507 
476 805 
477 840 
478 563 
478 584 
480 622 
480 873 
483 626 
485 539 
486 942 
487 643 
487 800 
488 551 
489 988 
490 614 
493 715 
494 687 
494 875 
496 782 
497 660 
497 907 
502 529 
504 583 
509 571 
509 978 
515 605 
519 663 
523 843 
529 937 
530 890 
533 620 
534 669 
536 801 
537 744 
537 770 
538 799 
542 557 
543 711 
544 706 
548 789 
549 615 
549 760 
550 792 
551 567 
552 735 
555 628 
560 758 
562 818 
565 734 
568 795 
569 997 
572 741 
572 888 
572 899 
574 826 
575 740 
577 821 
582 705 
585 804 
587 739 
587 767 
588 598 
589 905 
591 656 
594 676 
594 728 
597 906 
610 948 
611 857 
612 972 
614 647 
614 773 
614 933 
616 685 
617 832 
619 867 
621 675 
632 864 
632 975 
633 846 
633 956 
634 736 
634 813 
635 750 
642 667 
650 712 
655 746 
655 913 
662 895 
662 939 
667 672 
672 690 
673 915 
673 963 
679 802 
682 998 
683 809 
688 929 
692 841 
694 938 
697 859 
704 869 
704 989 
705 982 
709 855 
712 914 
717 738 
718 912 
721 775 
723 768 
724 858 
726 835 
726 876 
734 749 
737 779 
739 827 
739 868 
746 900 
760 860 
769 880 
777 980 
780 916 
789 944 
796 866 
798 870 
805 808 
807 977 
811 825 
811 951 
816 820 
819 830 
820 874 
829 854 
829 973 
836 862 
836 884 
843 856 
852 936 
860 931 
867 934 
868 885 
871 954 
873 964 
874 976 
879 897 
899 990 
905 969 
905 996 
917 981 
923 955 
927 928 
947 966 
