1000 577601724 412584230
1 2 
1 4 
1 14 
1 18 
1 20 
1 184 
1 260 
1 281 
1 288 
1 333 
2 3 
2 11 
2 27 
2 32 
2 924 
3 6 
3 178 
3 315 
3 673 
4 5 
4 8 
4 40 
4 137 
4 250 
4 515 
4 570 
5 9 
5 13 
5 41 
5 53 
5 56 
5 170 
6 7 
6 37 
6 39 
6 620 
6 862 
7 138 
7 245 
7 552 
8 58 
8 167 
8 213 
8 555 
8 962 
9 10 
9 24 
9 28 
9 94 
9 487 
10 12 
10 355 
10 793 
11 36 
11 117 
11 128 
11 212 
12 78 
12 118 
12 531 
12 823 
13 15 
13 21 
13 223 
13 419 
14 17 
14 25 
15 16 
15 29 
16 19 
16 57 
16 417 
16 638 
17 23 
17 100 
18 44 
18 147 
18 241 
18 362 
19 85 
19 106 
19 156 
19 187 
19 349 
19 477 
19 948 
20 22 
20 59 
20 115 
20 217 
20 423 
21 38 
21 46 
21 329 
21 459 
21 569 
21 650 
22 31 
22 55 
22 66 
22 136 
22 222 
22 251 
22 300 
23 140 
23 192 
23 857 
23 947 
24 26 
24 30 
24 123 
24 132 
25 45 
25 51 
25 60 
25 89 
25 484 
26 43 
26 293 
26 635 
27 87 
27 92 
27 726 
28 54 
28 98 
29 33 
29 48 
29 174 
29 211 
29 380 
30 34 
30 440 
31 316 
31 536 
32 35 
32 76 
32 84 
32 163 
32 443 
33 122 
33 152 
33 243 
33 554 
34 263 
35 42 
35 49 
35 50 
35 148 
35 456 
36 110 
36 133 
36 332 
37 52 
37 77 
37 221 
37 282 
37 705 
38 376 
38 530 
39 364 
39 853 
40 90 
40 99 
40 111 
41 203 
41 389 
41 425 
43 153 
43 629 
44 47 
44 143 
44 612 
45 151 
45 238 
46 127 
46 231 
46 663 
47 70 
47 73 
48 183 
48 599 
49 105 
49 249 
50 61 
50 172 
50 198 
50 561 
50 605 
51 208 
51 522 
51 677 
53 67 
54 69 
54 88 
54 299 
55 63 
55 149 
55 232 
56 68 
56 72 
56 80 
56 82 
56 109 
57 173 
57 297 
57 411 
57 659 
57 981 
58 104 
58 155 
58 674 
59 74 
59 103 
59 290 
59 595 
59 917 
60 62 
60 273 
60 730 
61 101 
62 64 
62 145 
62 576 
63 65 
63 96 
63 107 
63 130 
63 275 
63 744 
64 79 
64 126 
64 698 
65 112 
65 496 
65 695 
66 108 
66 307 
67 81 
67 135 
67 256 
67 375 
68 75 
68 201 
69 146 
69 327 
69 381 
70 71 
70 916 
71 291 
71 887 
72 93 
72 246 
74 269 
74 342 
74 877 
76 218 
76 318 
77 323 
77 383 
78 129 
78 387 
78 740 
79 86 
80 91 
81 359 
81 664 
81 676 
81 748 
82 83 
82 588 
82 720 
82 804 
83 158 
83 168 
84 125 
84 347 
84 478 
84 746 
85 274 
85 287 
85 636 
86 171 
87 97 
87 204 
87 317 
88 653 
88 835 
88 935 
89 396 
89 572 
89 786 
90 95 
90 219 
90 237 
90 575 
90 937 
91 114 
91 199 
91 792 
92 225 
92 247 
92 289 
93 193 
94 953 
95 681 
95 822 
96 102 
96 304 
98 120 
98 279 
98 305 
98 696 
98 706 
98 710 
98 743 
99 244 
99 295 
100 113 
100 116 
100 206 
100 242 
100 252 
100 303 
101 190 
101 220 
101 257 
102 592 
103 248 
104 121 
104 214 
104 324 
104 431 
105 161 
105 189 
105 429 
107 141 
107 879 
107 999 
108 162 
108 388 
108 401 
108 402 
109 378 
109 654 
110 272 
110 838 
111 702 
112 503 
112 995 
114 215 
115 177 
115 262 
116 134 
116 181 
116 648 
116 660 
116 769 
116 776 
116 973 
117 119 
117 169 
117 944 
119 188 
119 729 
121 124 
122 131 
122 144 
122 165 
122 308 
123 150 
123 175 
123 504 
124 186 
125 343 
125 513 
126 255 
126 341 
126 616 
128 912 
129 139 
129 226 
129 292 
129 319 
129 328 
129 755 
131 142 
131 372 
131 499 
132 176 
132 194 
132 441 
132 494 
133 179 
133 234 
133 397 
134 367 
135 160 
135 197 
135 264 
135 309 
135 533 
136 852 
137 335 
137 470 
138 202 
139 164 
139 298 
140 384 
140 844 
141 528 
141 795 
142 363 
142 365 
142 444 
143 157 
143 236 
145 942 
146 547 
146 573 
146 582 
147 321 
147 393 
147 703 
148 154 
148 399 
149 391 
150 210 
150 228 
150 652 
151 268 
151 458 
152 159 
152 549 
153 296 
153 320 
154 166 
154 574 
155 589 
156 180 
156 898 
157 488 
159 644 
161 182 
161 358 
162 422 
162 437 
162 501 
162 618 
163 597 
165 977 
167 461 
167 541 
167 591 
167 751 
167 881 
168 310 
168 670 
168 929 
169 265 
169 371 
169 517 
169 560 
170 196 
170 216 
170 351 
170 479 
170 622 
171 205 
171 435 
171 758 
172 578 
173 946 
174 276 
174 432 
174 468 
174 739 
176 449 
176 564 
177 728 
178 240 
178 348 
179 464 
180 200 
180 266 
181 301 
182 185 
182 809 
182 894 
183 510 
183 738 
186 645 
186 680 
186 686 
187 284 
187 360 
188 195 
188 271 
190 191 
191 227 
191 229 
191 336 
191 493 
192 259 
192 325 
192 350 
192 434 
193 233 
193 491 
195 331 
197 253 
197 761 
198 230 
198 361 
199 207 
199 302 
199 562 
199 841 
199 949 
200 768 
201 855 
202 209 
202 286 
202 745 
202 931 
204 392 
204 538 
204 656 
205 408 
205 525 
205 678 
205 928 
206 224 
206 482 
206 542 
206 951 
208 447 
210 474 
210 891 
212 235 
213 334 
213 337 
214 643 
215 254 
215 345 
215 966 
216 258 
218 313 
218 340 
219 455 
219 523 
221 808 
222 344 
222 919 
222 996 
223 519 
223 830 
224 756 
225 278 
225 628 
226 239 
226 596 
226 896 
227 454 
227 773 
230 410 
230 799 
231 414 
232 330 
232 352 
232 712 
234 267 
235 405 
235 452 
236 558 
236 668 
238 280 
240 306 
240 544 
241 326 
241 540 
241 607 
243 404 
243 584 
244 634 
245 457 
245 516 
246 657 
246 805 
247 511 
248 624 
249 285 
249 390 
249 798 
251 403 
252 527 
253 261 
253 386 
254 600 
254 602 
255 294 
257 672 
257 972 
258 339 
258 1000 
260 442 
260 968 
261 283 
261 369 
263 356 
263 428 
263 832 
265 270 
268 466 
268 694 
268 817 
269 763 
269 897 
270 553 
270 733 
271 732 
272 439 
272 655 
276 277 
276 481 
280 964 
281 370 
281 665 
282 806 
283 463 
284 311 
284 409 
284 465 
284 551 
285 630 
285 992 
286 824 
287 366 
287 723 
288 406 
288 450 
289 357 
289 904 
290 426 
290 448 
291 420 
291 462 
291 886 
292 398 
292 577 
293 433 
295 421 
295 811 
296 921 
297 322 
298 532 
299 368 
299 598 
300 379 
302 581 
302 754 
303 535 
304 377 
305 312 
306 382 
306 498 
306 791 
306 900 
308 445 
308 700 
309 394 
310 508 
310 816 
311 524 
311 749 
312 460 
312 483 
313 314 
313 548 
313 991 
314 640 
314 765 
315 373 
316 346 
317 617 
317 747 
319 866 
321 400 
322 354 
325 353 
326 338 
326 436 
326 639 
327 415 
327 610 
327 785 
328 994 
330 903 
331 385 
332 413 
332 614 
332 810 
333 579 
333 580 
335 788 
336 550 
341 480 
341 611 
341 675 
342 486 
342 649 
343 753 
343 770 
345 374 
345 427 
345 777 
347 453 
347 721 
347 737 
347 986 
348 395 
350 885 
351 556 
351 715 
352 604 
352 687 
353 818 
355 475 
355 537 
355 863 
356 759 
356 826 
359 416 
360 679 
361 430 
362 534 
364 771 
364 794 
365 407 
367 471 
367 831 
368 539 
368 623 
369 507 
369 666 
371 667 
373 509 
373 646 
374 716 
375 451 
375 796 
377 418 
377 701 
378 566 
378 585 
379 568 
382 571 
382 803 
387 606 
388 546 
390 467 
390 621 
390 960 
392 971 
396 526 
396 626 
397 920 
398 485 
398 492 
399 438 
400 671 
401 642 
401 926 
402 959 
403 884 
404 565 
407 512 
407 518 
408 899 
409 625 
410 412 
410 472 
411 871 
412 497 
412 772 
412 867 
413 848 
413 873 
414 594 
414 692 
415 495 
416 825 
416 854 
416 954 
417 520 
417 587 
418 424 
420 473 
422 849 
424 764 
426 801 
429 601 
430 890 
432 901 
433 927 
434 691 
434 778 
443 446 
443 682 
446 847 
447 521 
447 750 
447 875 
447 955 
449 545 
450 469 
450 476 
452 840 
456 590 
458 563 
458 718 
458 913 
462 845 
463 505 
463 658 
465 500 
465 662 
467 993 
468 559 
470 980 
472 669 
472 685 
473 502 
474 490 
475 506 
476 489 
481 609 
482 711 
486 583 
487 800 
491 978 
492 627 
492 693 
494 529 
495 514 
495 807 
497 586 
499 615 
499 930 
501 567 
503 651 
506 766 
506 933 
507 708 
508 872 
511 632 
514 543 
515 603 
517 860 
518 943 
520 619 
520 707 
523 911 
527 613 
528 780 
531 939 
533 557 
533 843 
534 683 
541 593 
541 689 
541 802 
542 647 
542 945 
543 727 
544 690 
545 722 
549 661 
550 870 
550 970 
552 902 
556 821 
558 864 
561 789 
562 736 
562 989 
563 641 
564 709 
567 858 
568 820 
573 741 
574 752 
575 869 
576 760 
576 850 
577 608 
577 697 
585 699 
586 846 
588 976 
589 724 
590 714 
591 637 
594 865 
594 934 
595 633 
600 735 
601 906 
601 967 
602 783 
610 936 
612 684 
613 725 
615 834 
621 704 
625 775 
625 915 
628 631 
628 762 
629 757 
629 969 
630 713 
633 833 
636 938 
637 842 
641 882 
642 932 
644 880 
646 909 
650 719 
650 856 
652 974 
656 861 
657 787 
663 837 
668 958 
669 814 
671 779 
672 815 
676 717 
677 907 
679 774 
682 782 
683 828 
684 987 
685 688 
689 784 
690 997 
692 961 
694 734 
694 851 
695 908 
695 956 
697 742 
704 829 
704 983 
707 918 
716 790 
716 952 
720 910 
725 731 
725 874 
726 984 
740 941 
742 988 
745 979 
746 975 
752 819 
754 859 
757 812 
758 888 
759 781 
761 914 
763 767 
765 883 
772 797 
772 836 
780 839 
780 998 
792 813 
801 957 
814 827 
820 893 
827 905 
828 950 
833 925 
835 878 
836 985 
846 868 
856 982 
862 922 
875 876 
875 895 
881 892 
885 889 
887 923 
908 965 
917 963 
932 940 
939 990 
