1000 665506552 373648982
1 2 
1 6 
1 7 
1 9 
1 10 
1 45 
1 94 
1 306 
1 462 
2 3 
2 4 
2 13 
2 33 
2 42 
2 173 
3 5 
3 29 
3 31 
3 38 
3 63 
3 67 
3 645 
3 871 
4 11 
4 25 
4 175 
4 446 
4 527 
4 876 
5 12 
5 20 
6 15 
6 77 
6 110 
7 8 
7 23 
7 37 
7 47 
7 96 
7 241 
8 91 
8 118 
8 649 
8 671 
8 755 
9 16 
9 17 
9 210 
9 278 
10 19 
10 141 
10 434 
10 436 
11 71 
11 197 
11 290 
11 581 
11 919 
12 14 
12 18 
12 48 
12 163 
12 206 
12 246 
12 355 
12 940 
13 26 
13 245 
13 270 
13 452 
14 21 
14 22 
14 49 
14 75 
14 76 
14 126 
14 251 
15 103 
16 27 
16 28 
16 40 
16 64 
16 416 
16 993 
17 53 
17 66 
17 125 
17 238 
18 32 
18 36 
18 55 
18 73 
18 87 
19 24 
19 112 
19 136 
19 153 
19 299 
20 57 
20 85 
20 122 
20 142 
20 207 
20 263 
20 375 
20 686 
21 68 
21 78 
21 157 
21 723 
22 30 
22 41 
22 61 
22 144 
22 154 
22 177 
23 46 
24 500 
24 637 
24 809 
25 35 
25 39 
25 44 
25 50 
25 113 
25 497 
25 711 
25 908 
26 69 
26 127 
26 162 
26 256 
26 509 
26 558 
27 128 
27 164 
27 279 
27 448 
28 268 
28 329 
28 591 
28 760 
29 43 
29 52 
29 717 
30 72 
30 155 
30 442 
30 653 
30 802 
31 34 
31 60 
31 86 
31 95 
31 158 
32 156 
32 252 
32 359 
32 360 
33 89 
33 942 
34 109 
34 159 
34 561 
34 727 
35 81 
35 397 
35 499 
35 737 
38 194 
38 709 
39 51 
39 149 
39 291 
39 322 
39 369 
39 833 
40 335 
40 422 
40 495 
40 562 
41 65 
41 321 
42 429 
42 476 
43 106 
43 169 
43 182 
43 183 
44 97 
44 117 
44 130 
45 54 
45 179 
45 459 
45 722 
46 811 
47 120 
47 181 
47 688 
48 58 
48 916 
49 90 
49 93 
49 632 
50 56 
50 170 
50 255 
50 745 
51 205 
51 386 
51 528 
51 620 
53 108 
53 133 
53 357 
53 412 
53 786 
54 62 
54 131 
54 230 
54 535 
55 421 
56 83 
57 190 
57 227 
57 783 
58 59 
58 553 
59 134 
59 254 
59 395 
60 74 
60 371 
60 494 
60 593 
60 640 
61 330 
62 800 
63 229 
64 431 
64 490 
64 777 
65 84 
66 70 
66 102 
66 223 
67 167 
67 487 
68 146 
68 921 
68 999 
69 132 
69 222 
69 289 
70 139 
70 473 
70 493 
71 532 
72 82 
72 217 
72 643 
72 730 
73 79 
73 589 
74 138 
74 267 
75 161 
75 186 
75 214 
75 618 
75 926 
76 101 
76 176 
76 795 
76 903 
76 920 
78 145 
78 172 
78 180 
78 247 
78 344 
78 347 
79 80 
79 105 
79 402 
80 88 
80 165 
80 378 
81 235 
82 119 
82 699 
82 775 
83 221 
83 889 
84 100 
84 239 
84 362 
84 437 
86 188 
86 602 
86 725 
87 240 
87 403 
87 791 
88 571 
88 768 
91 92 
91 140 
91 326 
91 445 
92 218 
92 226 
93 107 
93 137 
94 300 
94 533 
94 588 
95 116 
95 212 
95 248 
95 486 
96 129 
96 379 
96 844 
97 98 
97 152 
97 389 
98 99 
98 114 
98 174 
98 213 
99 104 
99 171 
100 282 
100 383 
101 178 
101 307 
101 498 
102 365 
102 426 
102 580 
102 678 
104 324 
105 115 
106 271 
106 596 
106 630 
107 111 
107 410 
108 287 
108 613 
109 308 
109 372 
110 216 
110 394 
110 695 
110 848 
111 283 
112 123 
112 201 
112 203 
112 339 
113 121 
113 411 
114 304 
114 663 
115 124 
115 135 
116 147 
116 253 
116 517 
117 160 
120 150 
121 313 
121 348 
121 438 
121 519 
121 556 
122 280 
122 945 
123 185 
124 320 
124 338 
126 272 
127 228 
128 209 
128 337 
129 417 
129 512 
130 614 
131 724 
132 219 
133 151 
133 276 
133 285 
133 667 
134 569 
135 148 
135 184 
135 728 
136 405 
136 953 
137 143 
137 572 
137 810 
137 835 
138 897 
139 215 
139 690 
140 585 
140 624 
141 363 
141 435 
141 525 
142 260 
142 607 
142 748 
142 878 
143 273 
143 351 
143 735 
144 341 
144 427 
144 524 
144 741 
145 529 
145 989 
147 195 
147 199 
147 882 
148 225 
148 305 
148 518 
149 286 
149 605 
149 854 
150 390 
150 679 
151 187 
151 236 
152 303 
153 168 
154 259 
154 349 
154 674 
154 939 
155 220 
155 342 
155 381 
156 166 
158 346 
158 443 
158 706 
158 985 
159 466 
159 712 
160 191 
161 208 
161 233 
161 262 
161 604 
161 629 
161 771 
162 261 
163 189 
163 439 
163 707 
165 264 
165 387 
166 406 
166 773 
167 852 
168 592 
169 193 
169 196 
169 232 
169 540 
169 668 
170 927 
171 258 
172 211 
174 641 
175 202 
176 757 
178 231 
178 334 
178 933 
179 192 
179 309 
179 633 
180 244 
180 284 
181 204 
181 765 
181 923 
182 275 
183 200 
183 603 
185 356 
186 198 
186 484 
187 968 
189 277 
189 398 
189 780 
190 907 
191 568 
191 928 
194 885 
195 948 
196 792 
198 281 
198 662 
198 870 
199 294 
200 224 
200 301 
201 575 
201 648 
202 552 
203 447 
203 547 
205 578 
206 492 
206 608 
207 423 
207 846 
208 237 
208 316 
208 708 
210 884 
212 293 
212 310 
212 733 
212 797 
213 288 
214 661 
215 302 
216 358 
216 455 
216 482 
217 404 
217 481 
217 658 
218 332 
218 380 
218 516 
218 904 
219 257 
223 336 
223 873 
224 250 
224 312 
225 243 
225 825 
227 609 
227 659 
228 319 
228 729 
229 830 
230 407 
230 415 
230 440 
230 488 
231 401 
232 274 
233 234 
234 242 
234 265 
234 475 
235 314 
235 879 
236 325 
236 374 
237 430 
237 549 
238 541 
238 612 
240 508 
240 573 
241 296 
241 478 
242 352 
244 249 
244 327 
246 367 
246 538 
246 566 
247 950 
248 425 
249 269 
250 990 
251 266 
251 536 
251 972 
251 995 
252 298 
252 749 
252 774 
253 502 
253 647 
254 460 
254 969 
255 295 
255 353 
255 414 
255 514 
255 808 
256 898 
257 471 
259 400 
259 505 
259 726 
260 350 
261 656 
261 764 
262 297 
262 451 
262 670 
262 850 
265 551 
266 318 
266 677 
267 408 
267 458 
267 779 
269 472 
269 866 
270 489 
271 506 
271 560 
272 391 
272 617 
274 292 
274 627 
274 877 
274 954 
275 315 
276 377 
276 751 
277 317 
277 798 
278 820 
279 619 
280 507 
282 343 
283 420 
283 557 
283 595 
284 491 
285 345 
286 311 
286 832 
286 845 
287 323 
287 428 
287 600 
287 746 
288 836 
288 994 
289 366 
289 842 
290 331 
290 776 
291 393 
292 399 
292 616 
293 370 
293 599 
293 979 
298 361 
298 626 
299 485 
299 902 
300 564 
301 392 
303 340 
303 837 
303 981 
306 750 
306 857 
306 891 
307 959 
308 900 
309 424 
309 467 
312 991 
313 550 
314 719 
317 328 
317 625 
317 692 
317 766 
318 539 
319 388 
320 943 
321 628 
322 384 
322 644 
323 565 
324 376 
324 655 
324 992 
324 997 
325 333 
326 364 
326 368 
327 657 
329 742 
331 905 
331 983 
332 794 
333 465 
334 759 
335 373 
336 930 
337 409 
337 744 
342 855 
342 949 
344 925 
345 883 
346 432 
346 816 
347 590 
348 457 
349 574 
351 354 
353 721 
354 615 
355 479 
355 543 
355 849 
357 544 
357 611 
359 548 
361 531 
363 474 
363 772 
365 382 
366 815 
368 523 
368 567 
368 914 
370 555 
371 701 
377 385 
378 579 
380 419 
380 453 
380 546 
380 736 
381 396 
381 610 
383 545 
384 570 
384 931 
385 542 
387 441 
387 504 
387 913 
389 470 
389 778 
390 756 
391 584 
391 829 
392 515 
392 636 
393 456 
393 847 
396 413 
397 444 
401 840 
402 449 
402 468 
402 875 
403 594 
404 696 
404 739 
407 454 
407 646 
408 858 
409 433 
410 660 
411 450 
411 651 
415 520 
416 418 
416 480 
417 483 
423 464 
425 672 
427 804 
427 952 
428 559 
429 526 
431 534 
431 974 
432 803 
434 638 
435 669 
435 790 
435 915 
437 680 
439 496 
440 461 
440 694 
444 582 
444 986 
446 463 
447 874 
450 501 
450 718 
451 522 
453 576 
453 597 
453 697 
454 650 
458 859 
459 469 
459 864 
460 956 
462 812 
465 513 
466 503 
466 521 
466 805 
467 622 
467 675 
467 996 
468 762 
472 731 
474 606 
474 834 
475 477 
475 947 
475 975 
477 537 
477 687 
477 689 
478 530 
483 1000 
485 510 
486 890 
487 577 
488 822 
491 716 
492 839 
494 838 
495 918 
499 715 
501 587 
501 598 
501 720 
502 511 
503 642 
503 977 
506 732 
507 623 
507 631 
509 961 
514 827 
514 929 
515 924 
516 935 
517 738 
518 851 
518 980 
520 881 
521 714 
523 652 
526 758 
527 554 
531 869 
533 843 
533 917 
535 782 
535 784 
535 862 
536 824 
543 703 
544 635 
544 787 
546 801 
547 698 
547 964 
548 601 
548 963 
549 682 
550 683 
550 713 
551 888 
553 583 
555 681 
557 563 
557 621 
557 691 
558 785 
558 831 
558 893 
558 951 
562 853 
562 988 
563 664 
565 665 
568 586 
570 702 
573 684 
579 922 
581 734 
586 676 
586 799 
588 796 
591 955 
598 958 
599 770 
602 710 
607 693 
608 639 
609 685 
613 936 
614 967 
624 634 
626 704 
633 868 
634 700 
639 789 
645 753 
647 743 
648 666 
648 818 
649 654 
649 886 
653 971 
654 998 
657 673 
657 705 
657 938 
658 863 
662 910 
662 957 
666 856 
669 841 
671 761 
674 740 
676 767 
676 828 
680 817 
681 754 
687 806 
688 814 
689 747 
689 865 
689 982 
693 763 
693 896 
693 901 
700 937 
707 899 
721 941 
723 752 
725 892 
725 946 
727 880 
732 826 
736 788 
739 860 
742 781 
742 906 
749 867 
751 978 
753 823 
754 984 
755 769 
758 965 
760 973 
768 821 
774 819 
783 793 
786 807 
789 934 
793 872 
805 813 
808 894 
808 966 
809 887 
820 960 
826 962 
830 861 
836 911 
847 895 
848 909 
848 944 
860 912 
873 932 
899 987 
928 970 
946 976 
