1000 699025227 502084317
1 2 
1 6 
1 11 
1 37 
2 3 
2 4 
2 5 
2 36 
2 47 
2 253 
2 562 
2 797 
3 7 
3 8 
3 16 
3 38 
3 48 
3 279 
3 516 
3 639 
4 123 
4 391 
4 582 
5 9 
5 12 
5 13 
5 19 
5 32 
5 53 
5 93 
5 466 
6 18 
6 205 
6 278 
6 560 
7 25 
7 96 
7 147 
7 162 
7 624 
8 10 
8 15 
8 23 
8 39 
8 85 
8 154 
8 189 
8 553 
9 44 
9 406 
10 27 
10 31 
10 58 
10 171 
10 650 
11 22 
11 26 
11 29 
11 86 
11 148 
11 229 
11 251 
12 14 
12 72 
12 201 
12 430 
12 432 
13 35 
13 59 
13 121 
13 156 
14 63 
14 574 
15 17 
15 20 
15 28 
15 113 
15 139 
15 145 
15 642 
16 286 
17 49 
17 245 
17 918 
18 125 
18 151 
18 164 
18 198 
18 364 
19 875 
20 21 
20 209 
21 64 
21 173 
22 43 
22 57 
22 92 
22 186 
22 294 
23 24 
23 33 
23 34 
23 74 
23 76 
23 397 
24 41 
24 62 
24 103 
24 104 
24 168 
24 200 
24 620 
24 645 
25 42 
25 130 
25 236 
25 323 
26 30 
26 83 
26 362 
26 419 
27 378 
28 133 
28 170 
28 215 
29 60 
29 494 
29 850 
30 65 
30 305 
30 758 
31 40 
31 458 
32 45 
32 73 
32 95 
32 120 
32 297 
34 67 
34 69 
34 968 
35 46 
35 94 
35 128 
35 179 
35 474 
35 547 
36 68 
36 178 
36 274 
36 292 
36 337 
36 479 
36 595 
37 52 
37 232 
37 246 
37 741 
38 51 
38 79 
38 134 
38 334 
38 363 
38 747 
39 54 
39 136 
39 300 
39 433 
40 97 
40 110 
40 126 
40 668 
41 89 
41 116 
41 155 
41 978 
42 78 
42 100 
42 380 
42 810 
43 408 
43 441 
44 56 
44 476 
45 206 
45 304 
45 592 
45 646 
46 221 
46 223 
46 266 
46 534 
46 913 
47 50 
47 75 
48 195 
48 524 
49 71 
49 349 
49 804 
50 55 
51 181 
51 315 
52 184 
52 374 
52 394 
52 583 
54 70 
54 90 
54 111 
55 77 
55 267 
55 376 
56 219 
56 353 
56 786 
57 61 
57 312 
57 640 
57 809 
58 288 
58 335 
59 226 
59 254 
59 549 
59 716 
59 900 
60 358 
60 845 
61 80 
61 230 
62 66 
62 283 
63 81 
63 303 
63 463 
63 922 
64 218 
64 309 
64 921 
64 947 
65 191 
65 194 
65 207 
65 511 
65 527 
65 983 
66 131 
66 183 
66 248 
66 569 
67 601 
68 265 
69 995 
70 84 
70 249 
70 365 
70 535 
71 135 
71 231 
71 559 
73 108 
73 182 
73 247 
73 260 
73 505 
75 99 
75 107 
75 122 
75 700 
76 578 
76 692 
76 703 
77 87 
77 88 
77 213 
77 240 
78 115 
78 302 
79 163 
80 82 
80 129 
80 187 
80 203 
80 386 
81 112 
81 210 
81 504 
81 727 
81 906 
82 132 
82 235 
82 647 
82 825 
83 225 
83 285 
84 102 
84 109 
84 193 
84 336 
84 367 
84 522 
86 185 
87 450 
87 808 
88 159 
88 339 
89 101 
89 140 
89 174 
89 517 
89 878 
90 91 
90 98 
90 626 
90 638 
90 958 
91 558 
91 695 
92 589 
93 736 
94 440 
94 933 
95 106 
95 384 
95 969 
96 177 
96 613 
96 682 
97 233 
97 437 
98 138 
99 740 
101 377 
101 396 
102 114 
102 141 
102 192 
102 287 
102 492 
102 911 
102 934 
103 105 
103 275 
103 898 
104 152 
105 117 
105 158 
106 150 
108 762 
109 468 
109 767 
110 211 
111 146 
112 381 
113 250 
113 271 
113 273 
114 119 
114 331 
114 570 
114 701 
114 912 
116 202 
116 234 
116 320 
117 118 
117 124 
118 169 
118 239 
119 149 
119 974 
121 144 
121 157 
121 791 
123 214 
123 499 
123 735 
124 259 
124 790 
124 923 
125 127 
125 540 
125 757 
126 282 
126 301 
126 343 
127 143 
127 342 
128 994 
129 142 
129 820 
130 175 
130 722 
130 870 
130 935 
131 180 
131 345 
131 680 
132 313 
133 137 
133 513 
133 874 
134 153 
135 264 
135 411 
135 783 
136 166 
136 188 
136 291 
136 533 
136 882 
137 520 
138 165 
138 371 
138 714 
139 515 
140 290 
140 529 
140 704 
140 717 
141 332 
142 172 
143 160 
143 571 
143 649 
144 390 
144 422 
144 685 
145 197 
145 307 
145 387 
146 196 
146 255 
146 519 
147 176 
147 399 
147 416 
147 573 
148 593 
148 628 
148 818 
149 298 
150 541 
150 580 
151 981 
152 690 
153 948 
154 360 
155 347 
155 409 
155 771 
156 256 
156 484 
156 982 
157 167 
157 199 
157 310 
157 316 
157 361 
159 539 
159 733 
160 161 
162 461 
163 280 
163 356 
165 654 
166 447 
167 385 
167 417 
168 289 
169 228 
170 457 
170 521 
172 217 
172 318 
174 224 
174 669 
174 693 
175 241 
175 454 
175 873 
176 600 
178 546 
179 227 
179 321 
179 428 
179 503 
180 689 
181 257 
181 351 
182 452 
182 635 
182 814 
182 962 
184 372 
184 597 
184 839 
185 482 
185 500 
186 317 
187 324 
187 424 
187 460 
188 222 
188 475 
188 855 
189 190 
189 238 
189 243 
189 293 
190 415 
191 388 
191 403 
191 481 
192 263 
193 338 
193 625 
196 208 
196 212 
197 426 
198 586 
201 611 
202 276 
202 284 
202 431 
203 204 
203 296 
203 942 
205 949 
206 585 
207 281 
208 473 
208 987 
209 216 
209 435 
209 608 
209 738 
210 551 
211 220 
211 252 
211 856 
212 328 
212 730 
213 261 
213 368 
213 392 
214 554 
214 676 
216 729 
217 894 
218 777 
219 731 
219 794 
220 383 
221 414 
222 828 
223 844 
224 262 
225 480 
225 858 
226 258 
227 619 
227 634 
228 268 
228 834 
229 418 
229 488 
230 242 
230 379 
230 395 
230 709 
231 237 
232 686 
233 277 
233 350 
234 784 
235 803 
236 314 
236 789 
236 833 
237 244 
239 359 
240 971 
243 530 
243 883 
244 340 
244 341 
245 572 
245 684 
247 462 
247 507 
250 776 
251 270 
251 352 
251 737 
251 815 
251 945 
252 269 
253 404 
256 636 
256 959 
257 348 
258 272 
259 327 
259 584 
259 631 
262 512 
263 405 
263 887 
264 446 
266 412 
268 436 
268 724 
269 311 
271 295 
271 824 
272 561 
272 835 
273 464 
273 598 
274 630 
275 326 
276 344 
277 299 
277 355 
279 308 
281 459 
282 319 
283 651 
284 471 
284 615 
285 333 
285 673 
285 932 
288 402 
288 472 
289 617 
289 744 
289 799 
290 616 
291 325 
291 847 
292 936 
293 658 
293 687 
294 576 
296 859 
297 993 
298 306 
299 398 
299 555 
299 726 
299 964 
300 477 
300 893 
301 369 
301 754 
301 866 
304 427 
305 329 
305 357 
305 514 
305 575 
306 330 
307 373 
307 877 
307 897 
308 506 
308 807 
309 550 
309 891 
310 366 
310 400 
310 843 
311 370 
311 538 
312 564 
312 830 
313 445 
313 603 
313 953 
314 322 
314 764 
316 443 
316 490 
323 354 
324 710 
325 565 
328 434 
328 863 
329 382 
329 401 
330 423 
330 483 
331 493 
331 996 
332 707 
333 346 
333 486 
333 652 
335 439 
335 705 
335 816 
335 885 
336 544 
337 817 
340 567 
341 755 
341 886 
342 444 
342 697 
345 389 
345 485 
346 413 
346 623 
346 715 
346 848 
347 420 
348 455 
349 979 
350 537 
350 691 
351 925 
352 609 
352 657 
352 759 
352 986 
353 509 
353 812 
354 497 
354 518 
356 629 
356 827 
356 829 
357 456 
358 438 
359 448 
359 489 
359 721 
361 622 
361 720 
364 498 
364 813 
367 393 
368 763 
368 876 
369 552 
369 753 
370 840 
370 946 
372 410 
372 774 
373 375 
373 501 
374 606 
375 568 
375 618 
376 896 
383 653 
383 788 
384 531 
387 671 
388 612 
393 425 
394 442 
394 938 
395 951 
396 478 
396 990 
399 451 
399 888 
403 865 
404 407 
404 768 
407 548 
407 972 
408 465 
411 800 
411 831 
413 542 
414 594 
415 706 
418 610 
419 421 
419 429 
419 659 
420 502 
420 532 
421 523 
421 889 
421 956 
423 587 
424 732 
425 525 
425 725 
426 453 
428 832 
429 496 
429 998 
430 449 
433 679 
433 954 
434 795 
435 665 
435 766 
437 871 
440 467 
442 495 
443 841 
444 469 
447 536 
447 823 
447 902 
449 734 
451 746 
452 590 
453 751 
455 999 
458 881 
459 510 
459 819 
461 543 
461 545 
461 599 
461 672 
461 821 
462 508 
463 667 
464 853 
465 470 
465 683 
468 699 
468 899 
469 806 
470 491 
471 663 
473 674 
476 648 
477 591 
477 702 
480 588 
481 904 
482 566 
484 779 
484 973 
485 718 
485 728 
486 487 
486 1000 
490 992 
492 557 
492 604 
492 778 
495 719 
496 696 
497 980 
500 528 
501 711 
501 752 
502 780 
503 563 
508 770 
510 607 
510 743 
513 914 
514 637 
514 760 
517 614 
518 966 
519 526 
520 872 
522 621 
522 975 
525 688 
525 837 
527 579 
529 681 
531 787 
531 963 
534 884 
535 664 
536 745 
541 605 
542 694 
544 655 
549 556 
549 769 
553 627 
554 802 
555 581 
555 748 
557 643 
560 596 
561 928 
561 939 
563 920 
563 952 
564 851 
567 656 
568 602 
570 861 
574 577 
574 869 
575 662 
581 641 
581 742 
584 678 
585 677 
585 967 
588 793 
588 880 
589 661 
594 941 
595 905 
596 782 
596 796 
597 792 
601 666 
602 929 
603 991 
604 868 
606 798 
611 761 
612 698 
613 660 
616 633 
616 644 
616 756 
617 632 
617 903 
619 970 
622 675 
624 670 
630 712 
630 908 
631 965 
637 749 
639 901 
642 708 
646 917 
657 857 
662 723 
664 750 
672 739 
675 846 
678 930 
679 860 
683 775 
691 801 
705 713 
707 785 
710 909 
713 811 
713 927 
714 773 
714 950 
724 915 
732 984 
740 805 
741 765 
747 988 
748 822 
750 772 
753 826 
758 836 
762 960 
765 907 
768 854 
769 842 
769 931 
774 943 
776 781 
776 879 
776 924 
789 862 
793 852 
793 961 
796 849 
804 864 
814 867 
814 977 
821 997 
825 892 
829 890 
829 989 
833 910 
835 916 
836 838 
839 985 
849 940 
857 926 
879 937 
893 895 
901 944 
909 919 
919 955 
947 957 
963 976 
