38 606
22 29
33 32
34 22
23 8
33 31
11 30
36 14
31 36
31 19
9 31
3 18
31 13
3 33
37 8
26 16
16 10
23 5
32 31
20 29
35 2
31 21
14 4
8 15
14 13
26 26
36 9
35 1
7 1
1 24
30 32
12 38
19 24
4 11
33 6
6 16
14 31
17 2
13 3
35 26
15 38
25 19
16 25
38 31
26 7
10 3
14 5
35 24
12 31
32 3
8 27
29 4
5 16
32 32
33 13
35 5
38 36
25 15
25 26
23 6
23 35
11 26
2 38
13 30
31 6
18 32
26 32
28 4
11 3
8 19
5 5
1 16
33 23
9 35
22 15
23 11
8 33
21 3
1 31
5 11
32 29
14 37
29 10
10 14
36 19
27 34
1 34
7 22
37 17
37 6
17 32
32 20
27 29
16 35
8 34
34 6
6 10
6 24
21 12
1 8
15 11
13 16
20 37
4 23
36 3
24 8
30 23
3 30
34 35
16 3
8 28
13 1
28 15
27 2
35 3
11 18
28 3
8 14
33 9
4 8
8 20
4 16
1 29
17 4
27 6
17 31
16 38
6 4
31 26
23 29
29 11
37 22
15 30
21 6
12 5
12 24
11 6
11 19
6 13
37 11
3 6
16 18
7 34
21 7
30 14
28 12
8 12
35 27
30 30
34 26
38 33
1 12
19 23
19 2
38 14
2 23
33 33
16 36
27 22
24 13
29 31
18 21
17 1
13 22
6 9
26 21
19 3
30 8
11 13
26 15
2 8
8 9
20 28
16 14
36 6
7 28
15 21
1 19
3 27
36 18
27 19
3 31
23 3
10 11
35 7
33 17
13 21
9 24
20 26
32 27
29 33
38 19
37 19
10 24
14 14
28 11
27 1
3 24
26 6
22 3
3 20
34 36
22 17
4 31
37 2
30 34
7 13
22 14
21 36
24 15
32 24
18 37
5 8
23 31
35 14
38 13
9 2
28 34
13 25
15 18
1 15
26 28
29 24
9 23
13 12
16 20
26 9
27 37
37 3
7 10
8 18
18 27
28 1
34 33
12 11
31 16
25 27
21 33
13 4
38 5
15 23
37 36
30 22
26 17
31 2
2 11
10 10
18 24
38 23
34 32
22 6
12 12
11 34
27 16
14 17
29 13
30 18
16 22
11 35
5 28
37 31
1 4
3 15
12 16
8 10
2 28
35 38
24 11
1 18
35 29
28 28
20 36
18 23
4 5
33 19
32 25
5 19
19 30
38 24
22 18
31 35
32 10
18 20
14 21
4 21
22 24
18 34
29 15
2 7
21 24
30 20
31 10
18 10
36 35
27 30
22 20
12 35
6 12
36 30
33 35
4 2
4 33
38 37
26 3
1 23
24 17
7 9
6 30
32 5
32 22
9 13
36 1
36 25
29 7
20 33
17 21
13 19
3 4
16 21
10 19
17 23
37 35
20 35
8 17
38 27
11 32
7 33
2 6
3 34
29 21
3 29
20 34
38 7
15 16
1 20
34 5
26 1
23 36
33 22
3 1
33 28
14 24
30 24
25 25
9 19
37 1
37 28
22 25
14 23
36 15
5 33
26 2
37 24
17 12
15 31
1 1
35 35
23 20
7 19
29 26
20 38
14 34
12 30
30 35
37 7
37 29
28 23
8 22
7 4
2 33
20 24
12 20
34 25
33 18
2 30
1 32
17 5
19 12
20 13
19 16
30 5
7 14
16 32
34 16
1 14
26 18
10 37
5 29
8 36
18 25
3 8
29 9
21 20
28 24
13 17
35 28
37 13
5 26
24 27
15 7
25 6
16 7
21 35
14 29
19 14
4 4
15 2
9 32
7 17
17 3
7 23
24 34
6 7
9 12
21 38
16 37
14 25
10 25
13 10
30 28
14 28
10 20
36 12
33 12
31 18
6 1
25 7
18 13
2 24
3 2
4 32
35 4
38 28
29 2
22 9
26 19
33 11
10 23
15 33
27 12
20 20
11 11
25 37
16 29
4 22
6 14
20 17
17 11
6 18
4 10
28 22
15 15
28 10
4 9
16 11
36 10
5 31
37 37
11 14
16 16
7 31
21 11
28 27
31 24
7 30
30 10
4 12
32 6
9 5
26 37
18 29
9 10
33 14
24 23
31 20
37 4
1 22
29 36
17 15
26 22
18 35
15 34
8 21
35 25
38 3
6 38
16 9
23 25
5 36
35 32
21 27
8 8
38 1
22 21
26 23
30 4
34 23
8 32
27 26
28 25
2 22
22 12
5 1
10 35
2 16
34 29
16 28
18 28
14 27
37 32
32 15
35 8
1 30
21 19
29 25
7 36
5 22
8 13
3 3
21 21
9 9
37 5
9 28
4 26
33 36
38 10
27 33
1 25
2 1
8 16
35 22
13 15
7 5
11 27
9 25
14 20
20 19
33 26
13 13
10 17
19 35
24 16
29 30
11 20
15 27
23 27
23 12
23 37
38 18
1 33
2 13
19 19
9 11
30 9
15 12
22 10
4 20
25 17
13 34
7 24
35 13
4 27
14 9
29 38
15 6
20 25
32 38
22 36
8 29
13 5
6 35
11 38
15 14
31 30
13 26
29 28
21 37
32 14
20 27
18 19
13 23
18 17
28 21
9 15
29 17
21 2
27 7
18 9
24 4
7 11
12 37
2 10
8 6
9 21
25 24
20 9
8 25
3 9
33 37
34 38
14 26
36 2
4 18
22 38
30 25
5 2
32 19
39
34 4 999999943 999999966
35 20 999999874 999999874
24 26 999999802 999999925
10 20 999999807 999999902
37 13 999999860 999999943
10 7 999999826 999999965
32 13 999999804 999999928
28 2 999999805 999999874
25 7 999999842 999999885
5 8 999999856 999999872
9 17 999999803 999999872
25 25 999999806 999999906
34 17 999999803 999999988
18 21 999999839 999999970
1 5 999999814 999999823
35 25 999999809 999999959
19 7 999999918 999999960
6 32 999999806 999999973
12 28 999999818 999999982
3 12 999999809 999999827
9 35 999999832 999999843
21 6 999999819 999999864
13 10 999999816 999999999
36 27 999999867 999999881
34 6 999999814 999999923
27 13 999999891 999999940
4 30 999999872 999999943
4 19 999999837 999999861
37 30 999999806 999999990
10 34 999999833 999999928
32 6 999999847 999999913
17 20 999999920 999999956
10 3 999999974 999999986
24 6 999999856 999999941
29 11 999999875 999999917
12 9 999999879 999999894
19 17 999999879 999999983
20 20 999999909 999999955
32 19 999999827 999999956
