500
340401889 454730932
113454676 848985259
41772671 903760634
590072673 611915810
100470688 146155517
59213175 461123792
126477147 192575654
753594974 774293741
245940889 705457164
196571852 459288515
568405970 862372279
370745882 783652857
145607349 321560568
549891656 921900943
15178131 866787454
855901014 995790981
665835601 948615524
562325316 694474971
622342314 856873711
85244946 863484561
111569261 526715472
792956352 989200807
108828619 356820054
836972110 968584733
36192956 979875849
227507644 491911155
859726210 930586151
149168650 322155305
253096 828557349
274147128 904902079
331977731 986702382
27283782 371201973
42928577 390260244
256366644 818665227
40954207 892944986
91125250 514182081
671096064 730959581
25254064 60015063
499781179 636891654
751313470 797942093
451814777 626850668
74160163 594002092
21983895 629011762
58664537 850423290
22429077 769036120
481744936 815555055
257525363 630733790
161530085 308420918
294936772 862513457
197859643 374598948
8542218 786348495
347886578 946970865
121259952 467924557
790097415 906096544
20151467 800793014
243253373 576048686
90243612 962071273
219404883 639725980
72084194 264912647
89054698 92874633
218678792 300848901
672496159 696027928
227828622 764295907
95614997 285569830
446741876 965675681
351601684 956235115
141545402 641223743
292547042 735207969
194958781 249872480
66988087 955315344
864673638 967814427
625488414 707568557
408695385 602977484
258876556 383855235
706653842 996068727
135482041 493263322
430000824 613954165
305911375 359574536
12629822 401822547
74836246 439556933
341048356 528655377
513325467 614931716
99514543 638771050
818231250 948154705
603518765 624682256
147326055 317010304
70219659 797862678
301340686 688747229
52934012 172375497
171594419 338628476
202948583 782385218
147356106 950636521
173295077 826388840
472634495 539231480
1729475 762894574
584755974 586651253
331988692 620396417
437639668 878988747
421053727 873957146
118591105 979203010
498990237 893423040
54516848 804332695
189424123 522868934
106811405 535161854
84052793 891787308
316682860 777029859
228881495 575864306
1811898 60973849
156867413 616247320
73597416 446081711
825215539 914592414
253713142 762421157
350030065 895036804
63472635 495818980
106408847 247763146
685266865 843381682
358237197 751428208
590393543 707955040
210348150 354477675
198421998 566527293
135003868 162339497
247474963 328750940
920513223 980533154
42583113 758183338
645514952 856596165
130571992 868767967
5505187 151839822
754972902 877134037
511909940 719391329
311056852 962316331
569529343 630220922
82276770 140384993
121499936 919536509
16927479 589196880
279103014 286586587
357405293 397472222
361842572 613518873
503521356 663018307
326820690 627806007
689227674 935072121
235884597 250180984
387225032 604823311
406900222 515462931
554230486 820768773
623018961 933150436
176481371 397917892
623316522 875164783
292183569 528536978
592643309 826556368
781866304 816968487
101115862 873950027
473544654 896150941
94126985 715354684
225241916 956654451
204038567 562011906
671292298 831501993
372065189 403768872
34960191 407476408
494946179 565216686
20564789 941996742
143122753 768060308
192220811 526525876
443897567 855957466
592288577 880982914
196209245 916984448
141339184 650198359
844407227 854065030
150236094 989246669
49867500 743338233
18621484 504218531
365345970 858322455
878387161 889347450
308915989 864819928
116932520 614022511
465411934 923452403
1212598 325923941
42250308 959648945
348693691 459981988
426423690 494593871
294541682 513393777
72880589 638254384
294743328 987848583
111259446 797823019
238540718 865337341
298063465 930984348
124386259 811411740
155602055 885434466
538277129 542018922
56660613 439475080
608403871 770500760
194255630 652504675
197183654 976024981
87698465 640090868
659397524 870350571
164949306 454469055
24097185 232763234
20854240 826716477
198507536 375282103
616153243 841638630
142844717 784333726
45649996 682884569
78673923 376858124
2843154 606589175
769625657 989071706
161344056 591968245
63662031 394840456
86664382 963200723
42274501 82612886
287592337 567293860
136410244 687064347
106571311 223657194
172853074 556515537
585322640 733254317
23263488 874444263
377387158 905895691
68371342 419902045
87052540 862570825
481183484 481503795
782861159 920026562
46377290 699437929
5437285 406603496
836904447 935846520
271245635 430734446
740051590 870757877
507322625 835814484
43118964 761483083
32232607 781591706
48123202 448735233
342248768 476928029
416427504 916379159
408155515 741287494
274354061 311323518
164688812 399627961
146169836 332589667
611828183 718877042
543462714 950623385
893996952 911660757
711886383 816198504
320258078 864370099
44481142 49853733
440101489 873916676
761677179 787181668
44718666 873650447
944812337 953024818
234723312 266166157
6262343 797167840
588579819 761818102
558675822 968789693
99331676 191716393
239092956 779518611
803175714 966667847
314642889 765961514
274769480 481611845
230327896 283912799
312395811 539625422
295135829 548214886
673656756 819328481
241008555 621750100
218789759 245925370
194772577 848181026
548403872 570810109
61437392 165851767
194906715 368120742
648343902 745509357
29200281 423030028
117750979 620206028
456141522 781423287
78861561 865679130
410258357 837700344
74936463 439385416
383955326 762202771
448512598 449373061
85850724 418590545
645469764 753228763
87471530 716481007
107127697 297805074
206482256 679663213
171908288 933487783
699416267 884967766
384074013 505640782
447663881 789174204
528038643 552805052
430365826 640937767
141646889 450527498
66652072 506497317
123492543 886339128
543997230 642761987
767449670 892594869
51662017 230139668
147446283 507512628
3571034 813838431
27249410 201391809
622200832 847974365
774158551 863004592
295343878 561512251
86207053 733211454
4881516 170362489
145679788 896555811
62910514 633371031
289557754 864885081
230505048 693154965
933392680 984698607
107586419 958647518
319531574 689574885
130053681 937440708
10577467 850028068
18841807 750326538
492983281 923005682
141303472 444921677
50967712 964401927
125348022 260107691
148441469 873614638
108222441 998610716
205630108 699800915
55232007 160209890
607927530 958882953
530641160 712019461
140320031 861985304
77531278 297312739
32281877 449112102
252947361 749946996
77411947 718208276
785238335 815794874
18388257 32704738
157133664 806128829
13725584 854887223
411807846 556206619
289472685 556806430
474939225 557580236
4596611 384949644
1313399 408136082
349482714 744949689
123840885 363525560
430340872 883671887
188355134 519570515
292975126 944912453
354679569 478676772
2739204 83128987
9921642 627640751
457480785 860083922
143020048 938697773
17898855 211023488
345420427 882148886
60223965 942591246
32800892 114330313
878155187 886458492
814449986 922240743
61659338 450364137
750782181 763157608
315918840 434717055
69113027 237038062
136407413 812720134
88375252 672355969
439800564 500715723
612024858 711461919
658686337 775052482
62341824 111143325
169325936 689787287
542869755 922009030
130687230 253911821
320465977 339075884
610986860 978013155
266350322 476988759
60891161 453032634
233968213 401070872
672963304 677484463
122678686 817751859
442902693 467409398
370161796 925720561
98516219 316098532
190925770 852914831
603626162 671367345
368528752 410942221
186849376 328518087
198282603 312656758
380882493 750660846
17538473 102484444
304858716 962096659
270299591 825440930
245833386 763232585
328453061 586333128
427470296 717618143
66873251 287489870
90311125 688404454
563850036 579737441
616349396 940231467
227268986 929078015
303372257 332959906
39500413 152544800
613671927 891111248
790961627 936023846
46291821 224508638
217930892 285025561
226139715 412408140
115264567 580247122
765882522 912641657
265546360 460769077
572155080 882377231
547438099 979380478
404529622 579224325
735627748 992074449
23279556 384919387
467830127 638685994
258831506 268519185
17185773 995404496
593928231 976348224
332254422 524751435
129974429 799042766
586562876 832526985
75979324 461233267
180807847 793699330
205172874 360275881
22846760 171377829
15603263 281550264
546922670 862432899
369424838 947494453
105409684 708070465
234478475 360076468
795333599 959664346
39112257 690674306
263140224 625779037
761065264 982032471
584606854 738103995
196509133 218538174
378353132 967378937
135926572 358857891
286653719 903133106
64320122 420811481
262153749 637453784
182752879 796907688
439351902 454484211
276643766 360168805
161935684 165768113
558003108 586164155
3649103 309162122
246544498 993425265
523571917 811834928
40551968 269894279
641496875 877002806
52085422 642702589
37105001 622034076
200818387 983130652
225321826 608359303
152562794 314894345
58965893 968572040
131231128 965865119
206566926 638244195
519555221 907137446
105221620 695913761
541299860 832588779
275509818 425572031
268218017 853121122
72719933 987622112
760972983 971784464
51576294 432531355
661205150 845072941
576899801 615163212
148933388 859243779
398927634 972281847
316623673 440278618
1612533 70489400
168594127 626825352
157939667 794097086
255156677 571705238
521957521 699075748
79700868 809205275
307279663 621443050
53703633 598222418
69136784 864405933
598588928 980343015
328317963 493575574
864882525 937266318
514057724 719694409
567719420 911685427
89534146 413127783
58984522 311101033
77478888 496337509
692714360 963692799
187372099 658200430
81220341 521060230
202504193 418582356
499339851 640950388
693233055 694167962
3613953 878289474
46192925 382613568
178994416 674693911
533090939 541428550
711551614 743105165
38827180 933574585
871883500 968469859
694679154 763887319
89397657 448820282
210797525 318896792
509674088 745529135
329917619 798249246
388280182 491704869
7650820 893895025
95835492 476642939
457746762 688758799
120101425 955935282
