1000 1498
937 618 2 2
5 435 0 6
95 937 16 15
628 446 8 15
731 833 10 6
48 78 18 0
951 937 17 19
915 937 7 16
937 892 11 5
228 937 17 12
39 937 11 6
260 629 6 0
326 937 7 5
760 6 12 12
483 328 9 15
932 851 5 8
937 526 0 7
403 275 19 14
419 289 9 16
779 937 9 18
51 25 12 17
467 937 1 10
937 311 20 7
30 937 4 11
500 799 6 15
584 937 16 3
937 345 4 7
717 899 2 19
937 44 6 9
937 470 7 4
779 217 2 10
218 937 16 2
687 770 17 13
224 937 11 17
937 516 7 19
277 937 1 18
646 937 2 3
445 703 15 13
454 937 10 2
591 937 8 0
937 914 10 18
613 937 0 1
642 937 16 13
167 937 12 18
11 937 5 7
352 619 17 8
409 937 18 9
457 937 2 7
356 897 5 1
691 243 20 19
937 855 13 20
937 316 14 11
658 937 12 19
937 633 7 15
937 101 10 0
549 937 20 3
937 15 2 1
937 178 8 3
807 846 11 11
302 937 13 6
677 792 8 5
937 542 4 7
937 713 2 16
937 600 9 18
937 466 19 9
286 937 7 4
107 286 0 6
937 943 12 1
937 992 6 6
937 576 7 11
604 937 8 10
524 264 17 12
937 672 8 18
947 84 14 16
913 729 3 9
314 937 4 1
565 158 4 20
937 785 5 19
937 781 9 6
134 937 2 20
937 540 6 11
937 412 16 10
367 937 4 2
670 679 13 1
937 257 1 0
972 585 12 12
937 710 10 7
682 937 10 3
447 175 1 7
834 149 1 9
937 488 4 12
279 68 10 3
937 71 3 7
865 937 17 19
375 257 16 12
937 916 19 10
695 937 17 13
937 330 18 14
579 101 20 17
937 389 9 5
780 937 2 9
882 87 8 2
663 564 16 6
889 937 12 20
553 922 17 14
161 937 16 16
937 146 9 14
744 126 13 1
111 937 20 3
937 836 20 13
24 937 11 20
729 937 6 13
621 900 4 5
42 937 19 14
817 300 12 0
937 722 7 12
937 415 4 2
504 937 8 15
281 372 19 2
575 517 17 14
937 99 4 8
937 260 12 10
750 314 3 7
441 937 11 15
845 937 18 13
849 662 0 11
305 931 19 3
824 937 12 14
649 937 13 12
511 37 19 8
475 814 18 16
145 937 18 9
545 701 17 5
482 937 1 3
797 937 11 12
937 787 2 5
239 937 9 19
956 937 12 6
822 937 15 7
345 489 10 2
863 169 8 13
64 937 15 4
803 407 0 11
536 198 13 2
895 284 6 11
897 937 15 14
517 937 11 9
937 515 2 4
598 937 6 16
385 937 5 14
290 937 2 7
937 863 8 7
937 901 15 10
1000 218 19 13
693 937 17 16
805 461 4 13
937 692 4 12
77 937 7 9
19 299 10 7
334 272 18 17
455 937 1 14
91 353 7 14
937 47 2 2
937 707 18 3
986 944 17 15
836 341 19 14
775 937 19 4
412 546 11 18
704 194 16 8
966 937 12 11
789 146 12 18
821 724 1 15
937 243 8 1
586 116 19 20
937 907 4 3
917 858 11 8
119 70 7 3
382 937 18 12
153 390 3 11
937 976 10 11
938 528 13 15
365 867 11 6
971 937 6 16
937 647 2 5
86 831 10 18
561 937 20 2
937 151 3 6
184 937 9 1
518 937 12 5
497 682 15 18
201 937 19 6
937 669 19 17
491 937 14 9
937 78 6 16
704 937 12 2
634 937 16 9
843 937 6 6
90 114 10 7
557 542 9 12
173 848 4 17
937 757 1 7
8 937 13 16
551 937 1 17
74 937 14 18
569 793 11 6
937 258 19 3
471 937 12 4
937 910 17 12
451 937 0 19
833 937 10 9
937 697 19 7
495 937 13 14
673 398 3 1
33 937 7 6
488 946 15 18
921 937 5 11
866 544 15 5
740 349 8 11
633 333 18 16
539 937 12 1
937 857 2 20
937 462 10 14
343 559 20 20
281 937 12 17
937 220 0 4
203 518 20 9
236 937 10 15
888 937 14 6
826 201 13 14
313 768 20 2
898 937 18 20
539 135 20 9
955 937 5 8
606 937 1 8
782 801 0 17
808 532 15 9
189 937 12 11
877 937 3 4
105 937 20 18
231 937 20 2
189 216 6 15
183 937 20 16
236 315 13 11
333 937 12 20
285 937 17 6
937 295 3 0
937 226 1 8
937 426 4 9
739 695 5 16
937 810 8 14
277 273 20 3
937 490 18 12
448 937 5 14
631 873 10 19
38 937 19 6
566 937 15 6
553 937 1 6
937 587 6 11
239 291 4 16
937 939 15 13
580 728 13 14
937 544 8 1
657 937 18 14
211 702 10 16
183 930 10 17
596 887 0 14
601 278 9 17
937 408 10 1
937 46 11 18
937 401 17 17
249 937 10 18
905 72 6 1
937 203 1 2
937 160 19 1
937 934 5 1
937 884 3 13
937 274 10 0
937 65 18 8
937 931 15 16
937 378 12 3
922 937 10 8
937 200 5 12
937 41 11 15
937 969 9 11
67 937 3 9
813 237 17 1
937 510 4 14
937 117 17 6
380 937 5 19
937 144 7 9
689 288 19 20
937 886 19 19
64 680 15 4
937 336 11 13
937 405 19 6
941 937 15 17
937 690 6 6
654 59 5 17
552 540 14 1
334 937 9 3
937 565 11 4
937 498 12 19
824 948 14 12
937 496 13 20
62 937 3 14
937 375 17 19
303 937 4 4
381 937 14 6
978 937 19 2
937 558 1 14
937 440 9 6
937 954 18 0
937 72 13 12
703 937 19 12
424 937 20 15
937 98 1 5
25 937 3 9
348 937 10 5
970 665 18 14
937 13 3 18
937 108 10 16
937 447 10 9
987 151 8 3
205 937 13 3
937 719 6 9
639 100 19 16
937 68 9 9
452 734 13 2
937 209 18 11
937 997 2 14
330 132 13 5
341 937 15 6
905 937 11 5
893 937 19 3
293 937 20 19
937 653 18 9
129 937 12 11
815 669 14 18
238 627 17 15
937 679 19 17
184 463 1 20
885 138 6 2
937 158 12 8
738 632 16 15
817 937 0 1
984 937 20 15
937 387 11 15
937 202 9 11
47 688 20 12
195 919 18 15
937 798 14 3
311 538 20 1
937 402 15 14
450 937 8 9
317 228 14 0
937 222 3 20
513 865 4 2
648 937 3 0
428 79 12 4
179 610 16 5
282 937 17 19
953 74 2 10
124 937 4 16
221 937 20 0
937 92 1 14
394 886 20 15
891 893 15 16
474 775 9 6
933 809 7 13
643 937 11 12
376 937 9 9
423 937 16 15
937 958 14 16
937 596 1 2
161 991 4 12
937 674 19 10
505 937 3 2
432 937 8 14
125 937 10 2
874 761 16 3
449 937 10 13
625 937 4 19
37 937 20 14
936 856 11 2
623 937 14 7
106 202 19 15
937 821 18 18
6 937 19 1
937 69 15 13
937 371 5 12
340 62 4 20
937 398 19 19
399 937 11 1
923 103 15 6
937 36 11 6
475 937 20 0
937 464 16 1
914 650 14 3
937 422 5 14
66 741 9 17
937 320 14 4
87 937 2 15
937 862 11 7
327 832 17 5
937 318 10 5
414 15 17 0
796 563 11 1
672 229 3 1
94 937 10 20
937 813 16 4
816 937 4 14
471 617 16 11
489 937 0 13
825 439 17 11
431 901 9 1
22 998 3 1
726 937 15 8
678 937 0 8
104 937 11 17
73 937 1 13
231 331 8 11
937 325 8 19
995 937 5 19
976 45 4 15
919 937 10 6
167 296 19 19
937 894 4 9
937 883 9 16
937 298 6 0
915 550 7 10
937 354 19 11
937 563 5 4
795 937 18 13
998 937 8 0
787 994 5 10
937 900 10 18
605 378 0 10
307 726 10 15
252 769 6 19
56 600 14 8
111 612 8 8
937 755 5 10
868 937 4 6
864 937 17 10
504 3 3 10
522 339 15 5
937 698 0 7
937 581 18 14
148 415 19 3
937 114 3 10
937 168 20 3
694 937 6 7
253 626 4 6
937 120 6 4
404 937 2 3
937 113 10 20
404 829 6 10
790 458 16 14
406 43 8 14
859 588 18 3
255 699 10 4
911 840 10 15
263 937 3 17
769 937 13 14
469 410 10 17
937 569 14 9
871 937 19 0
250 937 1 13
937 742 8 17
937 644 13 15
771 39 3 2
927 24 17 5
937 418 18 7
937 717 9 4
916 472 4 17
937 793 3 8
734 937 16 12
528 937 4 17
60 249 15 2
269 937 18 10
749 937 1 13
571 120 3 5
937 771 7 4
235 937 12 2
937 880 20 11
937 256 3 17
188 937 13 5
472 937 20 6
803 937 0 6
753 811 1 2
806 1 6 0
712 270 19 9
71 369 20 4
990 359 14 4
935 224 19 6
461 937 9 14
355 937 20 9
937 837 6 0
937 500 2 8
430 937 18 4
937 43 11 1
293 250 9 15
802 937 7 17
867 937 7 13
700 651 11 2
937 420 17 9
937 752 18 14
102 423 15 0
814 937 11 9
63 8 0 3
937 728 18 16
884 301 1 1
959 242 10 16
937 759 18 6
363 767 14 3
96 937 6 1
208 937 10 15
782 937 8 5
937 972 5 13
937 866 18 4
937 187 4 3
272 937 17 11
217 937 16 11
975 297 19 19
937 261 12 10
297 937 17 11
937 846 13 13
69 323 3 3
512 558 16 11
262 207 18 4
943 698 13 17
937 791 9 10
599 499 14 2
937 950 15 3
784 937 15 0
533 437 1 8
937 444 13 18
937 831 0 10
937 882 20 14
937 768 4 13
950 136 12 17
543 844 18 9
937 315 14 10
750 937 14 12
199 937 19 6
589 13 15 4
937 357 3 15
133 222 17 14
937 745 16 14
937 754 5 7
326 443 4 12
584 477 15 7
937 545 3 13
937 227 3 15
309 937 0 13
133 937 10 8
907 555 11 5
876 937 9 4
937 287 13 2
949 937 2 8
853 937 6 20
463 937 0 16
841 147 4 10
667 978 7 10
221 577 20 17
348 570 2 2
790 937 14 4
924 937 11 0
129 896 15 8
155 995 5 11
206 967 16 6
984 65 6 19
3 937 16 20
521 937 10 10
937 585 7 7
462 89 0 1
671 937 5 5
960 904 19 20
937 237 12 8
999 937 19 2
177 95 18 15
937 918 8 19
937 736 6 9
689 937 1 7
937 964 15 0
957 694 18 5
937 652 20 2
960 937 20 3
937 603 4 9
788 937 15 9
760 937 13 9
937 929 18 13
538 937 8 9
191 41 20 19
725 937 11 1
937 453 17 2
549 493 20 6
383 937 12 2
436 180 1 13
937 392 4 15
937 197 4 2
937 266 11 13
988 204 5 3
559 937 5 18
937 115 12 7
937 233 20 11
937 502 3 18
937 474 6 16
296 937 9 19
452 937 17 11
937 476 9 18
954 240 16 11
263 123 12 7
937 337 0 9
349 937 2 10
937 192 15 7
422 794 0 17
937 179 17 7
937 523 19 8
627 937 2 0
324 485 1 1
273 937 16 18
937 469 20 19
937 140 6 0
387 664 12 6
937 343 17 17
937 767 5 3
230 920 10 11
346 644 17 13
937 583 9 0
128 671 6 11
534 937 16 7
172 937 5 5
519 567 0 17
511 937 20 17
40 660 17 19
937 577 12 15
629 937 13 17
937 550 15 7
937 732 12 19
214 802 19 3
659 937 0 18
484 937 0 5
778 350 10 2
607 937 9 16
937 718 20 19
571 937 6 14
611 227 6 11
937 1000 1 17
992 894 11 16
258 251 9 3
937 847 1 9
10 871 5 4
937 413 10 9
937 926 17 15
716 510 10 16
50 937 4 15
935 937 11 18
14 582 7 5
52 399 17 20
635 937 20 17
937 431 9 17
58 937 3 2
937 397 6 10
937 724 19 2
937 938 3 16
973 417 8 13
713 381 4 2
541 828 17 2
527 212 16 15
169 937 4 8
362 720 14 13
204 937 14 9
933 937 0 10
996 144 2 11
937 5 7 0
937 859 7 1
2 754 4 10
391 646 19 2
898 595 12 5
427 937 20 9
611 937 1 10
738 937 5 7
937 844 2 2
937 170 1 4
937 638 17 5
937 529 1 20
532 937 3 1
88 937 17 19
937 641 8 11
937 478 12 8
322 937 13 1
937 656 0 8
473 890 4 7
937 825 0 5
786 937 11 19
937 789 3 13
608 215 19 20
937 840 13 14
990 937 2 20
533 937 6 11
683 937 6 19
388 937 1 4
937 229 11 2
727 937 0 1
937 588 5 9
215 937 9 7
495 872 13 8
937 486 5 1
912 883 3 16
636 937 3 17
937 756 11 9
937 762 20 8
261 127 13 2
410 937 16 18
141 645 14 0
657 213 6 20
351 937 4 19
937 988 8 9
947 937 10 18
937 109 12 16
937 548 1 0
663 937 11 12
607 690 17 3
937 991 10 19
937 492 7 10
937 14 11 19
96 634 19 4
481 401 14 17
937 294 15 9
869 937 6 3
785 389 20 3
937 735 7 5
464 566 20 12
765 937 20 7
937 361 12 13
937 246 20 6
354 187 14 19
937 575 7 8
153 937 13 6
937 807 4 17
264 937 7 17
583 420 20 0
525 104 19 18
937 352 12 3
529 880 4 7
416 937 15 17
937 267 14 15
656 105 19 8
622 290 9 5
937 963 8 17
796 937 7 0
937 230 15 2
937 182 4 2
686 210 13 1
937 930 5 7
92 364 18 3
937 139 9 15
409 49 13 0
937 149 9 11
530 845 18 10
746 33 1 20
937 338 10 20
637 861 5 20
937 908 18 19
631 937 15 10
937 677 0 16
714 620 10 13
819 937 4 5
637 937 5 13
937 162 6 20
937 546 18 6
937 465 0 11
961 27 8 16
150 997 18 12
35 73 16 3
131 219 10 2
937 645 10 12
372 937 14 8
937 701 1 20
937 686 0 17
937 384 12 7
706 937 14 9
923 937 5 19
56 937 12 14
676 937 4 7
937 232 8 6
963 855 6 17
937 839 5 16
16 434 16 0
937 932 6 13
316 800 17 5
480 798 3 2
181 985 19 3
937 91 8 8
854 937 15 7
937 436 1 10
320 283 14 12
338 747 13 10
937 979 14 6
61 652 15 16
554 940 17 0
937 32 20 0
937 164 16 4
937 121 20 0
937 219 6 15
937 79 20 1
541 937 13 3
162 383 11 17
166 28 7 16
451 7 14 8
325 568 16 7
711 358 3 9
196 937 13 13
853 170 9 6
756 503 3 6
937 17 17 1
937 766 2 0
937 283 0 1
937 896 7 10
362 937 14 6
958 977 8 4
937 608 18 19
944 937 7 4
937 715 9 17
49 937 12 11
59 937 5 1
937 881 0 18
4 937 10 18
937 445 4 1
696 937 4 8
124 12 6 19
16 937 15 2
83 312 2 7
937 342 20 16
937 720 9 13
762 98 17 3
27 937 10 1
419 937 14 18
205 276 13 5
937 241 16 18
710 234 16 4
848 937 20 12
937 809 20 7
108 578 16 13
937 428 3 17
125 30 20 17
937 481 2 10
890 937 14 11
937 89 5 8
116 937 13 13
749 843 19 20
937 543 9 20
937 799 4 19
429 137 12 11
924 197 20 14
888 598 15 19
937 143 13 13
499 937 16 12
340 937 13 7
385 707 18 12
937 904 18 10
700 937 16 19
597 937 6 10
551 722 20 16
597 164 12 10
18 337 15 3
937 572 6 8
199 427 1 13
691 937 20 18
842 937 10 15
937 175 18 6
494 857 0 20
952 54 9 5
937 421 5 2
147 937 3 17
937 55 7 10
367 134 1 8
696 864 7 12
210 937 10 2
416 876 8 10
937 255 1 16
795 837 7 1
640 937 8 18
937 163 9 14
937 602 8 20
937 132 6 3
182 982 18 17
937 519 18 10
465 592 2 0
980 706 20 2
497 937 2 17
624 937 6 1
232 515 12 18
937 319 12 10
623 266 10 18
391 937 3 20
138 937 0 14
937 63 9 15
937 981 17 15
271 937 1 7
966 615 0 13
937 344 8 2
937 744 12 14
952 937 4 6
937 186 14 5
455 413 10 16
106 937 20 9
417 937 15 1
937 536 19 15
54 937 20 3
839 925 19 4
937 794 9 17
513 937 5 8
157 36 15 6
479 751 12 12
937 970 9 17
941 248 18 7
777 374 10 10
123 937 8 16
873 937 20 15
937 913 11 4
937 195 15 17
937 142 3 8
594 937 19 11
355 641 2 13
909 470 0 7
937 861 7 14
403 937 12 14
937 127 5 19
937 31 10 16
758 937 5 20
360 854 10 8
937 335 11 20
599 937 11 2
84 937 0 19
937 213 16 0
174 937 8 7
676 939 20 12
321 937 20 13
731 937 16 3
612 937 18 16
442 784 0 6
552 937 19 7
77 732 4 20
562 298 3 10
537 937 1 4
937 130 13 5
937 684 10 12
937 753 8 19
937 53 20 6
937 589 1 12
200 347 20 14
567 937 7 18
937 2 18 11
937 621 18 5
937 946 2 6
937 792 13 12
955 235 8 10
937 1 16 10
251 937 7 9
832 937 20 4
425 453 14 12
171 506 2 16
299 937 16 5
460 937 10 9
719 591 18 1
937 442 15 17
937 48 20 14
668 819 1 14
937 961 2 19
937 948 8 7
903 937 16 12
632 937 11 11
44 357 2 7
763 937 16 19
673 937 10 9
573 426 7 3
937 818 17 9
761 937 10 13
918 318 10 7
259 937 8 1
899 937 16 6
776 448 14 9
937 177 14 7
937 660 14 18
150 937 7 3
885 937 18 18
733 168 0 14
937 508 11 3
9 937 18 12
716 937 1 0
137 937 18 16
937 709 20 0
328 937 0 5
374 937 7 3
81 903 10 8
979 999 13 0
887 937 19 2
937 443 3 20
247 937 5 20
937 185 18 12
937 291 5 12
759 501 18 5
981 962 13 7
937 279 6 2
4 371 14 12
797 82 3 9
937 826 6 19
911 937 7 14
937 61 3 20
937 82 13 10
937 21 7 10
683 678 10 2
838 937 13 14
937 748 17 2
245 653 9 2
376 602 19 18
906 937 2 4
937 34 11 3
937 620 2 12
630 618 3 16
781 783 5 13
937 437 20 12
937 45 18 11
804 812 15 18
570 937 16 18
118 937 8 7
480 937 3 15
937 747 19 18
741 937 18 19
247 456 12 3
554 937 6 8
485 937 5 18
875 937 2 6
93 937 14 11
822 945 5 10
937 507 0 17
38 847 7 14
460 638 18 14
590 937 17 5
937 920 11 11
835 889 13 11
778 937 13 3
163 395 19 11
968 937 12 8
344 862 15 14
870 921 1 19
619 937 10 15
303 661 16 1
154 937 0 17
292 396 13 7
937 661 5 10
526 521 11 6
609 174 11 13
117 190 6 5
256 572 7 4
155 937 10 4
937 131 15 9
492 534 16 3
937 394 16 9
324 937 2 7
965 764 12 16
937 393 1 8
514 964 5 2
925 937 13 4
937 19 18 12
937 458 12 11
937 665 12 0
643 449 7 7
503 937 12 7
386 877 9 5
937 874 6 10
937 823 18 14
244 974 6 12
685 937 12 7
614 693 11 12
841 937 18 9
937 530 2 1
11 122 16 11
937 310 2 4
514 937 14 5
937 141 17 19
937 524 1 4
329 773 17 8
307 937 6 4
516 468 20 17
937 531 19 9
715 152 2 19
937 157 5 12
937 225 1 11
937 18 1 16
377 192 5 9
240 937 19 19
937 856 1 9
737 937 1 17
940 937 12 7
576 547 11 13
937 331 13 7
433 937 16 13
276 937 12 11
80 937 18 8
777 937 17 3
937 288 11 18
196 827 15 19
937 411 14 10
680 937 20 5
580 937 14 5
190 937 15 0
531 723 2 2
267 820 18 12
119 937 0 1
478 280 7 0
555 937 2 18
699 937 8 11
937 395 4 10
994 937 10 17
159 405 3 8
666 640 14 7
76 810 12 3
937 103 19 5
624 21 8 3
301 937 6 0
937 366 17 12
937 242 17 11
937 564 2 7
613 321 20 18
93 709 2 16
942 937 2 20
438 603 3 4
425 937 16 11
193 937 20 13
433 745 18 6
88 556 10 15
937 770 13 4
83 937 10 1
730 937 6 5
587 502 16 1
310 246 14 11
491 878 4 2
578 937 10 4
937 135 16 18
136 937 18 0
937 993 19 7
757 548 13 3
9 20 5 16
152 937 6 15
408 727 17 15
974 937 5 12
748 188 4 5
937 28 19 19
590 838 11 6
879 705 18 0
649 989 6 2
556 937 13 3
937 980 15 11
937 617 20 15
937 7 12 1
812 937 13 15
674 508 7 10
520 94 5 1
650 937 10 4
937 359 4 0
937 35 4 1
937 238 4 3
937 973 17 9
332 937 15 10
937 356 1 16
312 937 8 7
928 937 12 3
937 479 5 19
339 937 10 18
226 725 9 11
350 937 1 0
937 860 2 2
937 527 19 8
110 937 4 13
90 937 11 20
937 379 13 16
284 937 4 13
432 430 4 9
987 937 0 10
937 159 20 7
937 927 16 5
402 185 6 10
962 937 13 0
294 774 11 5
937 435 0 6
763 969 4 2
937 327 9 14
593 411 12 7
937 601 0 18
937 191 7 1
937 477 19 4
336 393 15 6
721 486 4 2
655 937 6 20
259 53 10 9
347 937 19 1
929 309 14 4
211 937 2 7
322 304 1 18
937 289 3 12
937 912 18 3
360 937 14 14
441 335 11 13
937 81 6 2
75 937 20 2
937 51 16 11
937 300 19 7
852 937 1 5
346 937 3 19
178 648 11 3
937 390 6 5
937 262 5 9
160 271 8 7
937 666 4 14
396 937 4 4
254 937 8 17
351 906 11 5
937 253 1 18
937 122 0 0
306 908 18 15
723 937 6 16
936 937 12 0
400 254 15 9
937 112 5 18
739 937 20 3
971 421 17 17
937 610 8 3
662 937 17 5
937 687 11 7
735 165 13 2
937 628 1 9
743 193 17 15
937 214 2 12
363 937 3 16
937 664 19 10
482 983 7 8
937 270 14 15
937 560 2 7
233 29 11 14
85 937 17 3
937 740 14 14
382 860 14 15
647 156 10 16
730 537 9 12
361 457 8 9
323 937 4 12
659 708 1 3
635 172 1 14
305 937 13 12
509 830 10 12
937 872 9 12
424 223 6 7
937 959 5 10
752 791 19 19
143 535 20 0
937 86 4 1
702 937 18 18
595 937 17 17
937 400 15 17
937 60 7 7
522 937 7 12
483 937 17 19
937 829 6 10
937 57 7 3
937 688 8 1
112 850 6 18
937 705 19 19
118 718 14 6
875 397 18 20
494 937 9 4
121 55 11 5
329 937 8 5
937 280 19 4
186 366 3 16
937 306 6 6
937 712 6 16
937 557 3 14
506 937 3 11
937 156 18 8
937 614 1 11
234 937 5 0
523 154 16 12
937 743 19 1
670 937 3 12
937 206 1 6
937 275 17 19
827 937 6 1
786 17 3 19
268 476 3 9
937 891 10 7
685 697 12 0
937 212 6 2
126 937 1 7
806 937 9 0
937 368 2 0
737 692 10 3
772 758 7 17
937 751 11 19
937 509 9 0
342 788 0 9
764 937 16 16
937 808 12 12
388 902 13 4
622 937 20 4
937 70 19 12
937 358 2 2
942 675 5 2
852 625 18 4
245 937 5 18
736 450 14 10
937 681 18 19
937 52 10 18
868 142 14 4
22 937 11 12
937 377 1 8
166 937 3 8
851 937 15 16
274 842 3 5
937 668 16 7
937 593 8 0
937 574 12 17
505 110 5 6
937 386 9 10
766 85 10 18
332 380 14 10
268 937 3 17
937 902 15 18
181 937 6 14
937 171 7 7
937 967 15 19
547 937 0 11
148 937 18 13
928 130 15 10
107 937 4 14
937 20 16 0
937 568 17 5
783 937 5 16
937 870 5 8
937 194 16 10
12 937 9 7
308 869 5 11
67 742 5 18
957 937 16 15
937 651 15 1
459 937 1 10
109 606 14 17
269 379 19 0
937 278 8 20
287 319 13 5
834 937 2 4
776 937 14 12
370 937 16 4
937 317 4 2
975 937 20 10
295 574 20 17
937 711 1 20
40 937 16 5
675 937 13 14
828 937 9 9
937 456 19 4
209 560 8 8
654 937 1 18
473 937 13 19
364 937 13 6
616 937 7 19
615 937 8 3
858 937 14 0
684 440 6 17
977 937 7 2
140 956 1 3
57 99 7 12
937 721 2 7
520 937 12 18
173 937 9 2
373 937 6 1
801 937 19 20
937 586 5 0
937 102 1 6
937 835 10 6
937 198 2 11
937 830 8 2
493 937 9 13
446 937 6 15
165 937 14 1
937 10 15 6
220 892 12 5
573 937 1 16
265 937 3 3
498 97 0 2
937 365 0 11
512 937 6 6
823 681 5 8
937 820 11 16
937 811 20 7
937 76 13 15
487 384 10 8
800 937 2 3
496 490 11 18
34 561 2 17
639 937 5 13
630 937 2 10
23 937 19 3
965 937 8 14
42 23 8 9
176 937 12 10
484 302 9 14
816 241 3 18
616 594 2 10
80 373 7 17
368 658 6 11
937 609 2 20
244 937 11 13
937 605 3 19
97 937 12 16
755 459 4 12
579 937 11 18
507 32 16 10
937 708 16 1
562 937 4 12
308 937 9 0
945 937 7 16
937 353 16 17
207 937 6 1
937 304 1 0
642 881 0 19
292 937 2 4
937 29 2 14
937 850 3 9
406 937 19 17
937 815 5 9
982 937 20 1
996 937 20 8
937 804 7 19
937 438 0 19
407 937 14 4
917 937 9 6
968 282 20 9
993 604 1 8
937 849 6 1
115 467 1 15
937 667 1 0
937 414 9 15
895 937 14 5
949 581 20 15
985 937 19 0
926 818 11 1
46 466 20 8
983 937 3 7
937 100 16 18
937 216 11 12
937 582 2 1
937 180 7 18
937 746 4 12
248 937 3 6
128 937 3 19
525 937 20 3
285 392 11 19
878 937 20 14
208 765 1 6
937 879 5 10
252 937 5 16
439 937 13 15
444 113 18 2
937 369 6 14
774 937 14 17
937 26 2 4
66 937 11 16
937 626 8 20
937 953 11 20
937 773 14 10
989 937 20 14
418 934 8 0
937 434 10 17
937 429 2 2
487 937 0 9
468 937 3 20
937 592 14 10
176 139 5 11
26 910 10 20
535 937 12 18
714 937 13 14
75 655 9 2
636 780 1 1
937 313 5 4
454 58 20 4
772 937 7 0
370 145 15 7
501 937 12 19
225 50 13 15
937 909 16 3
937 986 4 16
223 937 19 12
937 805 17 16
951 31 3 19
733 937 4 1
