8 16
9985366 7833264 1436156 3468700 94123 1855382 3401089 1137126 3556627 3094048 4936011 2564540 2117556 316989 5026608 4580204 5557370
1515958 2080363 3949054 4993171 5792060 312980 957672 5790788 6383947 8015470 7719878 3315830 2610270 2657697 3886573 9813393 178334
6271857 2760976 7261141 2272111 7331482 9942248 8111650 4262126 4671177 8378291 3552606 2905962 5058817 7218070 4105878 5141066 726715
6323969 4543658 6189455 6325354 925932 84205 3628515 1875950 1268529 8203392 3767697 7648173 9900075 6051671 4705387 6522288 5544325
685123 5656472 1262944 6628851 7837660 8145518 116514 8266771 4996001 9610452 433578 6207618 5410411 8883062 7306297 7488522 3286363
9904768 4504566 1745950 6391095 92877 7585826 6761999 1614319 5557950 3163739 3829853 362458 2092620 7082806 5772688 7628129 4942274
7252177 5435271 2894197 5036696 7864578 8537027 6359949 8408866 2673188 3479920 296014 2565590 5619444 2695154 258886 8684624 3123404
4885795 9154659 5303958 1735512 9324153 8364168 1468274 2694347 8930327 8409372 3272303 6740592 7126855 8729955 5790188 654269 4996683
3814750 6416129 2380331 6410822 2877049 7095076 1693962 8174444 8645972 8623014 9905794 6702902 1767676 1577028 4552456 6465346 1738073
7846282 6196658 6478316 5610335 3482969 3344852 4639685 2747352 1490270 4089722 5964878 8599542 9211178 413564 7896669 8542189 3593808
4170371 1968189 2579952 9056890 720106 8897175 8134993 2408496 6705996 7686188 6048834 840405 2603541 671137 348570 9615686 701563
6746713 960811 6234615 1579956 2678994 4675760 3811212 4967205 3083854 5652400 8266680 7357633 9891815 8638432 7063682 9984267 7332187
5992467 9713831 6350083 2638912 2665825 2571555 5825614 2443585 8538247 1320613 6121091 1520032 5978681 6419485 4522645 2505073 4631361
4415553 8265304 394532 428119 9274407 5237611 2893016 8498676 5171260 7211838 7122256 8756334 6132086 2453215 1569635 7292098 2291995
7619624 3023848 1177059 5028691 7623946 3639911 8118130 1219088 5953159 7528997 4962957 6471788 6467154 4456017 5163268 7015097 742398
5916492 9645700 5034157 3265505 8476329 841978 1012076 6640345 9740632 4242689 1370059 4382073 9538095 4703317 2718056 1021507 7767469
