20 40
9130815 5468920 8758946 967187 7988420 8827369 698827 1329025 7192249 5882457 5473431 6052717 6468502 4967604 7147364 5869409 8405878 777195 5841655 9259995 5585999 9062699 2699278 2676267 4889281 8138833 4641265 3258211 434044 5159370 7608265 1544694 9303203 1532130 8685647 146802 4890416 8592634 3209200 5980388 3135417
5590094 1773597 7242114 6758623 9130496 80347 7490890 567615 5575318 5742795 6176569 7994380 5128470 2047961 9789181 319133 3810201 6349474 3500810 4257559 9922086 7141795 8168274 982942 7349188 3904371 8436865 2207274 424833 9123219 5651924 1592616 1785695 8884033 4399969 7842617 6339918 7759515 5497519 9594066 9704070
9849991 7413740 3871157 9880996 106973 3021430 5989078 476909 345110 349249 2617262 6242986 9703377 5967641 1198320 123656 9140932 9936516 7209503 2235483 399084 2460536 3489654 6355139 4693308 5705020 2529780 4146329 3737192 4464743 8619305 5022726 6960940 5046438 9975909 1511790 7100097 884454 7386161 693442 158729
6796840 5885960 862914 3886747 482357 1886008 917542 9417273 5423501 4912062 8847718 5897602 3392400 144801 7959588 4434347 7820455 4192337 9979039 1000859 8663605 8120867 6531647 737598 4868224 70048 3816444 1479600 6993839 6571839 5161164 6575190 694741 3233663 9238654 4144160 5994429 1171701 7081274 3846843 3059168
5193254 8146313 7932869 5680743 3040504 9150406 6829842 6442540 5136370 4146015 772436 996238 2601565 7975344 8403415 8779898 667579 9082465 7097844 7813821 6603855 7834722 426067 7685630 250863 84691 9664739 4909433 7216467 8854095 1129987 5050623 1443111 7997161 7434309 1758797 761510 6106767 902543 5504082 7189475
1863612 6332157 3876769 5918288 653503 5001494 4727340 8374561 5950103 4818623 9038243 1660137 9207235 3782849 235028 2876302 7369682 8719816 5451513 8671031 5365221 8684351 6513448 7441268 8473440 4498982 864814 5912452 4622023 8124808 8645031 9140119 3850020 9696295 5731509 7518504 5602765 1397267 3036380 9241758 8543433
4348349 8371726 5220788 6434766 7183916 3064356 9381955 7574775 2431564 2743132 3201473 438791 2126313 6991022 8768258 304244 7713787 5549858 1560510 822912 304510 8589990 2443239 5238848 1324126 8240191 504570 9481267 9125684 3632317 4372994 865591 4733899 9122397 9924447 79992 1645885 2649121 9772768 9788345 5455882
2014268 2243808 1116935 6795582 3267903 3205803 4128121 259097 590834 5883322 7679213 7589244 4046522 3120154 5352176 7617290 7237343 3962383 5224371 4907080 6983591 5909778 7697391 9088751 5772562 347608 9840162 344394 3175795 334833 236096 8635011 1893860 5662941 1889701 7187018 105845 8207666 3455506 4276327 2223615
8947604 4449259 8716008 352670 8533655 5337918 2865024 3413433 4822336 7599373 3024181 7305768 9193315 8380262 2462751 3144947 3926698 9319914 4659666 4210979 1883612 7968308 3059169 4376482 4162092 2390944 6343297 7510272 5259030 6283581 6650473 8312357 6385827 3137839 207438 4896931 7684845 4895537 4989546 5522944 9452988
6124658 5362020 5726997 6382676 7879117 8055882 3962516 7354173 2920908 5455660 1367604 680184 2427261 4468739 4158537 1856603 708277 9610509 6199028 5964355 4585009 6817959 4578130 2270043 783902 1231433 8948404 1197138 1622880 2435282 4066655 2004779 2989794 1958574 7887850 2032765 7728596 8593334 1595506 7421781 7141070
2620388 7419455 6057601 9819201 907723 4259797 5138574 9243750 5086429 4930279 9671826 9208132 8359251 4953416 7439791 9485504 7563536 3513634 3640931 5023088 9322060 2141100 1066507 8476081 7416778 2669371 8819444 8218438 5606963 425297 6178426 5519151 1512806 696356 8277578 6673612 3866053 1523178 3071620 5197445 3310999
7741790 1030398 1871737 6153599 7241299 2228218 285259 7973656 4133222 6564975 5157694 4969723 4245719 5453822 9257490 1909218 9347492 4526711 1035415 7254141 6792378 3552020 6033878 8367344 7034827 8241638 9577643 5756156 6530088 3536819 5833105 9603741 8048223 3433031 1350916 9771380 2310045 8787582 2965561 4080115 6208509
6500350 9260535 853641 5977530 6233180 7422317 4904447 2215235 8888616 3539202 9971477 6345742 408789 5077168 8077338 6629463 3636130 4625889 6219522 2638948 7846024 5108954 6224917 5670668 3341565 7265497 7431125 9429408 5346931 4014128 7621149 6690974 8306870 9234509 1887438 6228401 2379885 1985501 8534188 9726726 5350172
995429 7810169 502396 773886 7641605 9407349 1225474 2446181 2394515 5323078 931170 9330937 1351666 5086671 3994515 7367788 6308111 3157056 7630715 198082 4260997 2464235 2643967 8804257 306603 8121570 6333005 6969299 3061699 883357 8542244 9231019 601747 5211190 8899953 9755031 5871750 6366586 6949364 9143403 9398888
3395026 3890744 5989370 8619637 3953188 2459462 5877512 940053 7976394 3943860 4403933 2578468 3972104 2185998 9920482 4838614 4860782 6740512 678765 8950289 7572108 6536324 3599811 2324807 3109518 9153159 9349200 4299493 3543013 1600729 588554 8029250 2981568 1259338 7611281 52097 6851225 9451296 5079525 717408 3621163
107032 6934659 362288 7803770 486375 8486472 9847963 4503342 3814795 7688858 1751863 4044079 5354353 4648766 1761241 2451375 3440694 9299224 7521911 2325543 6630236 4998315 7783338 233463 1841121 3468592 2556004 725306 9140049 3554122 8554926 5315846 35135 6241186 90067 3068562 2387111 8879776 424230 6699754 5654528
485817 8706886 9451998 6515560 2629096 7217015 6149398 5292539 3932648 537018 5782123 3654058 3602354 5518259 836672 3593936 1825800 9342218 614405 1443869 9820066 41953 6395703 5608283 8698524 806414 3595917 1822736 6135054 37131 7489316 6369346 5823245 295427 4198554 5490840 4179776 1943251 6836845 4041453 2302872
1694731 9192748 6999843 3263767 5753289 1159749 7124979 4112405 87746 1197672 6437459 1676275 6647816 9646672 7384360 8106647 6015632 931467 2064843 7616784 4340187 3876724 4670753 9563480 5562568 4741816 8658343 4709073 2499646 5544710 6216541 4796399 9774294 1246921 5548993 4764324 5607180 6468746 9598881 9847666 5166360
1870897 441431 6335511 9069092 3637579 8670138 4598817 783004 8813572 937787 9033233 5213208 5030081 8076565 6248726 8288822 54325 7225707 5219861 1575977 5052932 9244823 2656090 1922074 8055796 4391737 4908903 9941351 975128 4241847 5875944 1676106 3511150 8270618 8876613 8625450 8091293 7633965 878483 5865404 7205582
789253 3582036 408103 4682089 2559057 3891963 6656409 8754544 9154096 9936305 4212226 224698 6105657 1691262 8360329 9637777 8427090 4479733 1124987 1827703 7846272 6185054 5905257 6120324 2470804 8489698 8843542 6039411 994975 140023 1935180 1056747 6896307 6207566 3638320 4235245 1370538 7950024 5950853 4717324 6165149
8054409 3666379 3868488 8507658 7137402 1806536 9843379 3893703 5106813 9956302 9677921 7294011 1021456 3814176 5015460 6383763 8989557 7441238 199423 8357784 2568081 2578623 9301112 1646014 4192931 7331253 4260523 227666 4901971 3004190 5898685 550659 970245 1647189 4257594 3959283 9554979 1904267 6953573 931908 9976736
1722400 2471731 1395877 4654003 2556538 4753090 4211681 1253842 5716507 6211655 3855425 3753375 7023544 7996813 7132397 8183984 4415298 1851383 2711727 8479424 2688903 5567626 4115585 5873144 8554444 2944124 9446183 7878240 8791162 2682991 4649707 3911962 4334515 8619034 8822747 7023240 3302921 9432527 5678944 8298592 8190187
1784077 7146716 1246329 1682043 1692576 3914706 1920205 4650733 1260335 7021563 4073715 4498322 5880199 3857331 1665147 3514663 6549813 4297102 1473656 6752740 9752368 1249416 9216331 722982 6160615 3779550 9633221 9546974 1041905 8310827 4182876 8414510 4127165 1932021 9522563 4679246 8991530 3740773 6905029 2687760 375364
6953064 9462168 719947 3184371 4508529 3178943 5684440 9272308 2678091 1107392 7074874 4752841 8795549 138523 4982325 4541348 1248177 3809275 1029617 3350767 6879292 2238389 7782297 8203909 8408071 7310729 6208150 5209293 3417203 2755241 3594801 2480391 283302 2656481 5273211 955062 7467397 4431000 2283830 1789271 6181296
4699763 2860162 5639397 9454396 1460320 4988820 5599070 5821338 3016071 460557 4401465 6743046 307599 5830195 5429809 4567740 8625567 3830812 7689277 5840346 9050322 4457477 3321544 1557085 8371995 8395634 7981065 8806947 2791050 1171124 9653779 1770018 5159171 6844367 6817135 6141848 9841675 2292106 8656660 5611368 1401574
4439317 3491912 8985342 5492704 7042419 8521352 5643719 8633780 3914352 3718549 7501379 7598896 1304322 9971220 8218851 7419948 2792769 5229000 5025671 6826656 8543782 8265744 9664727 4751454 1531132 6617612 660362 3536885 8869316 7861994 8602064 7289914 7069674 752185 7621218 7418990 9410350 2703077 3414651 4588321 5883263
5915350 4898681 1462609 4528147 8397570 4143007 7614982 6984300 3751921 9040389 9963104 2173086 7316776 8391640 7716179 654031 690086 264237 4982484 4169358 3820956 4543508 679132 2611435 6259073 1060887 3091508 9286878 5642665 4679790 2202575 4183153 5280778 15704 4137154 5432623 5727267 6733248 5475794 2151783 6149990
775566 1602805 4045118 7865664 2320263 9146592 1984442 4526592 7131498 4230476 6330456 9496001 8766288 624515 2485665 8760812 5122614 1871504 7928237 4765776 9745388 685635 5100163 6469841 7908212 7906163 4465732 8411680 3565132 6941478 2620676 960410 3281895 140191 9912305 5990106 9580994 2877857 2873987 9002701 740079
2717162 5348919 2291482 2302475 9143253 3239185 8578567 8428608 5485171 6399500 9271360 5804539 4509179 7795148 2972583 7605594 8171205 3802313 9552745 1721043 2373221 3645390 8334270 317942 2666142 2053021 4023842 3474324 3064063 470282 7915860 5242531 843152 8973639 7589188 7616880 3791307 5273289 245459 8245069 2095478
3203925 3604021 4842176 1040341 1749420 8987836 4601837 4683083 9842676 291369 8334664 5664191 1507919 8502469 6028979 4073880 3419090 4345308 5303888 5119547 2550286 5510815 9979346 9731765 4651153 3113624 3745917 8321180 8740026 6115023 8469773 7830232 6050062 4802244 4014692 2855912 9091059 3325645 9499503 34323 223258
7860148 4691106 993550 2393621 8360957 6897665 3721684 344967 6348938 5864050 5623773 8574477 4039210 4753563 3691509 9846723 799555 4701506 4895528 2896159 9475542 7888261 6134878 6210287 3029720 1434650 20150 723412 5493622 1261066 5964557 8125133 8823091 8766749 1092645 7646900 3203000 427007 712223 5499715 9450218
5541900 9022640 9211946 5216253 2350138 9829887 3552154 900430 4017589 2675825 2517242 3736791 6695040 6933963 9972260 9057154 113228 8543276 7455031 9488965 9279748 8830133 2030722 480128 4236394 7486920 5201251 2578478 1184589 6536704 6367998 6347202 375936 7907552 7441654 3627327 4118387 877318 6498402 3945524 8096392
5797683 1461209 6499693 501426 8164352 6646260 9672220 8707786 8008495 5841145 2119961 1608404 557031 9971132 9095305 6634071 42985 2798911 2359405 5427468 122259 7843156 8869823 4972672 649947 3424465 85089 2995308 3176381 7788227 8835999 9985437 385310 7334001 7276037 7673204 2371152 1345172 157439 668312 358192
4619262 3586533 379503 2241648 1898005 3469709 8283309 5978334 9463113 4319471 7220111 682165 6328362 3964685 356803 4625960 7517357 4845165 3399531 5705625 9236096 1494923 7624532 3738496 3220394 3228342 9540522 1944027 2144068 5485417 7290532 8765491 806499 560894 2532174 2234077 797204 3973722 9110610 8643848 6738522
4970881 2692489 9494769 8559339 6615154 1590966 6834446 8479615 8848047 6313346 5662279 2683829 5408633 14558 6423589 4360705 8315727 9366323 7657845 494438 5924002 9719693 1013314 475427 579681 8118000 7966176 6401463 5890847 9804635 833254 4160553 7270007 4863666 6007675 7427683 4932554 5430771 5098243 5462777 5570645
3053836 2555836 3169254 5323873 2139882 3386164 6680799 4629300 3529750 4302992 5461860 2384561 1253676 9595985 2697270 6089960 682808 3807988 8705521 3694206 8577431 9687548 4798552 7317905 1906656 6035895 8000390 8214320 1081307 4133303 765863 1142773 2376040 8347129 3823191 3438546 5707998 8288228 5006261 7604762 1235804
6413257 3637740 82964 2839973 9419888 7090739 445909 2516655 9249343 8725607 9866168 1253231 9800046 3151786 5018229 5658573 168603 450379 9774124 3371715 8975241 8493447 9855451 2802293 7365120 9473155 7104670 4855605 6814910 9348103 6116 5502365 5259352 5098083 6262680 8144134 5718656 9485087 3330954 4756417 267177
2307306 6086700 3175810 1398412 6156424 6186859 6778970 4886163 462682 2008123 7957153 7542910 7056086 440983 9371445 4847617 5289582 2308752 3635479 8882832 2484674 487502 7184823 49148 7462284 3296194 80636 2709487 6145013 9108831 2116673 1475349 6359609 2050567 1856573 1809369 1213103 3479015 387616 4456541 3008395
6938159 2275877 8671625 983289 6072866 9452023 4411658 9489249 4418533 8896674 1248224 9914565 5918793 6321383 4804688 6281892 6741197 357995 5768461 9583379 9161686 8450655 4065405 5309080 5141800 5847131 3730517 4561119 1835867 1404228 3769196 4453135 5417082 1225231 4279177 92168 80619 2836334 9068562 2197093 5680137
8017332 2573942 844299 478346 6247148 2887538 9154475 9655806 2590185 8688635 7309156 3100725 1085019 738083 9110468 6482236 7069086 810688 4774352 4503489 2089196 9446812 4265968 2067096 1601781 7440908 4534200 982712 5495561 4867314 7128479 5851683 6904010 6387898 4627534 3519770 1246929 3030866 7891685 4956189 4083664
