32 325
19 12
18 3
32 7
21 11
22 15
12 11
6 22
10 8
24 13
20 18
20 12
19 29
4 26
10 5
18 24
18 26
22 28
15 25
10 3
7 20
21 14
25 16
22 7
26 28
19 17
25 19
8 28
30 22
7 25
20 32
25 23
21 8
32 22
26 13
4 7
11 3
2 6
12 30
32 17
9 26
16 18
16 6
14 23
21 16
2 15
5 7
32 18
31 9
28 16
22 25
19 23
3 23
10 1
4 19
1 18
2 10
8 11
18 11
32 5
29 9
19 24
18 13
9 2
15 10
21 24
32 9
17 10
14 20
1 13
31 25
1 16
13 9
31 3
15 26
16 2
18 31
23 21
11 26
6 27
10 9
31 23
24 25
7 19
2 21
24 17
30 10
15 23
15 11
21 27
7 13
27 4
26 8
12 27
1 17
15 29
24 14
27 1
27 30
3 6
1 22
15 14
22 27
24 11
3 25
27 23
31 8
11 31
5 28
27 8
10 4
1 23
3 7
11 19
27 11
10 27
30 29
22 4
1 5
12 14
2 8
31 26
23 2
24 20
15 30
20 19
1 12
18 15
6 9
15 1
10 26
14 29
4 24
31 13
26 20
12 8
24 2
25 14
20 8
14 17
31 20
29 26
1 7
26 3
28 14
14 26
17 2
2 4
16 4
9 21
32 26
15 3
25 11
20 13
30 28
20 9
13 29
6 18
30 3
30 26
8 13
18 21
17 3
14 3
32 30
2 19
28 1
11 9
8 22
15 16
7 2
9 22
32 13
24 10
27 3
32 2
20 17
18 17
4 15
3 16
3 32
1 31
29 18
6 13
5 4
4 9
13 21
4 11
26 17
23 11
23 18
27 16
15 6
28 17
14 18
9 30
4 21
32 1
6 31
10 22
13 2
11 16
30 7
26 21
11 5
20 23
2 29
7 27
25 8
3 22
3 2
24 12
23 6
23 32
12 10
11 1
3 12
8 3
30 25
13 19
21 28
20 30
6 1
13 11
8 1
14 32
16 24
28 20
26 5
29 22
25 6
31 16
15 12
18 5
31 24
9 12
8 30
3 29
17 16
1 2
8 29
28 25
21 6
4 6
9 5
11 14
4 17
19 6
19 22
29 27
17 31
28 10
18 30
28 19
29 31
22 2
23 13
27 31
23 5
15 21
21 20
15 8
7 8
16 30
8 5
30 31
14 9
10 6
19 30
29 20
15 9
31 12
4 20
1 24
28 3
24 9
23 22
23 30
27 15
30 1
13 16
2 11
17 29
24 28
15 17
27 20
32 29
9 17
18 12
28 27
17 8
11 10
4 29
27 18
26 19
7 14
19 16
17 21
21 3
28 18
14 4
23 26
13 4
13 3
25 13
17 11
16 10
5 15
9 3
27 2
26 27
30 13
30 14
27 9
24 27
27 5
12 5
8 32
24 5
24 3
24 15
26 6
28 15
9 16
5 22
27 25
