1000 1000
6 22 20 4 45 20 21 28 46 25 7 35 43 46 31 31 27 1 21 3 49 21 24 47 11 38 32 39 46 12 18 31 10 31 50 46 9 24 14 18 40 27 38 4 14 26 14 18 4 22 30 24 26 16 47 18 37 22 13 7 33 16 24 18 33 36 22 16 50 23 1 14 44 11 43 23 6 23 49 9 25 50 40 17 9 19 43 25 48 26 48 33 7 43 11 23 25 13 33 13 47 6 34 45 11 12 47 35 8 50 9 17 19 16 46 29 46 41 19 36 31 35 48 2 29 38 44 45 31 16 4 35 1 3 12 19 3 27 15 48 3 36 8 38 46 14 23 37 39 11 38 49 36 35 32 4 22 45 26 40 18 29 28 20 41 29 14 41 26 11 45 20 42 21 5 37 2 1 32 17 26 19 44 5 35 14 33 10 8 31 33 39 24 40 44 48 28 44 28 5 34 38 47 47 8 29 49 27 18 4 50 50 22 49 27 30 21 50 22 14 39 48 10 26 36 35 15 42 24 23 24 17 23 18 46 10 5 18 34 19 1 33 10 1 25 24 6 30 33 24 25 29 19 2 13 34 28 35 27 23 5 15 7 4 41 14 33 36 22 32 46 30 31 26 15 46 16 4 38 16 13 34 43 49 43 49 43 10 11 7 31 35 28 32 10 29 14 3 6 43 32 50 18 21 22 20 15 49 27 39 33 11 1 39 1 42 38 19 36 42 6 41 8 7 13 36 2 9 29 16 45 44 28 41 6 6 22 45 28 45 45 35 29 4 44 38 4 7 15 15 40 35 23 28 36 50 3 41 50 6 17 27 26 7 23 12 29 22 9 50 36 8 13 19 17 27 22 16 47 41 46 46 41 23 41 20 25 14 50 37 35 26 2 27 43 40 41 15 49 8 32 11 38 44 10 20 5 42 2 30 41 31 7 10 37 18 26 7 16 28 37 48 25 39 9 34 16 14 28 12 27 5 5 34 15 45 1 17 26 35 8 9 21 33 36 5 7 12 37 11 20 44 30 10 10 31 19 48 11 39 4 27 47 23 17 13 26 32 30 15 30 5 35 36 31 36 37 8 3 32 31 33 41 23 45 38 15 5 26 43 13 33 19 38 40 40 43 27 12 25 35 21 10 30 1 30 43 14 1 40 30 23 14 21 28 47 28 13 34 50 28 49 37 34 8 5 14 5 49 8 17 42 26 34 44 14 11 49 47 10 41 28 37 41 16 30 24 3 9 35 30 25 6 16 29 43 48 33 30 23 22 5 2 13 40 37 27 43 19 28 2 29 25 14 49 44 43 23 3 23 11 23 41 23 43 9 20 7 1 26 17 40 35 15 46 22 48 15 30 18 20 37 27 5 11 6 40 8 49 45 2 38 9 36 36 38 11 4 17 6 37 17 32 3 47 26 3 10 37 39 24 37 2 43 37 49 50 9 47 49 24 32 23 34 38 6 39 16 40 27 25 49 35 9 18 33 27 18 42 12 40 47 14 26 28 48 15 1 31 38 5 41 6 4 40 7 27 16 39 9 19 3 47 41 6 46 40 9 7 12 7 23 20 28 12 8 6 50 23 16 9 34 6 27 42 24 30 23 7 46 19 2 2 29 46 23 24 17 36 19 2 12 32 14 45 40 38 8 33 44 14 2 44 39 24 2 39 12 22 32 37 18 37 23 15 34 14 29 42 2 3 23 43 33 20 22 12 26 13 14 46 40 7 45 25 42 49 8 25 38 26 45 48 43 30 33 49 40 32 40 33 33 49 12 9 22 44 43 42 28 16 43 9 46 1 10 23 16 49 42 27 25 1 35 25 2 9 20 46 37 21 29 34 17 34 42 28 32 37 33 29 9 49 6 42 18 6 6 31 2 7 26 18 48 43 22 37 6 43 20 2 36 7 25 50 9 22 33 20 30 42 4 14 31 18 6 3 14 15 15 2 13 20 30 43 23 13 35 38 50 13 22 8 11 44 30 16 36 29 35 2 38 7 19 48 14 36 45 44 44 11 23 23 4 6 4 12 6 18 33 47 6 9 44 7 42 24 40 5 36 44 10 30 15 45 5 14 34 38 49 14 6 41 8 30 28 31 32 38 5 31 32 8 37 31 29 32 28 24 37 46 31 11 1 13 45 39 6 34 12 20 24 19 48 30 37 6 9 46 17 5 3 7 25 1 30 15 33 35 23 42 10 50 20 17 10 14 49 27 31 4 32 33 20 36 21 31 14 5 37 33 19 45 27 4 21 50 23 22 10
650 870
715 866
467 898
339 704
131 356
215 372
918 939
586 601
144 966
644 732
246 757
256 266
197 940
244 749
438 644
607 636
217 927
478 571
379 670
423 738
471 567
327 557
5 867
830 958
48 830
177 923
55 905
745 946
256 980
234 453
109 835
360 568
262 281
134 572
52 875
973 987
283 547
198 832
65 814
670 840
770 825
159 592
220 704
214 756
94 679
158 620
3 704
169 238
520 856
129 763
28 872
477 877
134 584
702 854
321 323
59 725
57 396
793 895
439 545
128 290
175 192
222 483
260 479
69 74
403 727
61 214
466 784
524 944
60 288
42 923
50 744
260 432
717 855
280 321
300 361
182 436
34 674
208 815
157 527
446 555
870 895
73 998
329 921
625 805
213 579
104 819
436 931
286 409
125 865
75 178
273 324
197 607
233 452
32 337
255 731
123 375
488 978
113 420
65 893
132 857
494 728
146 927
616 831
438 525
77 233
213 318
415 968
404 580
174 294
113 378
182 882
85 393
753 754
264 531
267 317
411 771
108 602
450 924
105 451
266 681
178 675
131 811
377 938
75 912
271 721
233 254
148 980
64 381
465 938
693 906
377 637
282 623
732 877
62 672
759 916
321 885
161 951
349 904
61 953
108 341
124 427
216 731
9 208
84 860
32 648
604 701
441 830
109 993
215 895
339 395
323 460
101 173
284 777
75 255
133 742
656 895
621 922
239 537
149 803
260 794
196 448
236 604
252 452
260 994
495 882
837 985
269 689
294 537
267 776
101 213
113 815
10 598
411 836
787 812
13 336
180 784
86 922
101 596
235 805
124 479
245 532
133 596
94 401
339 846
198 691
913 974
273 603
296 538
279 367
322 671
243 997
782 952
209 441
798 943
439 707
368 732
439 440
505 988
637 916
267 687
232 526
266 451
74 580
798 932
346 658
492 833
504 935
785 982
153 785
49 943
879 926
859 958
605 960
864 961
76 249
192 666
141 258
249 395
408 604
545 953
116 281
358 806
783 985
376 613
757 760
570 836
150 613
272 801
659 876
404 500
699 887
493 659
492 624
565 679
728 973
499 589
621 766
289 295
98 426
134 578
80 933
118 713
620 807
203 282
612 675
487 751
131 514
207 267
456 1000
250 661
546 817
421 871
214 844
88 135
690 967
144 675
60 670
588 897
261 728
343 653
328 564
798 923
226 933
313 315
521 540
224 769
122 944
438 797
364 716
102 706
264 492
659 791
95 96
791 859
168 694
266 702
385 791
678 788
161 737
67 807
254 640
15 993
397 828
4 204
8 748
630 722
207 687
62 84
139 197
65 197
890 944
72 195
998 1000
972 983
272 817
733 964
141 168
64 143
415 661
865 880
707 785
421 834
663 849
90 794
657 931
328 378
432 746
550 909
92 233
26 345
450 534
147 325
668 720
576 604
311 936
850 980
458 599
446 744
328 656
214 436
55 153
152 712
22 454
263 974
33 826
178 917
206 437
314 660
623 995
702 733
401 472
444 846
71 717
30 598
480 573
751 855
41 378
360 795
454 527
69 468
230 773
60 318
257 689
131 832
17 452
331 542
120 680
206 857
413 609
464 693
163 841
235 922
170 985
165 434
216 757
134 205
567 897
235 325
390 689
202 228
17 315
478 916
492 519
675 816
6 376
427 800
278 503
390 913
530 765
399 958
710 780
438 953
1 399
206 874
304 581
201 466
99 401
188 797
172 531
95 743
445 910
373 929
120 706
405 652
2 417
524 865
23 607
184 624
463 808
98 873
570 880
82 250
246 314
174 922
129 434
123 580
872 948
420 443
380 736
352 546
233 618
160 498
116 558
310 863
327 523
219 784
598 788
356 375
590 713
468 489
649 998
211 550
491 848
389 929
149 524
284 365
41 722
517 743
191 717
641 695
178 840
116 453
295 729
504 949
511 675
418 762
408 830
98 775
252 652
78 950
136 722
416 938
224 964
200 334
737 742
675 933
372 995
140 912
375 832
541 585
391 740
185 644
227 579
138 776
429 705
755 788
467 519
117 626
510 754
31 827
483 874
67 940
141 875
185 363
429 907
319 492
514 613
83 175
165 377
188 691
12 231
166 687
441 920
88 459
171 827
778 792
177 585
433 948
203 932
102 276
55 854
252 277
638 652
30 603
533 958
113 676
367 684
96 259
267 289
297 325
129 793
191 236
882 966
378 796
388 794
111 236
110 865
303 369
320 710
271 574
64 747
209 401
386 723
351 466
239 452
556 745
863 938
118 338
686 726
538 677
78 101
553 733
401 593
243 692
39 592
303 414
382 553
510 706
107 395
130 553
583 622
599 803
590 912
148 541
107 598
524 964
325 457
344 845
330 608
54 488
408 572
207 709
3 5
71 166
421 902
549 607
3 614
600 867
7 655
516 873
6 475
264 707
12 257
190 367
324 465
441 810
341 983
191 639
203 470
357 990
421 589
304 802
68 834
75 643
43 651
463 963
100 183
239 832
71 466
533 831
325 890
982 990
234 499
7 262
113 257
663 941
56 693
43 958
14 714
677 711
206 778
14 66
147 414
145 220
456 754
385 624
64 287
567 868
213 835
91 714
506 694
586 844
645 655
72 305
16 456
309 687
120 776
651 742
589 735
541 758
290 352
248 867
309 532
218 240
798 917
179 604
628 904
113 559
270 565
31 249
64 856
264 902
138 845
446 661
300 996
185 777
439 471
103 347
472 604
403 497
658 882
607 890
108 385
427 916
268 884
35 321
432 666
6 362
91 852
4 563
223 911
369 385
532 907
60 384
266 964
500 614
83 702
395 456
520 777
764 979
148 317
70 965
67 640
871 928
28 484
418 959
51 255
433 940
114 853
482 748
146 735
104 852
184 210
303 469
175 219
384 940
158 821
224 232
365 401
49 859
64 154
535 749
20 180
207 714
528 627
107 418
137 500
225 834
106 605
323 646
701 901
764 840
833 889
893 967
306 904
411 636
445 753
387 707
12 344
919 933
650 959
151 409
247 690
307 839
223 800
522 614
264 324
562 914
446 727
614 673
55 339
454 477
257 622
798 875
330 745
100 966
744 919
208 305
485 493
239 875
154 354
352 825
155 342
444 820
846 864
66 881
718 976
735 946
27 919
42 625
287 942
603 702
122 233
59 490
233 424
667 881
36 846
64 200
541 996
902 947
594 629
45 307
253 978
620 996
58 292
250 902
269 328
301 670
167 600
728 730
357 772
796 957
756 885
466 900
554 805
283 818
453 533
336 623
554 844
52 163
207 217
206 260
362 927
532 603
502 755
298 409
52 56
339 349
503 866
448 824
295 887
235 673
782 846
191 590
219 453
388 458
166 253
29 426
877 936
106 344
540 542
595 989
363 750
222 407
473 716
267 924
151 320
99 838
543 810
626 941
244 265
405 952
4 201
289 676
309 481
832 860
352 427
819 850
186 713
739 755
896 897
652 881
75 155
218 751
151 445
321 475
165 880
421 509
68 109
268 662
322 754
473 636
88 472
104 789
200 274
633 641
445 959
137 300
870 929
189 477
734 746
313 945
257 617
133 667
70 190
314 651
271 463
56 224
373 487
69 735
584 603
158 565
484 819
604 844
656 900
250 651
46 452
339 970
498 949
686 707
171 686
414 675
186 662
181 904
376 867
26 462
41 543
669 923
815 837
246 761
809 950
100 164
683 771
132 655
260 572
311 840
446 710
178 374
397 415
284 378
271 499
18 204
132 725
517 793
249 870
80 952
261 778
314 624
34 728
99 166
762 894
124 463
22 440
698 763
202 649
108 697
25 52
680 778
264 663
498 985
412 904
180 620
18 718
820 880
747 756
192 252
227 548
355 904
354 450
169 782
173 413
784 866
30 424
50 565
261 743
353 374
44 711
58 581
532 722
548 687
248 663
622 660
699 869
619 896
125 419
504 822
200 214
510 886
833 938
80 641
429 625
129 680
377 609
881 967
142 936
702 743
19 129
28 297
118 250
471 654
45 746
251 349
55 236
946 947
144 744
73 864
47 346
70 791
837 873
195 305
67 114
87 632
157 890
341 816
486 763
703 763
306 603
41 169
626 802
169 285
578 604
192 429
191 321
19 95
514 844
270 766
584 881
110 184
595 872
3 278
597 871
239 938
442 501
644 945
878 955
103 361
353 371
971 988
495 795
534 931
101 101
119 267
537 982
532 791
596 660
751 839
943 968
473 529
602 833
4 173
134 566
228 239
300 905
15 41
246 389
161 257
417 665
416 942
462 818
218 796
13 554
567 938
186 697
627 643
233 944
389 740
145 812
97 944
290 572
97 291
451 560
931 966
228 567
142 832
75 678
346 563
22 566
495 758
319 563
678 877
5 497
506 712
342 404
716 752
154 878
385 927
667 715
41 921
489 594
241 844
581 832
138 842
804 903
106 301
445 495
314 493
374 604
952 986
25 979
59 493
408 968
89 309
91 144
675 973
475 775
322 493
551 877
435 444
629 772
255 737
200 367
82 665
834 972
439 878
642 727
248 533
200 584
675 978
118 470
507 666
