11760
6069
47092
33589
12337
5955
127
44
170587
2045
65102
39
136861
62884
10093
205
123780
2210
20646
24403
2370
12897
186097
3840
150433
138249
181647
10464
130653
11660
129846
10298
94
47563
169162
46
17115
98586
138929
6461
855
46809
57485
72869
84879
53778
123242
1163
27850
100613
177012
40191
50088
5677
1
111939
28148
2583
2485
6525
59
16622
12251
10
25734
5475
24581
43521
12833
192989
121112
7304
4808
449
927
16334
100887
89025
34274
2817
168
215595
87538
7750
32367
125708
60567
3587
136356
2750
695
41969
11675
23201
56625
16106
60374
23703
171107
129758
14220
152736
11102
1641
5821
2705
75699
7123
3567
18144
122106
23676
1
17998
679
31623
61054
56337
30776
42686
60659
112806
78319
176383
51371
110
174022
25322
55879
11448
16829
29325
5628
91881
6835
78317
155041
76741
199398
13741
22487
65379
9433
150553
93436
2433
36373
195948
113209
750
4839
1276
59737
8414
92719
13925
23023
21380
105382
68647
16506
32425
10109
133928
37417
5229
43707
14483
64373
3002
121645
85922
42879
179
26257
89522
175879
61653
77435
31986
20127
53035
23131
62846
60286
987
26933
14294
2003
29434
140197
7220
13358
5072
17876
33477
0
58476
19718
43551
20491
9059
64074
4440
23436
28606
46278
9726
98306
198699
542
2368
31263
2393
7576
55245
3660
4974
9129
40922
7243
48499
10196
14200
2
16786
53926
67828
11462
2012
8899
6729
4658
3200
15539
2082
5445
9
26698
48483
182857
89554
8387
1730
972
17903
36580
1069
74737
40716
17153
49482
96213
594
19273
70150
91671
23771
54641
22985
13962
3905
122294
1
87
72778
168208
30754
30981
91848
13260
3680
0
1247
68716
47835
39237
2420
83145
135710
36254
238959
44016
9499
137826
2470
56039
114
864
4332
654
3837
3
27
72145
14076
180
1637
14069
61
1249
40809
7892
121760
18368
692
24273
32231
4657
25108
1687
8350
616
207
96461
4022
5042
22271
26298
11999
2318
79253
47127
126217
153402
136498
13303
29133
35155
238
1281
39311
105398
79530
2292
2943
28382
45075
1265
40876
71331
16709
45835
120254
47422
11066
77745
104042
9077
13220
112790
115618
165566
18160
72478
1126
27162
1865
21531
185
21941
48294
202
4284
34366
32456
12659
67360
14069
76331
992
65588
38239
110447
18810
18117
22496
91148
32126
105581
53984
76674
86232
13946
42284
28745
85171
48880
29264
150308
23616
7260
1090
139005
22954
51728
1385
169
32143
9068
35788
28455
48677
75892
9377
76360
8252
102
4046
106
30222
28098
31164
71786
35114
1672
116593
13084
70235
817
107274
29196
46903
49129
6633
29167
42321
114370
38584
190918
87055
66486
134665
4581
8
16364
96832
149822
51095
493
30135
52272
29398
101598
18611
222
697
65434
15352
154845
38638
190501
134729
8097
56239
7541
2636
2113
11494
63214
11239
66564
56616
35485
104892
52
40888
65127
131778
7787
158127
137
47
80885
45035
78838
24577
6787
124
205
107083
602
1864
42491
38976
3709
142768
1088
37811
22983
117964
8640
28437
3633
11158
9113
1409
12417
370
4792
139
8201
8717
49045
75708
2937
7176
9970
20682
43982
414
9670
26076
38697
60558
48250
4668
60647
19600
47643
6261
62686
1
2166
57168
888
93084
17745
103796
32079
55599
49287
14955
8233
5180
32547
102814
50321
18246
99619
6814
59663
145310
80688
90662
63170
1774
84702
39977
21614
78390
21
16683
16294
5458
18424
101232
208022
123226
276
79880
725
17893
1347
22755
14243
12327
22508
93282
98321
8993
15840
29
13856
48737
34727
106974
2085
5410
12011
910
94820
12284
155
3632
45205
19561
49543
21777
11437
156102
101894
123461
10982
121322
86936
232
15127
4536
1923
12167
19770
19111
58615
94817
20105
12577
31373
143424
77792
115595
45
35489
26058
122137
3314
96700
1055
16196
12415
7465
201734
81775
774
52135
71421
10462
63023
135545
18296
87518
138613
156
7070
375
75901
107262
24
283
163087
1970
11637
6304
64225
2643
24320
33162
88987
62702
25296
10226
1677
737
1373
88966
12091
23947
25283
27473
56
23319
16645
47929
68651
79036
2206
961
30690
19857
852
20403
100
33264
1588
43576
188891
8120
2366
22
98865
10123
53720
8740
33783
97
166496
17301
11422
198596
84563
105106
2521
2873
46758
8303
10928
160997
4582
51797
481
345
16949
130491
35805
13518
105389
989
32969
46400
0
42440
6250
4623
47624
14867
69584
1546
20710
20316
2940
28
843
78997
1358
16227
2917
5
36
32793
34035
86239
45623
1085
40340
13449
1352
1986
38385
848
14402
1
39210
37410
7883
15424
108110
7362
135097
16832
24741
116
72695
9427
36237
7594
253
1441
239
70365
70
0
12877
1589
70373
22177
6038
126818
1798
417
37933
46668
6888
38121
115516
1508
14
65378
6917
846
21399
40
98791
32042
69350
3704
27692
9621
6491
3363
112069
79
41355
27070
13806
14764
38936
41442
99792
50251
102
65277
15917
55555
130963
60275
48128
61927
15667
137
66131
4905
1021
1762
67009
23922
67651
17423
9821
97
2313
13074
8035
88303
18227
94793
190722
65297
24189
120823
1104
4856
29052
43524
1070
48948
87418
213
1929
38907
59168
59306
48791
122665
853
20
1115
24342
75081
2579
91830
14055
1836
37567
66166
57964
128
110624
68037
9560
4560
41535
358
7309
19340
21461
24199
42
35531
2631
78631
9275
74419
13585
1919
157998
407
2759
17760
4479
8257
122793
2325
7739
1
91242
157530
21863
128026
330
3276
557
75304
132878
54463
19721
901
21683
3789
7255
3400
157
14226
4536
1407
26764
61946
21789
1460
19108
18877
18588
119517
710
22405
1438
16840
85
74
21661
39386
0
5804
49663
16042
937
2039
168
831
12831
6846
46217
41
91652
166
4748
2442
14233
67127
30757
80173
72979
34037
65751
53
123254
30735
109936
179285
19402
9542
2848
379
27391
118072
90850
11500
73403
17823
14666
9668
60442
11016
843
339
130410
72512
530
192746
2913
87611
15020
122482
2573
9803
517
8140
13220
269
227679
47504
77476
12404
753
21903
22496
7362
26298
20
5262
58061
7043
84431
4734
47567
1893
19989
36288
22714
31826
6049
