0
619365255
670317285
138058052
293953824
0
555239311
0
23729572
759221567
0
0
483324559
0
0
255356320
964431101
0
582060154
860306546
0
0
0
671258483
491207282
0
941615680
743662970
75732295
0
0
0
911924981
764278188
0
0
0
0
0
0
908325314
978902298
894185356
526962828
207315999
606293096
529903449
0
0
0
0
0
0
3316650
0
438749322
0
595962491
0
0
0
654556707
836740665
0
989171499
0
956426922
0
614755982
0
0
872979568
0
0
567539432
585988835
656493198
576491042
354330717
801572696
754562013
0
962412088
0
868385831
0
569824462
535404756
0
0
50989403
0
410678237
0
249883528
493115154
0
0
0
202679582
812507607
0
877772673
930338193
169806678
0
545519611
0
176324192
0
0
0
0
0
0
200458984
869938525
0
779090241
0
33995566
856625714
252417585
0
30698626
498793969
0
489076444
0
840919736
661746524
363462745
0
738207386
0
0
569726643
175625346
428194194
0
0
596849366
0
324402298
516129518
0
245215334
957745093
920439772
889252828
0
66345206
887586606
0
586449587
0
0
0
0
539186172
912318884
29062778
0
356552053
0
603447834
0
0
0
215353673
0
0
0
0
0
212100529
13860596
535249423
0
0
0
174101442
0
986560823
0
697124221
372438176
811785847
341519049
0
0
422514658
748452664
0
691415468
0
407845942
0
0
974426281
0
117518433
45947009
0
470982548
0
824931976
0
490258628
0
0
976274167
309969739
391648418
0
0
0
0
282621653
0
98539592
96836733
0
0
0
737467055
0
264160386
89143667
0
0
0
0
0
542436928
0
943125071
0
956238970
11181994
0
812586468
0
957806481
0
0
398793415
0
0
299132349
0
581285385
0
0
265378568
563874812
12551118
374650669
895546194
640998337
634038438
615656553
0
0
0
0
552907666
0
0
544378936
0
0
0
0
0
0
997770429
969255031
281662203
685542572
468600798
827797139
0
772794751
895853000
254939056
82175461
0
520813432
756827180
407041909
0
0
856730302
0
624526081
0
998069468
0
279973832
0
0
0
0
0
128283920
252688808
494418944
362659125
0
270083808
0
462790845
519826664
804444589
127100649
0
0
717659505
0
0
0
297185083
0
991344690
722827208
0
0
0
382864680
0
0
162007071
0
174184206
0
663516838
0
284119699
0
0
0
956599677
131108489
702700324
0
138745109
63149481
0
0
746615077
0
0
796218824
0
395556668
0
0
310024688
0
0
635380780
0
0
0
0
462593982
111188778
445219092
0
0
920173902
0
557347238
0
0
716996520
0
0
382730079
555748855
0
0
0
241568483
0
617107104
353673331
902643000
804197572
392886931
942720096
21902744
0
630726742
873175528
0
0
0
586788270
0
374788264
0
0
873137662
549824869
416996072
0
865553978
0
0
473393100
0
87695175
0
0
0
116062171
388283332
666649356
861792645
460236041
385035560
702059774
0
591565637
0
125632151
744575071
0
567564983
0
0
452571738
0
0
0
0
331091818
872754472
721061932
0
0
0
0
0
0
671005442
205780328
0
0
928004410
789400444
0
390511986
159487091
0
85981507
22053170
182144207
0
26420067
877321398
321871743
731476461
0
843031402
398842507
631673816
0
0
523734737
444610538
0
0
410448582
0
117413535
176544920
0
586408740
205374152
704856728
0
0
261819968
0
112873255
357978172
224831721
0
723004259
0
0
0
0
429364274
0
308618228
0
868363443
990809600
895866349
0
561562114
0
0
0
912193902
0
0
0
0
25132343
0
799632961
650554043
722029328
0
340124850
376976883
631567552
0
0
750941936
0
20248992
0
0
812069267
517681336
0
0
669531058
0
204252228
0
0
5127162
0
258478747
912407947
828011232
295572297
652768234
0
0
0
0
0
526911901
981488889
850677131
0
0
425513704
0
0
427740986
608984631
288973100
728036437
0
0
0
660275481
601803624
327409045
633940561
803632911
0
0
0
0
568146883
158866476
0
0
447185541
0
679987462
0
0
610073841
692891051
0
155476339
0
0
629695446
217094991
887935066
554278338
0
0
313479457
420338151
0
0
0
569632634
0
0
582971101
695722756
0
326281199
58860434
478194749
129907287
0
0
0
0
321967858
497678181
0
0
0
0
0
397991916
0
358638420
502634014
0
787541509
0
860176303
0
653700820
1200480
737780884
485597301
467378274
122938840
152913106
675134881
22467158
252811748
0
0
974132686
0
0
0
581933251
729724643
618935950
0
968256525
38757146
0
0
0
865737579
798361937
375067016
0
0
784991483
33004506
790761816
671936271
0
0
298043880
313770816
0
269348716
0
995166674
245090098
592438886
166890674
0
0
537782790
0
0
0
0
772665883
104560858
0
780290986
0
101092316
293990109
246189195
0
916569926
323924268
195958616
730100722
118971599
0
920944104
0
424413290
559584145
0
0
0
929601185
0
0
632476155
0
0
0
0
0
134257781
0
926505260
0
779819564
0
829390306
0
832104505
518409397
587540804
0
255082099
0
0
0
0
0
607500522
0
0
0
756412862
939824896
0
0
954962986
863130405
0
0
0
0
0
0
416052008
0
840969911
0
976281816
0
815056224
0
857998987
0
257402838
143948999
409352724
0
833168398
0
121546803
0
290755859
0
0
535617003
11563252
480064069
0
0
426973924
777938992
0
220928012
204719571
0
167107259
0
903936252
0
0
284834496
673896777
75933287
679365314
316995799
401213555
559127228
0
646105322
646488938
438837058
0
332687991
0
0
502000739
713876836
650930861
344884234
0
0
363513891
0
755473202
0
0
0
410545183
0
0
676984512
0
0
269748207
0
715485658
0
0
0
0
836443883
0
387804271
715845386
0
512891164
0
832038471
804078786
910773896
536095531
0
0
0
0
646169354
0
528732644
0
616738491
0
366083328
0
0
748461824
0
660076557
599582661
796811324
438314391
560062015
693914214
501703653
0
0
0
0
0
0
756952058
0
401788836
224364044
115827679
23137174
361800453
0
60842279
0
791075558
0
0
0
0
978297271
0
0
389969663
686532120
557791581
497485893
514613440
984501840
757239904
0
0
597762333
819740339
111060892
0
0
0
0
735188195
248369825
335562004
0
0
585789635
0
0
0
0
109299154
766122769
0
0
212267053
0
637893334
734218794
0
0
0
642377330
949062664
0
0
0
0
0
0
504873099
0
65803849
0
734960750
0
0
0
0
569579239
975549371
723828611
0
0
379550029
0
646518757
262997397
756296633
0
0
0
0
0
0
0
553451131
655332837
200845256
0
154921919
0
914759470
0
0
0
802262692
296164066
0
0
0
266518481
500184187
786523499
660886556
0
877466483
0
809518644
0
690472817
761902971
0
847867872
0
0
0
0
0
0
0
380904521
484572180
443366621
0
774145817
0
0
419174707
342871057
0
0
284579378
0
