878 638320001 1000
768 434 417 745
829 566 584 796
183 587 401 610
393 630 732 518
63 19 361 14
457 704 265 512
501 279 9 232
287 755 356 582
605 605 94 723
122 636 738 463
132 429 669 278
531 248 247 132
485 828 634 370
177 455 791 519
291 148 192 635
818 122 16 613
222 609 550 208
728 868 878 20
182 183 831 293
363 192 419 729
499 862 550 823
323 172 153 758
476 579 243 286
216 386 404 241
561 391 277 180
659 522 371 558
122 183 323 659
490 462 508 119
875 818 31 355
739 606 601 566
788 414 484 182
873 563 256 746
276 47 759 27
242 801 611 183
567 60 618 703
189 587 712 210
699 432 500 427
276 467 76 513
88 624 868 310
698 642 548 774
835 703 854 773
157 727 382 109
210 458 273 686
327 698 290 74
427 198 709 531
488 627 60 336
504 411 138 122
302 443 63 722
447 609 200 456
137 457 784 658
395 343 707 307
277 229 344 206
797 416 38 487
822 825 849 247
559 388 407 724
817 204 478 502
789 819 36 444
627 153 610 357
871 378 190 749
382 575 388 749
856 529 339 164
342 585 829 809
211 265 538 831
805 66 197 290
675 130 336 782
501 333 588 684
323 474 189 311
382 212 679 21
745 817 369 92
527 669 546 786
601 307 290 682
537 842 751 365
398 457 832 173
154 798 461 455
549 227 696 77
817 2 617 497
153 409 300 37
53 137 623 112
541 97 815 560
616 659 288 98
139 701 151 424
623 839 139 531
725 430 145 247
81 622 617 546
357 602 421 501
312 460 65 399
224 862 256 281
590 176 480 805
243 681 658 28
4 390 116 270
424 280 136 851
263 858 697 32
33 143 782 201
3 122 647 864
650 734 440 131
123 600 304 468
313 623 537 411
126 338 640 2
281 204 550 557
639 628 685 837
365 216 597 645
730 749 457 644
15 516 131 359
788 224 436 807
574 624 205 98
119 573 97 783
116 643 162 748
824 433 274 725
239 469 749 78
261 485 579 5
40 807 182 851
493 549 447 839
532 51 226 493
466 761 238 135
693 280 21 422
153 592 358 432
296 599 274 354
850 471 529 616
67 438 856 668
503 450 282 779
637 299 350 29
155 649 543 90
22 511 793 179
662 480 89 95
264 387 696 346
54 532 256 187
845 198 346 269
533 290 582 740
164 15 605 674
753 876 137 481
235 112 39 409
568 366 230 451
873 237 528 612
51 205 41 294
312 677 369 134
358 615 745 228
721 364 294 728
327 183 21 518
674 368 103 2
451 0 750 49
592 168 806 98
433 773 674 523
379 834 73 602
574 501 392 48
201 209 546 515
654 424 474 198
496 111 342 580
174 55 191 807
759 565 472 51
739 107 512 405
851 414 387 726
143 670 275 559
689 682 61 729
586 575 443 724
436 212 676 105
708 827 232 773
53 66 673 510
516 112 442 416
126 223 852 347
118 652 714 689
474 628 391 756
376 157 435 209
752 493 218 113
421 606 111 709
618 333 61 560
541 627 764 777
164 629 521 528
695 756 753 260
67 291 69 99
676 451 645 89
826 242 369 761
729 626 877 174
750 645 558 867
736 17 134 115
231 741 732 726
221 367 250 17
368 687 588 122
169 631 118 843
389 23 549 213
347 448 607 488
213 493 104 634
375 271 177 256
427 723 510 346
468 259 835 429
768 751 388 819
732 829 819 299
266 4 253 260
89 850 700 604
266 378 608 717
298 284 458 366
830 601 617 176
819 625 689 106
241 682 33 543
461 385 3 145
826 780 518 495
383 260 27 244
835 233 254 803
166 154 690 232
265 838 767 600
433 670 158 174
540 583 807 352
49 259 374 305
280 746 312 441
816 612 670 326
856 9 805 669
224 758 479 653
699 346 53 87
356 267 841 718
700 225 230 730
649 580 634 757
410 543 79 644
241 544 478 684
721 796 25 447
61 725 865 652
283 45 604 500
666 291 117 618
198 630 593 375
673 594 855 54
448 503 2 340
66 377 718 871
41 659 712 485
735 869 176 69
602 522 752 104
861 195 472 386
596 295 292 287
667 163 418 19
539 214 561 52
29 97 618 707
328 45 737 631
438 788 220 736
640 688 394 80
84 785 628 355
172 23 351 334
652 82 50 714
10 0 697 182
876 409 627 408
792 812 41 0
181 633 145 417
163 876 665 633
688 617 214 696
123 301 491 621
441 281 63 470
23 839 113 489
510 472 759 802
662 1 613 24
434 581 201 780
305 638 53 197
556 750 244 848
856 222 60 674
189 6 709 129
537 830 459 456
821 87 70 729
528 36 667 849
110 467 818 533
6 403 176 480
776 139 177 213
164 60 359 264
780 35 27 415
581 21 729 434
783 632 577 273
382 9 773 667
63 741 674 691
620 804 835 503
689 619 601 43
517 555 347 493
79 355 235 223
401 701 186 111
535 554 344 511
689 807 736 538
325 205 776 515
573 245 34 570
734 253 309 744
474 257 738 163
175 52 247 168
604 250 795 691
131 857 120 290
629 357 699 92
766 719 163 305
46 444 623 488
548 130 714 79
370 804 767 50
70 462 112 389
854 362 758 116
837 442 151 349
35 629 215 672
450 459 362 840
123 644 69 489
653 154 229 696
105 580 240 312
626 182 617 282
133 247 759 470
616 486 758 782
495 663 868 232
105 467 599 644
491 30 392 9
225 206 273 549
105 112 592 821
747 553 391 870
312 808 351 123
708 60 808 57
580 266 606 42
553 290 204 25
681 612 324 353
276 170 11 357
175 137 592 392
750 486 822 507
860 469 582 864
431 616 711 837
105 123 180 585
426 707 749 198
629 371 436 5
713 573 538 648
211 790 233 617
525 49 83 84
845 602 591 425
251 448 66 816
644 114 728 128
429 853 194 676
819 150 161 169
705 294 290 777
222 824 518 298
23 342 82 865
697 737 500 47
667 552 6 693
645 626 741 827
578 106 284 521
313 482 550 367
667 302 98 841
691 287 679 383
102 162 54 121
573 118 690 833
302 823 742 839
845 451 686 657
831 100 569 800
263 54 443 285
61 551 738 2
52 559 86 4
734 22 510 702
671 209 805 478
320 276 125 577
720 336 515 751
266 458 380 488
88 456 395 130
653 544 390 384
630 593 244 224
119 754 687 150
455 393 802 435
250 878 331 506
90 666 711 401
342 766 256 302
328 90 177 286
161 151 831 787
876 229 476 875
390 630 377 766
338 187 393 242
511 5 396 613
33 542 428 733
211 775 712 728
747 853 127 406
91 107 452 552
353 163 182 574
616 153 809 265
44 560 655 123
345 611 409 113
808 106 215 287
131 841 794 336
829 770 424 560
717 493 455 430
391 410 190 830
864 412 657 51
538 3 512 111
287 447 54 865
352 297 460 287
855 842 556 808
706 768 552 652
486 609 347 130
251 346 540 376
738 843 93 782
140 202 763 397
791 660 308 108
547 23 286 143
602 183 390 3
632 625 414 725
668 191 287 180
221 183 117 840
378 751 300 105
545 35 135 644
613 141 398 443
787 104 369 445
733 627 561 172
20 130 176 725
852 283 618 826
74 201 527 833
765 201 151 837
777 503 184 633
378 741 775 175
683 473 399 209
712 779 517 264
213 391 130 174
415 517 600 797
509 53 14 588
224 671 133 753
49 389 398 440
556 429 311 274
247 443 825 418
771 28 347 783
770 196 509 374
376 610 443 239
805 804 211 407
871 61 378 60
182 18 429 429
717 175 163 304
19 322 146 99
133 313 370 705
572 176 246 364
440 85 46 401
53 700 206 231
5 651 731 566
346 659 780 712
538 203 157 39
856 153 413 71
338 605 393 503
786 637 236 392
148 141 140 376
574 349 695 322
768 847 740 558
684 857 842 351
848 432 808 149
782 747 743 283
570 718 638 606
839 716 275 787
147 296 387 150
834 684 123 785
496 689 189 507
155 47 852 728
237 337 869 849
161 793 755 307
73 165 721 609
863 263 160 743
278 581 821 861
366 88 605 284
323 441 176 258
218 424 771 539
472 97 730 599
702 859 16 607
486 482 563 305
858 127 325 370
873 68 170 772
337 419 41 238
841 279 248 212
562 348 68 64
545 212 300 694
602 584 537 702
396 237 405 198
26 163 76 200
792 174 514 277
848 114 28 540
439 721 709 774
449 167 310 341
20 98 640 311
607 533 13 343
279 414 352 522
592 797 505 209
189 750 844 528
508 246 325 330
380 674 108 660
768 330 687 30
463 832 333 119
150 512 121 206
42 745 855 32
241 286 237 592
344 165 795 479
213 29 698 789
689 199 805 391
495 670 556 605
110 565 844 72
512 444 137 849
544 123 138 400
387 6 8 66
81 851 460 390
507 786 95 729
300 409 501 181
372 185 686 202
805 232 731 802
180 22 787 613
728 431 665 703
65 238 215 176
354 377 397 255
783 173 602 65
861 514 73 175
610 839 349 96
781 295 369 852
537 398 426 533
710 747 199 384
639 49 362 6
677 41 829 721
598 584 235 684
481 725 37 773
680 192 799 100
841 664 684 47
99 650 93 751
161 831 132 687
285 479 421 556
727 303 305 331
396 455 230 516
66 703 420 421
602 420 411 735
49 617 10 590
829 615 707 526
452 592 281 305
752 639 358 143
98 139 387 296
570 314 492 684
250 795 849 297
21 22 681 208
729 624 436 794
314 8 76 713
293 660 777 679
348 29 390 823
793 21 524 859
840 553 337 795
380 434 732 491
865 648 682 531
359 607 664 704
727 625 747 564
156 529 712 307
594 681 257 189
773 441 596 738
372 609 868 623
723 627 759 684
870 559 220 718
110 549 5 346
365 771 498 72
155 624 133 125
190 777 397 514
875 328 384 422
847 750 598 653
114 135 212 273
848 665 88 300
501 348 67 118
371 27 275 36
852 621 268 784
848 679 634 394
818 697 439 783
292 859 324 148
617 33 218 662
567 818 397 576
394 186 186 506
351 147 460 766
139 143 321 603
698 252 328 275
24 141 450 364
614 158 351 164
723 679 184 824
777 321 1 83
318 247 722 778
49 583 833 369
466 574 766 670
735 188 484 678
409 739 404 133
382 361 613 809
477 803 422 527
772 277 152 405
710 646 850 368
721 9 434 120
222 442 45 198
339 637 254 699
835 145 695 586
654 472 3 838
651 261 431 48
84 379 501 338
773 681 554 440
672 573 689 870
867 509 822 424
383 618 827 369
17 591 318 681
602 4 439 563
473 840 210 593
857 597 316 537
696 42 39 773
601 445 714 405
741 244 569 410
306 545 227 412
17 187 310 717
135 178 357 635
607 148 232 571
503 419 190 1
500 82 616 550
448 842 608 284
152 807 346 772
79 579 291 352
714 312 558 183
576 726 145 858
263 185 656 432
398 809 837 662
866 180 371 144
719 484 603 245
634 272 140 340
615 560 474 407
262 603 166 711
20 649 136 538
19 4 137 306
250 335 607 752
84 732 557 820
205 671 613 294
110 522 515 287
486 422 568 75
303 855 237 444
234 584 130 693
143 519 703 362
297 266 581 484
356 345 710 369
82 753 684 563
468 123 41 544
664 725 720 80
205 493 589 76
131 528 364 3
161 573 158 98
227 525 11 345
393 664 274 667
750 704 829 843
710 409 54 722
311 758 644 835
202 76 575 470
832 364 174 325
786 428 583 75
865 522 111 865
334 21 249 766
74 161 680 186
729 157 522 754
392 127 558 668
279 76 664 316
65 288 770 238
193 276 325 21
618 719 551 753
779 173 225 480
767 557 75 108
420 46 260 783
274 175 24 672
806 599 721 779
160 212 348 318
0 160 765 193
105 85 299 304
508 147 598 281
500 402 303 373
39 48 133 378
559 755 476 707
721 797 441 118
605 144 205 515
647 47 307 27
181 21 62 83
365 38 805 565
475 372 877 2
202 223 67 784
616 642 315 701
871 25 58 133
333 818 224 572
760 269 520 298
544 468 69 31
482 575 649 438
16 522 844 675
208 426 241 242
11 299 307 118
540 852 363 608
190 304 310 42
493 444 100 813
744 596 625 548
672 557 606 272
745 347 852 188
152 27 98 362
658 429 783 622
251 361 332 275
53 851 109 152
877 689 365 316
742 133 677 301
746 45 767 730
564 724 516 12
2 760 526 359
640 5 323 856
138 392 616 818
511 207 165 163
441 244 24 463
558 366 277 492
112 72 274 675
797 619 41 123
2 518 567 462
492 743 488 685
650 275 568 700
317 116 108 776
769 153 349 650
13 144 153 832
540 97 644 674
447 105 779 256
406 61 713 485
598 410 703 708
246 579 555 833
404 220 60 426
659 340 701 191
515 310 567 176
73 30 736 332
874 158 851 872
685 119 366 198
86 100 720 812
437 440 233 628
565 35 288 147
656 332 531 815
26 573 422 705
120 539 825 107
9 688 858 493
475 648 314 857
40 772 463 535
540 864 208 592
704 817 517 610
777 670 410 680
711 759 59 727
344 590 537 662
704 148 423 703
560 83 490 92
31 572 393 716
511 45 256 515
453 698 320 419
284 555 605 453
428 542 119 2
141 165 795 70
708 188 50 558
746 580 635 668
369 71 104 486
447 80 524 503
297 482 292 111
852 76 300 696
129 92 785 196
664 404 594 461
133 20 565 560
482 396 266 136
442 425 149 650
861 101 202 383
330 721 324 334
532 445 86 489
15 591 469 541
599 744 472 36
856 641 129 71
100 76 293 727
140 69 613 828
878 374 792 442
432 833 630 595
871 668 577 736
402 586 246 640
305 570 106 308
442 409 868 673
193 485 182 391
256 330 691 643
123 384 873 91
415 851 143 547
751 72 698 370
461 316 214 193
314 697 494 12
234 280 178 736
649 112 845 617
596 848 33 4
455 646 81 865
211 544 37 152
793 123 695 714
520 454 433 811
504 676 184 773
94 513 30 125
686 38 373 728
127 201 50 830
385 563 440 782
36 618 570 825
484 535 501 183
423 665 816 699
518 99 591 562
726 514 410 198
672 205 568 612
538 564 701 60
690 589 626 499
284 823 666 866
128 169 186 196
671 517 536 830
408 729 499 329
433 148 342 763
397 792 701 481
868 187 737 426
743 251 574 180
6 503 615 681
0 479 224 622
863 737 215 402
475 677 796 301
606 677 355 801
50 104 24 119
744 619 293 387
14 667 578 423
719 423 596 297
588 191 330 68
543 678 160 766
177 664 148 113
653 766 231 179
246 773 425 440
826 302 66 24
723 271 246 211
176 124 751 166
769 800 242 750
595 331 22 141
8 649 123 538
627 855 541 725
623 488 532 552
369 2 410 665
47 644 554 54
453 416 429 356
786 105 846 297
381 514 719 640
133 278 201 647
356 348 250 610
558 182 672 264
198 16 422 481
483 773 58 546
6 658 685 85
237 94 192 158
713 629 450 844
284 387 228 460
49 15 697 337
351 82 600 433
242 2 481 207
202 770 446 674
22 56 598 569
727 354 6 379
307 187 462 781
113 757 863 122
693 224 765 862
249 779 271 418
437 357 430 654
799 709 311 206
530 720 240 111
143 341 446 5
236 867 405 637
651 245 449 367
712 291 646 59
391 235 775 315
231 761 255 171
403 180 811 637
92 398 316 754
774 171 324 876
717 29 319 731
783 57 669 80
811 403 787 289
732 838 699 706
404 340 291 623
349 693 34 350
33 393 460 453
813 760 534 9
672 187 705 247
557 851 683 772
529 343 129 0
701 398 236 72
612 118 603 152
504 77 676 106
785 785 476 461
510 751 344 415
653 306 682 431
708 633 873 252
648 561 42 201
385 383 662 626
15 101 325 541
792 842 774 433
697 368 826 797
132 441 711 433
366 355 507 753
173 78 805 511
156 375 712 382
33 276 132 472
757 500 78 777
793 776 451 833
748 99 847 172
34 213 650 780
573 714 546 421
188 99 440 189
471 724 684 87
113 131 165 793
518 601 803 55
259 394 600 517
669 475 376 878
129 659 267 96
418 437 175 545
380 576 575 266
14 555 423 69
353 679 107 144
142 654 445 412
225 364 180 160
522 188 618 764
688 478 88 666
369 790 12 36
648 391 156 98
125 248 783 223
803 206 727 572
73 533 104 38
543 742 147 120
279 203 272 326
671 397 349 802
806 320 740 793
10 544 51 426
249 795 615 259
253 874 665 274
188 507 321 379
661 479 206 56
330 645 135 668
517 806 311 556
602 194 335 289
779 435 470 499
98 298 414 123
384 254 416 74
268 402 9 93
692 544 800 439
720 863 538 663
238 637 44 604
122 467 43 513
545 468 533 510
49 318 611 188
61 337 140 646
752 767 587 51
861 704 492 444
372 373 613 814
60 215 458 793
305 463 519 213
816 669 717 162
214 602 151 437
119 818 188 583
423 528 348 514
432 505 260 807
716 602 155 376
820 586 685 19
849 481 279 304
98 852 825 267
376 115 194 621
619 827 797 227
88 732 379 251
45 100 321 835
161 718 865 23
792 549 290 204
52 737 148 875
133 136 862 811
122 483 514 204
554 737 537 158
752 399 73 843
213 642 251 795
808 859 401 71
376 381 38 33
174 425 344 343
573 319 186 642
565 527 862 500
103 809 862 328
123 738 566 447
94 294 462 476
344 660 66 249
433 16 256 822
197 432 685 85
107 271 21 123
596 292 800 839
742 703 736 871
7 447 510 817
172 729 173 196
235 843 18 686
561 620 464 831
223 429 134 163
312 727 161 779
800 784 343 13
437 81 81 759
722 664 611 317
580 268 287 568
548 783 555 119
251 843 814 195
861 1 395 440
717 653 634 700
376 768 802 703
232 206 805 781
7 642 779 683
522 137 249 444
432 403 850 828
591 568 780 174
323 561 487 483
397 761 700 439
478 27 45 222
5 297 265 737
727 730 0 43
224 809 120 377
524 302 431 441
392 355 121 676
822 450 805 169
838 769 635 563
760 91 565 225
752 302 741 176
655 557 426 864
165 345 209 576
24 67 559 576
696 616 73 789
794 58 264 573
357 693 177 448
392 645 248 811
561 470 43 286
704 470 388 151
383 135 210 794
