15 38 100
12 7 4 10
7 14 11 14
13 11 8 3
8 2 15 0
7 6 6 15
15 9 0 12
4 0 13 4
2 5 10 4
11 13 4 9
11 15 6 12
6 7 15 2
13 13 8 13
7 3 7 12
13 11 3 6
2 15 6 5
9 12 7 9
3 8 5 7
11 9 10 15
1 3 13 7
4 12 0 9
5 12 13 11
12 11 11 5
7 5 6 12
3 9 11 11
1 8 13 1
8 0 12 4
2 14 9 13
6 9 9 11
1 13 5 2
6 10 14 7
13 11 8 13
13 12 15 10
5 1 9 0
5 9 5 4
4 7 15 9
7 7 5 9
9 1 2 7
12 12 5 10
9 5 12 4
10 6 2 2
7 14 14 0
5 9 0 12
4 8 4 6
0 10 13 3
15 9 14 9
15 2 5 6
8 8 2 11
10 9 6 0
3 4 3 2
10 1 15 0
9 3 6 8
3 4 13 3
13 9 8 10
6 7 4 13
0 15 0 11
9 11 14 2
12 13 2 7
6 9 1 8
15 9 13 5
10 9 6 11
8 13 9 1
11 8 15 10
9 0 6 6
13 0 12 11
6 5 12 6
15 14 4 2
0 0 10 0
0 3 13 6
13 6 7 12
9 8 0 2
9 2 7 12
8 10 0 15
15 10 7 1
5 1 10 5
11 9 13 8
2 8 4 0
4 15 11 3
7 8 8 5
2 10 6 13
5 14 9 7
11 3 9 12
11 5 7 0
1 3 3 15
6 4 3 11
4 13 1 4
12 2 6 2
2 9 5 2
2 13 0 1
5 7 8 9
12 12 1 6
10 11 11 1
13 6 12 14
13 14 6 3
15 14 13 15
5 8 15 9
14 5 1 9
7 13 1 11
8 2 11 6
2 0 2 9
10 2 6 14
