0
135137089
0
0
279538332
459666710
0
0
0
577836640
861856371
0
0
0
442122555
0
0
0
199369396
0
0
0
946781250
445545034
0
504202689
560333446
0
0
0
0
606164532
0
0
0
218049212
0
0
808056062
929702709
0
821700241
624374766
828072404
0
442122555
0
0
542867034
966328767
591399312
0
709351530
845598076
601446322
211467397
932344563
205199621
40949229
862637352
0
242514794
0
282404891
0
0
473440354
916936551
782650412
0
621254040
0
0
0
0
949394120
0
140012107
0
0
0
0
527234219
398371143
171836486
142239718
262302409
984380849
0
0
0
0
69191808
0
0
0
612294051
0
0
774642394
