20
0 29 411 723 692 86 844 588 795 101 2 792 917 953 562 50 879 186 242 180 
51 0 274 168 41 404 982 225 194 906 188 854 479 34 764 167 228 356 844 585 
52 524 0 511 445 596 787 691 415 807 332 958 74 891 736 826 230 445 984 679 
582 40 882 0 410 203 306 436 334 708 930 299 506 885 147 20 622 550 221 234 
314 384 601 295 0 540 452 37 939 39 594 649 592 329 491 64 970 778 500 730 
605 962 241 350 281 0 582 328 261 829 433 215 673 557 10 630 340 715 567 589 
461 627 222 11 303 785 0 441 261 311 158 199 878 162 89 488 861 560 904 75 
301 22 812 912 545 72 355 0 898 984 629 590 737 614 916 192 971 313 247 814 
835 510 325 98 546 478 187 731 0 298 436 289 67 669 39 363 494 782 963 138 
438 744 946 772 308 646 912 592 399 0 149 900 886 693 781 305 649 485 291 321 
192 868 710 849 16 171 948 52 25 81 0 806 109 48 701 264 459 71 804 276 
673 715 108 681 496 425 826 668 666 402 81 0 767 428 141 926 657 738 727 659 
960 36 546 473 685 484 208 513 275 563 534 713 0 495 824 370 146 595 652 478 
124 340 202 308 108 390 283 252 605 540 624 75 180 0 681 310 2 260 13 68 
818 802 953 437 801 49 247 718 371 541 925 465 66 753 0 722 4 916 811 594 
472 994 242 446 608 595 704 840 521 856 923 513 11 397 740 0 63 98 76 146 
603 577 9 437 364 667 262 784 2 311 428 947 402 931 230 148 0 988 174 847 
354 695 872 910 628 594 148 693 478 590 373 228 211 383 728 922 958 0 538 720 
545 830 74 285 853 489 41 616 296 442 300 583 732 83 738 533 250 169 0 605 
754 709 149 244 419 832 276 521 919 784 403 301 907 566 728 346 989 831 210 0 
