100 50
28 1 2 5 6 7 9 10 11 12 13 16 20 21 27 29 31 33 34 35 36 37 39 40 41 43 44 46 48
24 2 3 5 6 10 12 13 14 15 19 20 21 28 29 31 35 37 38 39 40 42 43 45 49
25 1 2 3 5 6 7 10 12 13 15 16 17 19 21 23 26 28 30 31 38 42 43 46 48 49
24 3 5 7 10 12 18 19 22 23 24 27 28 29 30 35 37 38 39 40 42 44 45 46 49
25 5 8 10 11 14 15 17 19 20 21 22 28 31 32 33 34 35 36 39 41 43 44 48 49 50
24 2 3 5 7 11 13 15 17 19 22 23 24 26 28 30 31 35 36 37 41 43 44 45 48
23 1 2 3 6 7 8 11 15 21 23 24 27 31 32 34 35 36 37 42 45 46 48 49
24 2 3 4 7 10 12 14 18 24 25 27 30 32 33 34 38 40 41 42 44 45 46 47 48
30 2 3 4 5 8 9 10 12 13 14 17 22 23 25 26 27 28 29 31 32 33 34 35 38 40 41 43 45 46 50
19 3 5 6 8 11 15 16 18 21 22 23 26 27 34 35 39 45 46 48
29 1 2 3 7 8 10 11 13 14 15 16 17 21 23 24 25 26 27 28 32 36 38 39 41 42 46 47 48 50
34 1 4 5 6 9 10 11 12 13 14 15 18 20 21 27 28 29 30 31 33 34 35 36 37 38 40 41 42 43 46 47 48 49 50
27 1 2 3 6 9 10 12 14 15 17 18 20 21 22 23 28 33 34 36 37 38 40 42 43 44 45 47
30 1 4 6 7 11 12 14 15 16 19 21 22 25 26 27 28 29 31 35 37 38 39 40 41 42 44 45 46 49 50
27 3 4 5 9 10 14 15 19 24 26 27 28 30 31 32 34 36 38 39 41 42 43 44 46 47 48 49
29 1 2 3 5 8 11 13 17 18 19 20 21 22 23 25 26 27 28 29 31 32 33 35 36 38 41 42 45 50
31 3 5 6 8 9 10 11 12 13 14 16 17 19 22 24 25 28 29 30 32 34 36 37 38 39 41 43 46 47 48 50
22 3 8 9 10 14 15 16 17 18 24 26 35 36 37 40 41 42 43 44 45 47 49
26 2 4 6 8 9 10 13 14 16 18 20 23 24 26 27 29 30 31 33 38 39 43 46 47 48 49
21 1 4 6 10 13 14 15 19 20 25 26 27 32 33 36 37 39 40 43 46 47
26 1 2 3 6 8 10 11 12 15 22 26 29 31 33 34 35 37 39 41 42 44 45 46 47 48 50
26 1 3 7 9 10 12 16 19 20 21 22 23 26 27 28 32 34 35 38 39 41 42 43 44 45 46
24 1 8 10 11 13 14 16 17 18 19 20 21 23 27 28 29 31 33 36 38 42 43 48 49
23 5 7 9 13 17 22 23 26 27 28 33 34 35 37 39 40 41 43 44 46 48 49 50
24 1 3 6 9 10 11 12 13 17 18 19 22 26 28 32 34 37 38 41 43 45 46 47 50
24 1 6 7 8 12 14 16 19 20 24 26 29 33 35 36 39 40 43 44 45 46 47 48 50
22 1 3 4 5 10 11 12 13 14 16 17 18 20 22 25 26 38 39 41 46 47 50
24 1 7 13 16 17 18 20 21 22 25 26 29 30 31 32 33 34 37 39 40 43 47 48 49
25 1 2 3 9 11 12 13 14 17 18 20 24 26 29 31 32 33 34 35 36 39 40 44 45 49
20 1 4 5 6 8 12 14 15 16 18 21 27 28 29 32 33 34 41 42 46
21 1 2 3 8 10 11 15 21 22 23 24 26 28 29 32 38 40 44 45 47 48
25 1 4 5 7 8 9 10 11 12 13 16 19 20 25 26 28 30 32 33 35 36 37 38 39 45
24 1 4 6 10 11 14 15 18 20 28 31 32 33 34 35 38 39 40 42 44 45 47 48 49
24 5 9 11 14 17 18 19 21 22 23 25 32 33 34 35 39 41 43 44 45 46 47 48 49
24 3 6 8 10 13 15 16 17 19 20 22 28 29 30 32 35 37 38 39 40 45 46 47 50
26 1 4 5 8 9 10 11 15 16 17 19 21 23 24 28 30 31 36 37 38 39 42 43 47 48 49
30 1 2 3 4 5 6 7 8 10 12 13 15 18 19 21 22 24 26 27 29 31 33 35 36 38 39 40 47 48 49
27 1 2 3 5 6 7 9 12 15 18 21 22 26 29 30 32 34 35 36 38 39 40 42 45 47 48 50
25 1 2 5 8 9 10 14 16 19 22 23 25 26 27 28 30 31 35 36 38 40 41 43 46 47
30 2 5 6 8 10 12 13 18 19 21 24 25 26 27 29 32 33 34 36 37 38 39 40 41 42 43 44 46 48 49
26 1 3 4 6 9 11 12 13 16 17 20 21 22 24 27 32 38 39 41 42 44 45 46 48 49 50
25 1 3 5 6 8 15 16 17 22 23 24 26 28 30 32 35 36 38 44 45 46 47 48 49 50
18 1 9 10 13 16 23 25 26 27 29 31 34 36 39 45 47 48 49
25 1 2 3 5 6 7 9 10 11 14 16 17 19 23 29 30 33 34 37 38 39 44 46 47 50
30 1 3 4 6 8 10 12 13 14 16 17 18 19 20 22 24 26 28 29 30 31 32 33 34 35 37 39 40 44 50
26 5 8 10 13 14 16 20 21 23 26 27 29 31 32 34 37 38 39 40 42 45 46 47 48 49 50
25 1 2 4 6 8 10 12 16 18 21 23 25 29 31 32 37 38 39 41 42 43 44 46 49 50
26 2 3 6 8 9 10 12 14 15 16 19 21 22 28 29 30 31 33 34 35 37 38 40 41 43 46
30 2 4 5 8 10 11 12 13 14 15 16 17 19 20 21 23 24 25 27 28 29 31 32 34 35 36 40 43 44 47
20 5 6 7 9 11 14 15 16 17 19 29 32 35 38 40 42 43 46 48 50
22 1 2 6 7 9 10 12 14 15 17 20 25 27 28 32 36 37 38 40 43 45 47
27 1 2 4 5 7 8 9 12 13 14 16 18 19 22 23 24 25 26 28 32 38 39 42 46 47 48 49
34 3 4 5 7 9 10 12 13 15 16 17 19 21 22 23 24 25 26 27 28 29 30 33 34 36 37 40 41 42 44 46 48 49 50
29 1 2 4 5 6 7 9 10 11 12 13 15 16 24 27 28 30 32 33 34 36 37 38 40 41 42 44 45 47
25 3 5 6 7 8 10 11 12 13 16 17 21 23 24 28 29 31 34 37 39 41 42 44 46 50
28 3 4 6 7 8 9 10 14 18 20 21 23 24 26 27 28 29 30 31 32 36 40 41 42 43 46 47 48
27 4 5 6 8 9 11 12 13 18 19 20 22 23 24 25 27 28 31 33 35 36 40 42 43 44 46 49
27 3 5 7 9 13 15 18 19 21 22 24 25 27 28 30 32 33 34 35 37 40 41 42 44 45 47 50
25 2 3 4 5 7 11 12 13 15 19 21 23 24 27 28 30 32 34 35 36 38 39 41 43 50
30 1 3 5 8 11 12 13 14 15 16 17 18 20 22 25 26 28 33 34 36 37 38 39 40 41 43 45 48 49 50
23 4 5 6 7 9 12 14 15 18 19 21 22 30 31 32 35 37 40 43 45 46 49 50
20 5 7 11 14 15 18 19 21 23 24 27 31 35 38 40 42 43 45 47 49
25 1 2 3 5 9 10 12 13 14 18 20 21 22 23 24 25 29 31 32 36 37 40 41 44 48
27 1 3 7 10 11 12 13 18 19 20 22 24 25 26 28 29 31 35 36 37 38 41 42 43 44 45 49
20 1 7 10 11 16 20 22 24 26 28 29 30 31 37 39 40 44 45 46 49
31 1 4 5 9 13 14 15 16 18 19 20 21 23 25 26 27 28 29 30 32 33 34 35 36 38 39 40 41 43 46 48
27 1 2 3 9 13 14 16 17 21 22 24 27 28 30 31 33 34 35 36 38 41 42 44 46 47 49 50
27 2 3 6 7 8 9 10 11 13 15 16 17 20 21 24 25 27 28 29 34 36 38 39 43 46 47 49
23 2 5 7 11 12 14 15 16 17 19 21 23 25 26 32 33 37 41 46 47 48 49 50
20 1 2 6 8 9 16 20 22 26 27 29 30 33 34 36 37 41 43 47 48
23 2 3 4 6 8 11 12 14 15 16 23 25 26 28 29 31 32 33 34 35 37 39 48
30 1 2 5 7 8 9 10 11 12 13 18 19 20 24 25 28 29 31 33 34 35 36 38 43 44 45 46 48 49 50
28 2 3 4 5 6 9 10 11 12 13 15 17 18 20 21 22 24 27 28 29 30 33 36 41 42 44 46 49
30 7 8 10 12 15 16 18 19 20 21 22 23 24 27 28 29 31 32 34 35 36 37 40 42 43 46 47 48 49 50
19 4 5 10 11 12 15 19 24 25 26 28 29 30 35 37 38 41 46 49
24 1 2 3 4 5 7 13 14 16 17 19 23 26 29 30 33 36 39 41 43 44 46 48 50
26 1 4 7 8 9 13 14 16 20 21 22 23 25 28 29 30 31 34 36 38 39 41 44 47 48 49
26 4 5 6 8 9 10 11 13 14 15 17 19 24 26 28 29 30 33 34 41 42 43 44 46 47 49
35 2 3 4 6 7 8 9 10 11 14 15 16 17 18 21 22 23 26 27 28 29 31 32 35 38 39 41 42 43 44 45 46 48 49 50
29 4 6 7 8 9 10 11 15 19 20 22 23 24 25 26 27 29 32 33 35 39 40 42 43 45 47 48 49 50
28 1 2 6 7 8 12 13 16 18 19 21 22 23 24 25 26 28 30 31 34 38 40 41 42 43 45 46 48
36 2 7 8 9 10 11 12 14 17 18 19 20 21 23 24 25 26 28 29 30 31 32 33 35 36 37 39 40 42 44 45 46 47 48 49 50
31 5 6 7 8 9 10 11 13 20 21 22 23 24 25 26 27 28 30 31 32 33 34 38 39 40 41 42 43 47 48 49
29 3 5 7 8 10 12 16 17 18 19 20 21 23 25 26 28 30 31 32 34 36 37 38 40 43 44 46 47 49
26 1 2 3 4 9 10 12 13 14 15 20 22 24 29 30 31 32 33 34 35 39 40 42 43 48 50
29 2 3 4 5 6 7 8 12 14 19 21 24 25 26 28 31 32 33 36 37 38 42 43 44 46 47 48 49 50
25 5 6 8 11 12 13 14 15 17 20 24 25 27 28 30 33 34 36 40 42 43 44 46 47 48
23 3 5 7 10 14 15 16 17 19 21 28 30 31 35 36 39 40 42 43 44 45 47 48
24 6 9 10 11 12 15 16 17 19 20 22 23 25 26 28 29 31 33 37 39 40 43 45 48
27 2 3 7 8 10 11 12 14 18 20 23 24 25 27 28 30 32 34 35 36 42 43 45 47 48 49 50
15 3 7 11 13 15 17 26 27 31 32 33 36 37 44 49
20 2 3 6 11 12 14 19 20 22 24 28 32 35 36 38 39 41 43 44 48
22 1 2 4 7 11 12 13 17 18 20 27 32 35 37 38 39 41 42 43 47 48 49
26 1 2 5 7 8 9 10 16 17 18 19 20 25 26 27 29 32 34 38 43 45 46 47 48 49 50
33 2 3 7 9 10 11 13 14 15 16 17 19 21 22 25 26 27 28 29 31 33 34 35 37 38 40 41 42 44 45 46 48 49
24 2 4 6 7 8 10 12 14 18 19 20 21 24 25 29 32 33 37 39 40 41 46 47 48
27 1 2 4 5 6 8 9 10 13 14 15 16 17 19 20 23 24 25 33 36 39 40 41 42 45 46 47
24 2 3 4 5 6 9 12 13 16 17 19 20 24 26 27 29 34 37 39 41 42 45 47 48
26 2 3 4 6 7 8 11 12 14 17 21 23 24 26 27 28 33 36 38 39 40 41 42 45 46 48
30 2 5 6 7 8 9 10 11 13 15 16 17 18 19 20 21 24 27 29 30 31 33 34 35 41 44 46 47 48 49
