700
326 668
514 649
18 533
146 197
260 526
467 691
164 682
310 586
479 573
297 339
19 685
83 399
637 645
91 455
193 224
124 669
87 598
265 469
58 114
488 519
21 153
202 583
34 89
59 592
267 406
220 628
421 489
234 656
217 681
31 119
291 310
358 369
228 472
65 241
204 560
392 521
42 369
2 563
50 404
94 250
12 121
112 249
151 694
431 451
73 310
345 679
64 243
358 568
358 675
337 618
57 597
83 114
317 505
321 410
469 552
59 102
293 683
83 661
386 445
279 280
524 557
489 572
286 347
104 343
129 548
422 625
77 415
166 310
117 316
77 141
210 512
113 127
17 108
43 124
371 411
306 459
134 637
186 511
128 560
200 588
282 409
306 478
106 166
56 83
27 127
332 421
134 559
245 553
329 413
136 621
55 370
235 623
56 160
395 528
70 429
184 588
15 428
323 472
215 305
15 303
183 283
472 695
23 276
457 665
245 369
367 661
135 237
190 698
114 300
76 620
171 322
159 673
269 577
244 588
331 357
84 318
54 466
282 430
39 83
642 647
222 655
206 468
478 660
365 376
114 333
184 470
161 574
272 594
39 51
149 379
411 686
324 450
234 697
464 611
157 363
528 550
145 189
83 282
397 463
319 595
215 418
29 529
116 525
247 320
231 377
56 657
368 515
291 610
336 503
201 668
139 536
111 473
226 264
126 602
428 452
107 483
240 278
238 533
103 550
557 581
1 606
273 534
177 475
57 119
275 387
408 582
550 686
37 271
20 547
134 608
26 101
318 405
5 362
175 677
373 626
295 388
105 595
255 414
118 506
472 684
581 686
99 254
509 636
165 417
431 686
390 484
495 684
389 442
411 492
171 632
314 588
243 560
138 231
556 661
457 600
426 687
494 508
230 305
172 255
423 499
72 82
142 440
122 329
262 336
205 351
620 686
81 501
400 637
326 460
258 446
309 494
48 432
241 369
157 566
62 132
168 354
192 567
257 335
342 651
227 274
469 680
330 544
289 699
241 243
349 683
234 339
176 660
169 664
157 500
77 697
222 502
16 282
334 507
192 409
48 145
97 503
146 475
115 261
23 173
426 546
674 676
81 377
346 536
346 527
47 174
178 427
212 307
366 550
368 426
471 528
438 692
112 577
310 484
545 586
493 522
181 606
17 641
595 619
417 621
606 696
57 512
63 576
206 321
282 324
344 350
360 467
392 609
87 523
15 643
581 588
358 522
137 608
99 682
120 301
117 176
203 407
513 602
358 537
287 362
196 682
142 391
392 555
586 692
140 191
546 613
606 664
202 323
601 668
350 597
511 597
538 670
309 437
423 606
188 622
355 452
480 627
56 456
134 155
199 499
75 372
16 674
90 439
93 590
303 624
131 325
169 650
285 416
499 551
185 559
241 639
602 666
349 586
373 424
90 172
137 239
96 128
33 70
194 541
190 638
137 449
187 649
528 678
242 512
143 425
266 283
355 474
75 326
41 187
436 683
132 281
9 260
288 348
6 14
608 617
83 697
190 625
65 157
256 669
284 642
393 401
225 546
227 232
114 179
498 596
271 587
29 57
173 540
531 626
377 464
85 227
617 658
83 384
243 304
92 573
248 586
38 150
143 427
325 693
255 486
192 195
338 541
69 331
270 360
74 665
133 314
114 238
109 455
437 446
362 564
17 382
125 531
567 634
132 688
104 279
60 181
163 446
291 673
131 315
475 545
170 423
35 311
234 441
562 659
11 423
317 355
89 490
437 619
298 496
44 308
5 365
93 342
26 177
65 659
78 269
465 632
621 672
154 338
28 181
83 203
152 168
364 473
149 575
21 603
443 620
522 602
194 295
21 380
110 545
259 522
85 277
69 396
255 599
569 665
71 293
589 648
57 457
457 623
201 402
506 586
520 627
362 692
40 411
159 374
273 573
15 499
143 420
90 201
338 573
448 495
146 543
510 642
279 585
338 669
312 428
70 475
247 260
77 428
123 303
405 607
498 643
168 628
39 628
199 302
198 628
401 512
481 498
283 532
115 663
367 612
161 274
201 523
475 477
79 429
435 674
4 273
100 225
69 577
65 102
548 691
241 253
220 518
406 434
48 426
108 454
653 672
299 336
32 83
451 642
377 381
498 579
107 180
42 667
68 97
113 140
455 605
175 457
453 464
55 69
188 243
153 428
70 378
153 193
267 475
428 455
291 570
403 459
156 375
86 121
207 324
456 487
148 253
107 689
165 266
77 488
182 287
13 260
137 670
178 214
167 378
389 646
608 630
22 182
103 236
162 210
29 671
496 558
282 368
47 454
554 631
356 691
139 597
202 557
488 517
404 690
80 626
456 660
86 377
254 635
147 680
91 97
241 482
381 468
3 77
77 619
187 334
501 629
38 528
209 303
94 165
171 383
568 654
273 694
219 234
260 461
632 649
362 476
36 683
61 389
279 643
46 227
412 626
347 425
273 311
69 488
349 604
482 633
2 114
55 509
385 690
171 251
43 504
91 392
405 515
238 526
586 627
19 620
20 364
109 387
426 559
213 573
171 455
310 652
328 696
267 361
202 305
77 581
77 298
240 694
25 316
516 657
98 696
88 614
345 499
458 632
24 544
218 394
348 551
3 662
56 544
245 580
63 435
10 275
6 172
176 571
8 239
216 356
10 158
113 644
23 282
243 427
330 594
13 211
227 489
107 593
549 571
20 395
156 438
227 462
153 252
313 545
28 34
164 447
283 381
130 553
378 680
433 548
477 485
70 263
233 497
234 241
398 684
356 657
273 539
428 694
97 561
294 621
108 409
397 576
568 644
22 135
177 222
115 353
308 323
72 575
444 511
88 472
155 618
6 615
15 489
144 222
294 699
67 91
300 700
179 626
278 327
115 628
190 441
122 534
466 559
173 668
510 616
61 345
233 411
157 359
307 409
233 246
236 582
341 619
560 631
37 683
530 617
16 229
39 264
204 591
26 257
45 585
7 222
104 296
49 242
95 695
53 150
208 267
409 535
30 221
93 419
61 681
52 509
267 428
283 578
56 688
394 584
440 481
11 205
66 199
386 641
73 223
16 131
57 83
425 640
116 407
234 283
292 350
205 285
394 542
461 491
120 428
77 149
254 352
73 290
140 268
411 565
119 648
273 394
188 690
93 684
340 642
221 643
48 483
99 241
