1270
1085
411
780
27
503
616
1521
1395
220
21
968
84
1184
269
211
267
244
1421
886
675
2710
178
56
13
6322
290
881
30
39
242
88
1268
840
858
38
116
112
57
884
64
1013
760
51
773
712
125
522
392
430
85
148
158
130
362
467
786
196
136
87
41
3824
99
427
250
12
641
14
70
1941
661
8
16
768
982
222
1
31
412
110
1765
2411
9
2976
454
891
1335
3585
477
240
604
663
110
34
398
2336
3132
484
2663
345
1764
377
2389
728
445
512
915
93
1085
235
661
3073
63
292
2281
565
393
220
768
486
531
336
282
977
530
739
1226
492
477
297
930
30
246
77
579
1286
934
25
34
134
2759
476
632
1810
42
51
1385
533
349
256
12
55
371
941
726
409
457
43
66
2099
28
1589
5
780
1145
1157
697
2561
2702
302
193
67
203
4141
1437
270
88
1719
293
25
337
398
663
387
664
1023
1260
383
2418
477
3841
248
496
70
362
1049
844
1796
20
399
8
177
2207
107
675
330
123
386
303
1346
261
973
384
449
1088
94
406
2071
180
1129
55
2049
330
3349
1631
110
1113
536
1519
18
616
874
813
410
2427
39
15
1414
115
861
1286
88
52
15
552
386
901
558
932
121
69
125
27
844
8
1569
144
585
641
83
145
369
827
211
2
601
772
1499
170
68
444
307
452
643
746
40
475
145
83
354
1340
856
1195
90
81
1007
375
542
42
175
613
910
327
763
653
710
759
240
217
409
1002
44
236
291
165
2268
525
1084
11
438
328
332
295
3531
39
274
16
702
119
2573
105
457
190
2
951
1493
512
137
811
2041
327
95
1564
1026
321
2069
710
42
1821
1246
498
669
1075
580
545
250
712
183
556
108
1023
443
68
255
822
1290
282
253
86
621
695
919
287
967
315
691
405
22
12
35
1473
450
360
818
625
367
1
1
97
385
255
403
468
734
185
174
1540
40
19
1146
1469
555
249
308
611
5
72
31
163
23
776
1367
1906
680
733
1405
353
863
652
1016
1053
214
1030
97
682
7
705
1907
705
346
843
132
1138
600
43
431
759
196
442
149
773
3241
3215
717
8
685
1406
1425
16
2305
644
483
492
740
236
564
113
17
116
210
869
382
488
665
876
11
118
880
286
80
117
1698
791
128
161
80
243
2019
105
2372
545
23
395
2117
66
153
70
39
168
240
705
1045
67
1553
96
258
284
99
903
452
267
3653
249
293
227
529
809
1475
571
96
1021
186
1296
170
304
487
1006
144
420
2349
1113
77
1368
468
235
106
20
545
162
1745
68
78
84
534
277
1280
39
3259
292
2091
174
587
144
3656
85
135
170
344
216
125
51
566
181
554
322
1449
51
1109
1844
651
188
174
465
1774
2144
298
828
113
80
420
380
183
834
388
15
744
368
91
77
450
1173
453
1022
1002
634
355
18
62
2935
297
432
124
2062
820
172
250
272
1552
15
252
854
63
447
1457
66
641
430
255
520
2
359
314
111
280
2250
204
276
1037
728
52
322
114
1686
94
273
6
260
587
557
554
101
16
2455
300
198
389
151
352
1362
1054
409
307
1407
581
318
878
595
315
1304
229
719
1786
668
94
199
296
992
129
101
3053
36
179
63
252
3450
595
1205
866
509
2054
961
566
1975
195
1004
3645
140
26
720
197
1131
667
12
1128
1030
512
243
160
22
2067
14
607
491
295
73
1775
150
70
51
781
148
349
157
187
1302
434
784
2246
599
921
146
299
7
480
1121
1107
626
439
122
982
628
582
192
1587
1980
1056
2219
1015
506
115
1173
941
132
648
168
454
63
376
81
1025
2075
214
2618
1222
1903
1124
367
144
545
1016
1975
199
283
27
169
1413
422
641
10
323
171
509
3816
333
664
3268
127
1281
398
14
224
82
179
451
1670
127
51
1440
473
622
378
608
1523
389
529
374
1641
457
76
109
234
671
81
590
714
299
592
693
129
34
767
501
13
526
1505
1070
1922
815
165
632
409
1849
420
2104
142
1620
106
1009
772
414
453
1365
267
338
112
59
1304
277
2996
577
1119
1293
1021
62
841
138
1862
765
1163
240
1298
168
375
132
1570
921
148
387
800
959
41
940
1791
147
540
791
140
163
73
1590
1887
2027
537
190
316
5423
580
1092
350
1461
810
762
96
39
98
1275
70
39
192
810
1962
1670
84
264
3610
910
644
983
860
1347
34
339
223
212
239
9
163
746
493
200
997
276
265
336
528
282
173
359
1314
135
2670
541
502
1448
126
390
617
795
581
1
1351
74
189
201
331
184
1907
539
672
149
660
569
84
1210
192
1307
115
46
259
1361
363
497
1215
17
627
1023
1131
53
1564
299
1451
746
1533
303
1456
711
12
1466
50
192
202
88
89
1423
1344
249
1292
332
381
282
2415
1251
244
65
213
56
469
544
243
701
666
279
631
980
131
786
66
1694
226
548
3316
291
65
82
389
500
2913
761
378
1114
29
1132
2824
597
287
1090
293
260
913
255
