1000
1 1 2 2 2 5 3 2 7 7 11 2 12 8 15 16 4 16 4 12 6 13 5 10 22 9 18 9 15 7 13 24 16 4 23 36 30 20 29 20 22 30 15 23 21 18 43 10 34 9 5 30 53 26 19 3 31 16 22 21 3 29 9 41 13 66 65 24 40 13 71 41 51 70 58 14 2 72 34 59 60 71 19 77 51 73 13 77 52 13 8 56 71 93 24 89 56 62 55 55 48 14 19 24 64 43 21 59 25 7 68 53 17 47 97 36 45 31 21 53 101 24 69 116 29 60 98 59 8 27 103 78 45 44 63 19 40 83 113 79 33 81 14 64 37 131 135 16 102 91 59 31 12 93 5 65 121 99 112 146 91 70 20 30 65 77 147 97 18 6 111 6 145 8 37 132 108 169 144 52 15 181 8 151 127 36 176 83 167 44 21 65 153 133 98 17 87 76 149 113 145 110 82 23 183 87 14 32 133 83 114 73 13 146 143 194 215 68 113 78 43 17 120 79 57 89 172 109 208 96 228 82 109 11 105 102 217 182 24 132 79 114 85 242 244 31 192 212 239 43 19 62 203 253 181 159 22 97 176 210 159 103 120 188 50 161 87 229 222 163 71 37 167 178 144 143 15 95 64 199 213 128 144 43 236 133 48 54 208 107 158 268 137 286 142 228 296 198 129 61 255 226 84 40 257 219 150 92 233 57 131 57 157 239 286 120 184 136 69 159 230 236 281 160 51 49 170 127 109 209 287 319 76 331 283 237 178 258 193 22 74 92 248 226 254 214 243 176 197 324 140 107 40 80 130 72 26 138 248 87 337 201 272 180 233 70 26 44 126 202 28 285 301 206 322 154 206 358 171 170 311 100 218 168 90 6 193 369 276 98 120 343 2 45 339 387 366 373 183 395 211 186 25 338 381 9 91 68 260 260 244 186 224 208 45 328 170 418 84 307 71 55 163 312 269 15 8 190 183 12 275 339 24 182 334 40 215 169 312 236 165 367 32 426 417 51 435 204 88 369 344 431 138 189 129 325 329 10 388 228 71 203 332 140 401 352 73 426 463 12 300 367 437 215 210 169 454 89 281 30 273 87 452 353 392 249 325 394 102 144 161 416 379 452 188 84 80 31 291 343 71 46 340 102 94 145 409 298 201 215 383 152 360 248 133 44 1 478 274 483 38 450 252 111 173 320 294 96 154 339 214 63 415 184 182 352 323 164 384 533 82 170 386 23 95 34 286 245 273 271 212 144 332 551 61 249 76 187 515 110 397 358 255 275 137 501 249 560 84 482 229 226 503 368 523 196 155 389 114 242 249 416 370 418 405 124 435 41 263 462 442 210 35 103 495 270 187 266 129 599 129 213 3 167 14 154 470 186 185 449 551 127 393 269 351 511 292 16 23 572 31 179 105 534 342 321 23 569 574 47 606 572 335 157 35 504 59 411 336 308 439 626 71 407 556 629 410 383 545 85 390 544 236 179 210 382 271 610 506 544 256 277 212 588 432 108 435 75 562 66 383 475 618 541 370 442 360 568 470 388 628 121 550 271 145 667 470 201 523 344 259 596 552 89 655 489 645 87 697 496 187 506 31 287 53 69 343 85 81 625 299 414 272 710 526 187 655 89 190 279 264 42 650 278 442 203 100 302 147 28 40 485 67 108 571 631 236 490 300 651 47 424 22 285 555 662 642 312 69 698 178 747 160 645 432 75 552 124 255 712 668 437 430 146 232 655 4 473 402 213 318 116 588 269 331 199 733 89 573 688 216 535 336 772 41 581 144 177 604 493 567 161 394 348 599 247 736 93 534 115 113 648 491 523 600 601 519 433 4 32 750 632 764 746 636 116 802 333 272 294 351 532 53 197 160 207 816 812 700 183 405 177 236 744 526 299 584 33 291 559 77 352 354 604 299 219 333 785 33 481 59 55 225 684 566 478 566 176 53 59 314 477 107 31 621 580 205 238 114 116 354 61 193 208 319 223 131 474 325 139 18 519 428 680 684 604 235 68 537 360 772 554 343 347 195 640 116 281 6 658 412 265 229 567 213 526 650 574 314 187 41 558 409 794 567 390 314 863 915 69 818 595 302 352 809 838 530 729 671 22 29 277 821 597 734 513 444 724 724 238 19 163 425 140 87 15 819 891 854 948 652 80 4 869 569 240 945 932 489 277 940 848 139 115 279 568 860 561 382 363 794 84 848 689 797 340 419 134 702 331 893 343 863 383 130 414 883 890 858 220 620 766 71 327 189 994 429 210 738
1000
212 908
92 521
638 301
333 822
452 419
595 235
977 327
611 968
454 869
366 492
231 245
974 357
417 466
451 941
994 766
644 970
822 556
846 119
719 220
172 729
105 545
694 386
896 817
940 603
532 537
12 952
427 689
747 165
753 746
832 806
541 342
359 440
15 714
391 782
9 619
328 695
310 146
421 588
223 13
58 239
275 350
971 348
678 182
867 918
945 335
29 582
503 6
239 435
773 59
268 614
735 654
260 142
523 932
710 380
397 670
869 540
132 655
709 403
925 786
314 492
247 44
740 45
209 139
916 216
480 332
430 421
503 128
893 878
800 738
50 899
25 547
755 714
365 380
73 498
131 544
424 533
924 924
692 720
726 394
345 497
926 464
473 756
706 714
44 966
43 447
565 214
457 807
598 745
953 290
394 299
79 710
989 285
433 262
270 494
219 569
576 451
640 758
416 80
458 588
505 29
364 920
597 849
723 314
704 204
251 422
778 239
844 402
669 755
892 151
324 245
796 490
325 695
451 509
514 362
360 663
986 369
21 359
782 71
966 506
839 583
52 372
383 70
957 855
909 398
838 519
137 708
68 650
749 31
81 716
870 608
724 74
44 211
847 609
663 750
380 756
386 692
21 600
802 971
313 345
824 703
896 150
956 28
78 667
605 231
125 84
307 193
165 774
54 944
274 998
202 817
784 795
17 9
391 764
701 3
805 438
249 980
651 35
930 858
647 581
732 956
396 489
166 973
731 711
443 979
93 984
36 747
482 955
93 323
446 39
697 628
179 465
995 931
356 398
648 203
74 888
192 932
975 541
764 118
599 776
89 183
655 929
431 357
65 551
362 597
57 473
397 585
198 844
220 490
940 643
552 154
468 663
708 512
533 380
25 988
300 708
543 105
373 898
435 777
699 681
214 453
100 125
743 604
838 717
618 962
585 242
911 136
34 439
519 967
330 29
473 757
965 560
557 491
115 332
945 535
604 208
726 686
462 206
34 402
665 806
735 237
885 641
112 877
404 664
328 808
790 680
996 127
329 941
14 471
679 422
692 643
204 639
864 332
92 580
692 958
433 760
552 598
891 845
919 177
856 719
656 147
911 208
621 699
571 617
306 205
383 763
174 493
525 205
702 944
860 480
169 37
151 205
455 339
946 968
980 384
28 27
130 868
991 90
905 273
346 787
171 247
43 187
636 351
933 402
641 566
336 337
367 71
602 742
783 671
913 105
330 270
202 475
118 346
299 464
86 392
469 998
889 922
985 139
829 689
508 433
283 57
789 294
414 950
878 324
267 485
959 960
355 933
752 467
8 905
845 869
704 613
530 399
995 444
245 488
530 28
134 551
397 935
356 859
460 135
251 145
714 916
367 676
55 89
760 574
678 983
118 195
128 947
983 338
440 809
564 450
560 267
640 923
625 868
311 12
297 585
886 851
520 821
319 269
37 352
11 413
765 899
586 527
329 537
757 858
851 184
634 135
803 214
830 173
828 946
935 417
22 874
971 777
21 440
14 694
713 315
652 403
868 333
921 399
869 783
168 920
252 659
371 163
261 848
755 28
736 268
105 392
506 290
5 572
679 574
987 355
699 732
129 850
384 704
660 714
628 283
853 375
532 218
151 905
800 113
663 740
852 257
436 900
906 458
614 641
334 831
613 770
168 382
353 54
921 98
931 956
520 494
846 131
191 429
779 113
779 501
477 634
102 329
246 246
433 433
260 349
903 709
637 271
245 110
663 58
720 203
790 178
133 18
879 21
190 145
935 904
601 90
831 251
264 934
233 988
490 261
154 617
868 864
660 720
435 405
807 978
560 522
660 171
961 148
654 157
628 151
335 842
286 523
770 726
11 766
140 676
245 761
321 868
587 786
442 815
91 170
252 585
706 712
748 285
11 744
422 624
569 825
892 311
792 188
412 824
437 31
657 763
756 439
245 396
38 222
323 189
104 995
29 676
787 162
963 798
784 301
351 326
556 144
586 368
674 254
84 69
65 961
209 675
895 580
884 216
585 68
293 20
390 537
218 355
141 378
527 660
982 658
775 324
709 422
165 570
309 874
787 343
214 221
794 904
242 545
531 311
619 673
769 696
462 127
951 323
125 485
471 351
62 252
74 201
144 862
720 620
801 67
805 428
497 411
370 120
575 465
149 329
720 588
917 592
267 308
491 581
489 62
935 397
353 994
235 301
747 3
7 125
516 493
667 927
945 846
182 650
717 264
962 806
544 761
775 84
358 627
832 129
324 146
639 8
629 199
578 25
121 160
393 90
808 667
829 119
147 486
852 12
227 407
636 202
209 339
485 572
395 759
403 623
697 704
864 222
753 876
188 360
407 307
213 196
438 830
419 202
353 171
776 200
371 314
729 519
708 328
642 493
974 355
767 741
44 733
734 990
295 139
679 770
416 182
255 126
151 617
29 238
594 725
687 277
685 947
404 54
133 100
320 371
359 12
250 324
314 942
252 461
484 559
971 923
735 154
926 43
495 540
174 776
945 713
508 526
994 554
713 466
557 315
470 982
540 698
146 236
604 799
10 278
526 950
296 888
261 614
902 916
395 883
338 111
781 929
180 245
614 163
238 551
411 718
680 193
670 37
718 293
983 707
228 244
910 967
846 41
675 435
758 936
878 990
529 108
119 586
580 309
643 940
655 365
746 228
56 10
570 773
166 760
314 510
448 876
196 591
199 3
569 163
785 80
279 220
633 485
808 791
357 128
220 433
209 875
331 5
749 836
142 18
310 528
401 899
374 866
371 259
248 388
14 242
941 192
157 201
15 948
620 617
466 268
381 206
19 685
81 813
941 774
279 262
11 797
621 343
629 902
324 75
157 294
613 375
469 529
720 80
365 108
465 359
241 708
893 719
19 793
610 15
352 170
810 758
483 667
778 972
179 301
478 645
260 964
964 817
709 787
427 656
385 926
425 564
255 79
66 903
731 761
24 138
698 752
223 418
856 237
712 456
580 914
983 387
994 719
816 478
300 905
313 685
219 536
755 773
565 1
4 488
826 682
251 211
304 796
109 417
511 795
832 258
477 458
682 112
727 241
475 870
114 318
377 498
873 894
48 752
91 70
771 358
868 201
149 344
879 939
49 989
897 514
469 405
612 439
420 923
946 857
340 88
931 719
800 907
24 913
42 877
11 609
240 845
769 120
533 949
108 968
663 396
972 970
557 935
279 669
682 236
354 651
295 119
810 696
78 437
526 75
991 530
599 566
140 536
184 478
770 168
20 934
695 155
900 617
374 452
785 166
101 956
999 772
655 869
29 140
262 599
916 842
722 503
821 992
493 116
816 43
732 534
656 825
408 741
935 131
694 889
798 544
455 297
661 36
298 751
914 84
161 114
434 668
829 790
357 233
28 810
407 358
996 285
152 163
214 58
848 992
260 905
692 503
435 214
920 86
455 367
431 57
196 804
457 220
520 759
302 475
669 722
273 232
461 631
687 438
174 816
281 328
907 249
271 71
867 195
996 197
196 521
560 182
635 951
605 958
779 601
841 367
793 168
776 947
512 764
572 481
923 374
280 424
782 489
545 929
694 318
391 831
807 618
64 54
982 951
917 398
527 184
863 835
550 947
495 732
396 874
48 759
594 958
902 784
358 813
99 303
391 790
693 955
489 557
103 243
42 804
40 138
17 535
801 366
352 555
244 813
801 425
187 927
421 132
729 589
430 615
125 587
897 662
682 310
20 581
765 345
975 149
707 69
971 5
831 199
883 989
253 807
580 437
358 513
522 307
128 549
237 125
419 648
167 831
254 972
257 720
441 313
755 465
424 1
230 576
536 627
361 953
925 278
977 853
343 988
638 997
809 248
302 406
394 73
581 93
619 427
433 835
720 324
174 377
911 655
724 997
936 477
612 903
174 427
283 964
226 441
589 73
560 993
752 524
602 513
969 139
913 849
89 951
99 231
29 517
879 4
804 12
523 718
256 638
673 263
636 66
983 574
604 407
247 733
350 834
2 97
896 672
827 634
498 77
530 841
222 215
136 243
949 399
273 566
549 757
367 234
700 476
8 254
718 928
288 243
110 355
698 537
762 814
938 267
190 10
142 752
624 812
880 207
474 942
875 668
901 194
228 442
319 827
276 949
987 987
242 984
138 851
451 615
420 58
716 967
988 176
253 934
229 371
908 368
817 949
932 487
531 839
656 726
422 115
92 227
930 120
724 639
509 457
203 391
752 120
108 262
372 111
2 471
553 569
505 956
25 542
729 51
559 633
930 144
385 132
300 77
782 371
601 320
627 889
225 288
704 52
696 691
965 194
360 287
214 328
754 546
15 180
35 155
15 740
635 112
952 655
56 906
419 149
409 147
155 949
264 986
129 649
63 216
830 891
866 554
141 228
524 213
990 625
874 701
319 175
487 813
960 166
54 990
680 367
96 226
971 462
415 472
49 817
440 251
262 127
475 483
707 447
833 899
726 522
852 389
931 547
468 592
589 68
357 167
566 418
600 583
286 903
985 912
792 571
67 170
940 401
955 242
169 833
313 214
333 42
