178
2 1
3 2
4 3
5 4
6 5
7 6
8 7
9 8
10 9
11 10
12 11
13 12
14 13
15 14
16 15
17 16
18 17
19 18
20 19
21 20
22 21
23 22
24 23
25 24
26 25
27 26
28 27
29 28
30 29
31 30
32 31
33 32
34 33
35 34
36 35
37 36
38 37
39 38
40 39
41 40
42 41
43 42
44 43
45 44
46 45
47 46
48 47
49 48
50 49
51 50
52 51
53 52
54 53
55 54
56 55
57 56
58 57
59 58
60 59
61 60
62 61
63 62
64 63
65 64
66 65
67 66
68 67
69 68
70 69
71 70
72 71
73 72
74 73
75 74
76 75
77 76
78 77
1 79
1 80
2 81
3 82
4 83
5 84
6 85
7 86
8 87
9 88
10 89
11 90
12 91
13 92
14 93
15 94
16 95
17 96
18 97
19 98
20 99
21 100
22 101
23 102
24 103
25 104
26 105
27 106
28 107
29 108
30 109
31 110
32 111
33 112
34 113
35 114
36 115
37 116
38 117
39 118
40 119
41 120
42 121
43 122
44 123
45 124
46 125
47 126
48 127
49 128
50 129
51 130
52 131
53 132
54 133
55 134
56 135
57 136
58 137
59 138
60 139
61 140
62 141
63 142
64 143
65 144
66 145
67 146
68 147
69 148
70 149
71 150
72 151
73 152
74 153
75 154
76 155
77 156
78 157
78 158
78 159
78 160
78 161
78 162
78 163
78 164
78 165
78 166
78 167
78 168
78 169
78 170
78 171
78 172
78 173
78 174
78 175
78 176
78 177
78 178
