100 500000
1 2 -48823 68
1 3 98956 -462
2 4 -51463 -945
3 5 53539 313
3 6 94739 -775
1 7 -36441 -971
5 8 62587 867
1 9 -30309 -34
5 10 -50687 -282
5 11 77863 249
1 12 99622 340
8 13 -25306 -759
8 14 -98573 -652
10 15 9240 494
14 16 4435 437
6 17 -78157 629
7 18 -994 -407
4 19 34591 337
1 20 -56607 -570
18 21 87229 -583
7 22 -49973 -242
15 23 88648 -933
13 24 93758 -941
7 25 83359 -418
9 26 54035 -585
14 27 97198 -75
5 28 97877 -458
3 29 36312 -24
26 30 -46876 34
3 31 -17092 791
13 32 -26655 377
23 33 12358 -727
33 34 -34437 -736
20 35 -65647 488
24 36 -85163 113
11 37 -97142 321
17 38 -38357 394
15 39 -2536 50
7 40 -33658 602
33 41 -16717 -836
38 42 71787 995
20 43 -64540 798
5 44 -95555 537
31 45 69602 -689
16 46 1205 -241
23 47 -71214 -150
42 48 32529 -694
32 49 16864 -183
43 50 -64120 -312
36 51 70514 -172
42 52 -90593 823
9 53 -66886 -615
21 54 -9004 -647
29 55 26034 426
49 56 6343 164
30 57 7401 200
40 58 43679 -896
49 59 83018 -321
30 60 -60009 530
37 61 53646 -834
5 62 -30096 970
54 63 -69934 244
22 64 -81760 554
8 65 44371 -516
36 66 -94611 -112
53 67 -75361 -940
63 68 -70492 122
25 69 29733 233
66 70 -76977 -369
32 71 -49629 -836
10 72 14462 -113
63 73 94537 869
8 74 -82631 -160
67 75 76304 845
37 76 29821 333
76 77 84693 -754
77 78 27909 867
52 79 50171 345
62 80 28996 999
55 81 98934 -231
7 82 -5423 -670
43 83 19476 177
66 84 -2801 -75
18 85 19434 -229
82 86 -54301 -792
21 87 89507 -353
86 88 -48310 115
19 89 -38054 955
28 90 -25692 451
4 91 -57606 -473
5 92 -36953 -179
5 93 -86575 -658
90 94 -93261 142
40 95 54799 92
86 96 -96790 -779
21 97 45026 -511
84 98 92835 -780
28 99 -22691 -867
43 100 51418 922
