77 100 1000 76
1 14 1
14 8 3
8 39 2
39 25 2
39 14 5
1 51 3
51 70 3
70 18 2
18 37 2
18 56 4
56 70 4
51 10 5
10 5 4
5 23 2
23 38 2
38 5 4
38 65 4
65 7 5
7 50 4
50 44 2
44 9 2
44 4 1
4 58 5
58 44 4
44 27 3
27 57 4
57 50 2
65 15 2
15 38 3
10 3 4
3 52 1
52 6 5
52 54 3
54 30 1
54 33 5
33 26 4
26 54 2
54 11 2
11 52 1
3 31 4
31 42 2
42 40 5
40 16 3
16 43 5
43 28 3
28 48 5
48 60 4
60 47 2
47 61 3
47 48 2
48 76 4
76 28 5
16 67 2
67 21 1
21 29 5
29 67 1
29 12 5
12 46 2
12 55 5
55 19 2
19 63 3
19 12 5
12 22 4
22 29 1
16 17 2
17 64 5
64 49 3
49 17 4
17 59 4
59 16 5
40 74 2
74 24 1
24 20 3
20 35 4
20 73 1
73 53 2
53 20 1
20 34 3
34 24 1
74 66 1
66 69 3
69 62 2
62 68 3
68 2 2
2 13 5
13 72 4
72 36 4
36 2 2
2 69 5
2 41 1
41 71 5
71 2 3
66 77 3
77 40 1
40 32 1
32 31 5
3 75 5
75 45 3
45 3 1
10 1 1
2
3
4
5
6
7
8
9
10
11
12
13
14
15
16
17
18
19
20
21
22
23
24
25
26
27
28
29
30
31
32
33
34
35
36
37
38
39
40
41
42
43
44
45
46
47
48
49
50
51
52
53
54
55
56
57
58
59
60
61
62
63
64
65
66
67
68
69
70
71
72
73
74
75
76
77