1000 1115 1518096156480 999
1 209 5
209 701 2
209 361 4
361 567 4
361 88 1
88 63 4
88 667 5
667 150 5
150 346 1
346 190 2
150 19 4
19 674 1
19 699 4
699 289 2
289 430 5
289 3 1
3 543 1
289 578 3
578 131 3
131 488 3
131 703 2
131 246 3
246 138 2
246 805 3
805 839 1
131 887 1
887 707 4
707 993 2
887 591 5
591 687 2
687 141 5
687 617 3
687 315 3
315 163 1
315 657 5
315 669 2
669 840 1
840 206 5
840 985 5
985 161 2
840 423 1
423 123 2
123 628 1
123 975 4
975 467 2
975 151 2
151 964 4
964 238 4
964 483 5
483 876 4
876 653 2
653 371 1
653 429 1
429 53 4
653 108 5
108 324 2
108 352 3
352 974 1
352 653 3
653 237 2
237 356 1
237 516 3
516 637 5
237 770 2
770 969 1
770 947 1
947 70 5
947 271 2
271 473 2
473 586 5
586 708 5
708 362 2
708 422 1
422 802 3
422 271 3
271 518 4
518 781 3
518 262 2
262 947 4
947 290 5
290 119 4
119 401 2
401 354 5
401 212 5
401 770 1
770 411 5
411 945 2
411 677 3
677 795 4
677 385 2
677 864 1
864 898 2
864 229 1
864 770 4
770 653 1
653 137 2
137 292 1
137 164 2
164 339 4
339 481 5
481 1000 1
1000 906 5
906 885 3
885 481 4
481 137 2
137 646 5
646 936 1
936 758 1
936 137 5
137 513 3
513 923 3
923 104 1
104 636 4
636 754 5
754 653 1
653 968 1
968 564 2
564 370 4
370 496 1
370 560 3
560 386 1
386 349 2
560 442 1
442 772 1
772 529 2
772 774 4
774 889 2
889 382 2
889 853 2
853 460 4
853 799 5
853 442 1
442 370 1
370 397 5
397 584 5
397 653 1
653 151 5
151 863 4
863 91 2
863 828 1
828 123 4
123 908 4
908 489 1
489 938 3
489 739 3
489 762 1
762 56 4
56 149 5
149 170 1
149 159 5
56 827 1
827 717 5
717 298 5
717 485 1
485 827 4
827 489 1
489 261 5
261 766 4
766 144 5
766 613 3
613 688 5
613 142 4
142 999 4
613 642 5
642 507 1
507 990 3
990 893 1
507 538 1
507 613 5
613 535 3
535 490 5
535 345 3
345 766 2
766 843 2
843 223 2
223 634 3
634 453 2
453 576 5
453 583 5
223 912 5
912 877 5
877 834 1
877 310 1
310 169 4
310 757 5
757 590 1
757 790 1
757 156 5
156 714 5
714 829 5
829 748 1
714 593 4
593 86 4
714 183 2
183 579 3
579 396 4
396 353 3
396 623 4
623 145 3
623 763 1
763 183 1
183 156 3
156 873 2
873 41 4
41 757 5
757 877 4
877 930 2
930 112 3
930 18 3
930 443 3
443 93 3
443 464 5
464 404 5
464 499 4
499 171 4
499 857 3
499 114 2
499 395 3
395 316 3
316 652 4
652 109 2
109 205 1
205 779 4
109 812 1
812 191 5
191 498 3
109 379 2
379 316 5
316 268 4
268 395 3
395 464 4
464 301 2
301 469 3
301 443 5
443 223 1
223 472 5
472 541 5
541 937 3
472 766 4
766 942 2
942 174 3
174 260 3
260 627 5
260 72 4
72 683 4
683 410 1
72 334 2
334 602 2
334 375 3
375 671 5
375 624 4
375 740 2
740 72 3
72 115 3
115 672 5
115 903 5
903 847 2
903 68 2
68 126 1
126 673 3
673 789 5
673 38 4
126 67 4
67 949 1
949 68 3
68 254 1
254 565 3
254 425 1
425 903 4
903 260 4
260 320 1
320 973 1
320 601 4
601 943 1
320 210 4
210 782 1
210 922 5
922 765 1
765 245 4
245 381 4
381 97 4
97 269 2
269 448 2
97 765 4
765 210 4
210 980 2
980 347 1
980 894 3
894 85 5
894 372 3
894 260 2
260 621 1
621 508 5
621 174 2
174 368 5
368 542 3
368 180 3
180 792 4
792 796 1
796 139 3
796 295 5
796 196 4
196 792 5
792 368 2
368 983 5
983 275 4
983 710 1
710 368 5
368 678 5
678 129 5
129 368 3
368 766 4
766 123 2
123 698 3
698 465 5
465 816 3
816 153 5
153 927 1
153 654 2
654 580 4
654 276 5
654 283 1
283 55 4
55 778 4
778 844 2
844 871 1
871 835 5
835 914 5
835 152 5
152 393 4
152 441 1
441 599 4
441 445 5
445 820 1
820 75 5
75 528 3
528 838 3
838 409 1
838 418 4
418 716 1
716 188 5
716 135 5
135 204 5
135 265 3
265 901 4
265 607 5
607 194 3
265 875 5
875 235 2
235 219 3
219 759 1
219 797 3
219 854 2
854 505 3
854 227 4
227 73 5
73 895 4
73 746 3
73 604 5
604 605 3
605 365 3
365 17 2
365 143 5
605 713 4
713 791 5
791 336 1
791 884 4
884 160 1
791 335 5
791 355 3
355 749 1
749 679 4
355 900 5
900 600 5
600 111 4
111 794 2
900 461 2
461 563 1
563 40 1
40 314 2
40 214 1
40 323 5
323 208 5
208 655 1
208 433 4
433 477 2
208 30 1
30 176 2
176 944 2
944 780 5
944 684 1
684 376 4
684 928 4
928 22 3
22 383 1
928 897 3
897 121 2
121 915 2
915 821 3
915 405 4
405 82 1
82 427 3
427 31 1
31 589 2
31 830 1
830 244 4
244 855 3
855 318 5
244 31 5
31 82 4
82 931 2
931 407 3
407 582 4
407 977 4
977 668 5
977 768 4
768 232 5
232 124 1
232 715 3
232 640 4
640 545 5
545 666 2
666 934 2
666 117 1
666 360 2
360 166 4
166 849 3
849 984 3
166 232 4
232 977 4
977 402 2
402 369 3
402 846 1
846 808 5
808 606 4
808 813 3
813 846 1
846 704 4
704 977 4
977 742 5
742 727 5
742 407 3
407 440 1
440 970 2
440 475 3
475 558 4
440 825 1
825 407 4
407 82 3
82 6 3
6 101 1
101 697 5
101 800 5
101 42 2
42 294 5
42 729 5
729 267 3
729 337 5
337 42 4
42 997 1
997 203 3
203 556 1
203 6 4
6 540 5
540 946 1
946 539 1
540 125 3
125 168 3
125 213 4
213 540 1
540 82 5
82 939 4
939 46 3
939 506 5
506 932 2
506 493 4
506 920 5
920 861 4
920 515 1
515 917 5
515 720 4
515 919 5
919 329 2
329 823 1
329 826 5
826 454 2
826 951 1
951 480 3
480 287 3
287 630 3
630 804 1
804 437 5
437 883 5
437 566 3
566 536 3
536 249 2
437 643 1
643 547 4
547 982 1
982 665 1
665 611 4
611 192 3
192 786 3
786 517 1
611 832 4
832 575 1
575 451 2
575 92 1
92 880 3
575 178 2
178 690 1
575 387 3
387 741 4
741 886 5
886 555 4
741 706 5
706 685 2
706 639 4
706 202 3
706 419 5
419 962 5
962 189 2
189 282 1
962 712 5
962 544 5
544 700 3
419 181 4
181 438 5
181 935 5
935 12 1
935 27 2
27 726 3
27 308 1
308 860 4
860 274 3
274 810 4
274 89 4
89 725 2
725 522 5
522 989 4
522 976 2
522 358 3
522 509 3
89 428 4
428 941 1
941 33 3
428 550 1
550 296 5
296 879 5
550 277 4
428 940 4
940 89 3
89 359 1
359 293 4
293 8 1
293 511 5
511 661 2
661 359 1
359 787 3
787 24 5
787 36 5
36 658 4
36 133 4
133 373 4
373 787 3
787 449 1
449 98 2
98 736 5
736 833 4
833 850 3
736 471 3
471 128 5
471 98 2
98 787 5
787 89 2
89 127 2
127 622 1
622 158 1
622 596 4
127 731 2
731 848 5
731 79 2
79 986 5
986 424 4
79 102 5
79 817 1
817 921 4
921 744 3
744 118 2
118 37 3
37 76 1
76 809 2
76 532 2
532 967 5
76 84 4
84 577 5
84 321 4
321 281 5
321 933 4
84 603 4
603 872 3
872 950 3
872 26 5
872 686 3
686 608 3
608 251 5
251 632 3
251 911 3
911 256 5
256 106 3
256 918 2
918 167 5
918 512 3
512 521 2
521 635 4
521 426 2
426 696 4
426 13 5
13 65 1
65 776 4
13 723 4
13 957 5
957 193 3
193 13 4
13 512 4
512 775 5
775 224 2
775 526 3
526 616 5
526 571 4
571 221 2
221 367 3
221 51 2
51 264 2
51 743 5
743 432 1
432 377 1
377 784 1
784 175 4
784 357 5
357 793 5
377 162 5
162 662 2
662 631 4
662 200 4
200 910 3
910 436 5
910 10 1
10 902 4
910 735 3
735 120 3
120 388 5
735 25 2
25 926 4
25 691 1
691 645 4
645 514 4
645 728 4
728 69 5
728 82 5
82 692 3
692 240 2
692 457 1
457 870 1
870 272 3
870 587 1
870 487 1
487 929 2
929 474 2
929 619 2
619 459 3
459 581 3
581 273 2
273 105 5
273 462 1
462 818 4
818 979 5
979 525 3
525 364 3
364 824 2
364 199 5
199 225 1
199 913 3
913 7 5
7 90 1
90 497 5
497 60 4
60 374 2
374 486 3
60 392 1
392 332 5
392 497 1
497 966 5
966 90 3
90 773 3
773 660 3
660 340 3
340 313 4
313 612 3
612 233 4
233 340 1
313 406 2
406 531 5
406 444 3
444 693 1
693 416 5
416 502 5
502 231 4
231 484 2
484 288 2
484 21 4
21 888 2
888 378 4
378 981 5
981 533 1
533 971 1
971 831 4
971 888 5
888 676 2
676 484 1
231 416 3
693 348 4
444 568 1
568 313 5
773 626 5
626 614 5
614 773 3
773 230 2
230 136 5
136 609 5
609 81 5
81 858 2
609 330 2
330 198 2
198 557 2
557 330 1
330 598 1
598 48 5
598 147 3
598 569 3
569 415 4
415 431 5
431 598 5
598 207 2
207 330 1
598 317 2
317 307 4
307 721 4
721 394 5
394 503 3
503 916 1
916 659 2
659 695 2
503 620 2
620 303 3
303 15 3
15 670 2
670 955 4
15 201 5
15 380 1
15 594 1
594 239 5
594 303 5
594 226 3
226 83 4
83 874 2
874 11 3
874 435 5
435 284 3
435 211 3
874 226 4
226 745 3
745 390 5
390 217 2
217 399 5
217 618 1
618 856 1
856 154 4
154 185 4
154 891 5
856 390 5
390 561 1
561 226 1
226 761 4
761 113 5
113 216 4
113 753 1
753 218 5
218 867 4
867 656 1
218 570 5
218 57 2
57 788 5
57 785 5
785 675 4
675 242 2
57 113 4
113 594 2
113 35 3
35 391 5
391 905 3
905 113 3
620 20 2
20 978 4
978 241 3
241 881 3
978 663 5
663 146 1
978 866 5
866 963 3
963 767 1
767 694 4
767 978 5
978 187 4
187 959 2
187 400 4
400 806 4
187 341 4
341 732 4
341 62 3
341 363 4
341 978 1
978 343 1
343 4 1
4 439 1
343 319 4
319 680 3
680 890 1
319 650 2
650 958 1
650 752 2
650 648 4
319 719 5
319 520 1
520 647 4
520 100 1
100 319 1
319 899 4
899 110 3
899 548 2
548 319 2
319 978 1
319 530 2
530 815 5
530 504 5
504 252 3
530 434 5
434 319 1
319 862 3
862 155 3
862 466 2
466 107 2
466 801 2
801 585 2
585 956 3
956 165 4
956 801 2
801 319 4
466 456 5
456 882 2
882 783 3
882 845 5
845 266 4
266 501 4
501 734 4
266 527 5
527 447 1
527 845 1
845 456 5
456 278 4
278 865 3
278 215 4
278 247 4
247 326 5
247 228 4
247 551 4
551 892 3
892 122 5
122 408 5
408 733 1
733 222 5
733 247 4
247 257 2
257 47 5
47 304 3
304 278 3
278 466 1
20 186 4
186 197 3
186 503 4
394 80 3
80 250 4
80 904 3
80 961 3
961 77 3
394 307 3
307 598 4
598 403 4
403 756 1
403 99 2
99 598 2
99 664 1
664 280 2
280 312 3
312 446 3
312 61 4
61 280 3
280 130 2
130 248 5
130 644 2
644 280 5
280 99 3
230 907 4
907 291 1
230 90 2
913 285 1
285 305 1
305 913 3
913 807 4
807 525 2
818 649 5
818 259 2
259 992 1
818 615 3
615 751 1
751 297 4
297 709 4
709 896 1
297 279 1
279 157 3
279 148 3
148 16 2
16 342 4
16 32 5
148 960 4
960 327 1
327 878 2
878 972 2
878 682 1
682 243 4
682 309 3
682 952 1
952 328 5
682 54 3
54 5 3
5 953 1
953 458 5
54 814 1
814 463 1
463 421 3
421 478 4
478 574 5
574 23 4
574 724 5
478 702 1
478 172 4
172 842 4
172 537 4
537 747 5
747 510 3
510 987 3
510 924 5
924 747 2
747 868 1
868 909 3
868 182 5
182 123 3
123 64 1
64 991 3
991 718 3
718 852 3
852 711 4
711 220 5
711 87 3
87 925 5
87 384 3
384 28 2
28 798 1
28 95 5
95 132 5
95 302 4
302 803 4
803 49 5
803 755 1
755 819 4
803 389 5
389 524 3
803 414 4
414 552 3
552 730 2
730 420 4
420 764 4
764 468 4
764 286 2
286 103 3
103 722 2
722 519 2
103 595 3
595 494 5
494 995 3
595 300 2
300 996 1
595 554 4
554 771 1
554 455 5
455 750 5
750 78 5
750 534 4
534 236 1
534 573 1
573 836 4
534 500 4
500 572 5
572 71 4
572 452 1
452 50 5
50 491 4
491 45 1
45 398 1
398 366 3
398 344 1
344 325 1
325 253 5
253 333 1
333 263 4
333 859 4
859 546 4
859 325 5
325 412 5
412 39 5
412 2 3
412 994 2
994 344 5
344 492 2
492 948 4
492 760 2
760 195 3
195 523 5
523 869 2
523 492 5
492 965 1
965 270 5
965 837 2
965 588 5
588 94 2
94 965 3
965 344 5
344 116 2
116 417 2
417 14 2
14 562 2
562 134 2
14 344 1
344 45 4
45 96 5
96 559 5
96 58 3
58 177 5
58 592 4
592 338 3
592 629 4
629 479 2
479 184 3
629 633 1
633 331 1
629 255 1
255 777 5
777 44 4
44 737 3
737 322 4
255 350 3
350 311 3
311 351 5
351 179 2
179 52 1
52 769 5
769 851 4
851 482 4
482 705 5
769 553 4
553 140 5
553 638 4
638 998 4
998 681 5
553 625 4
625 597 3
597 29 5
597 841 5
841 413 5
413 470 4
841 988 4
597 476 1
476 811 5
811 495 1
495 651 4
651 66 2
651 954 3
651 34 2
34 173 3
173 306 1
306 549 3
173 9 3
9 234 2
9 258 5
258 299 4
299 59 4
258 43 3
43 450 5
450 641 1
641 610 3
641 74 5
74 689 1
689 822 2
822 738 4
738 209 2
2
3
4
5
6
7
8
9
10
11
12
13
14
15
16
17
18
19
20
21
22
23
24
25
26
27
28
29
30
31
32
33
34
35
36
37
38
39
40
41
42
43
44
45
46
47
48
49
50
51
52
53
54
55
56
57
58
59
60
61
62
63
64
65
66
67
68
69
70
71
72
73
74
75
76
77
78
79
80
81
82
83
84
85
86
87
88
89
90
91
92
93
94
95
96
97
98
99
100
101
102
103
104
105
106
107
108
109
110
111
112
113
114
115
116
117
118
119
120
121
122
123
124
125
126
127
128
129
130
131
132
133
134
135
136
137
138
139
140
141
142
143
144
145
146
147
148
149
150
151
152
153
154
155
156
157
158
159
160
161
162
163
164
165
166
167
168
169
170
171
172
173
174
175
176
177
178
179
180
181
182
183
184
185
186
187
188
189
190
191
192
193
194
195
196
197
198
199
200
201
202
203
204
205
206
207
208
209
210
211
212
213
214
215
216
217
218
219
220
221
222
223
224
225
226
227
228
229
230
231
232
233
234
235
236
237
238
239
240
241
242
243
244
245
246
247
248
249
250
251
252
253
254
255
256
257
258
259
260
261
262
263
264
265
266
267
268
269
270
271
272
273
274
275
276
277
278
279
280
281
282
283
284
285
286
287
288
289
290
291
292
293
294
295
296
297
298
299
300
301
302
303
304
305
306
307
308
309
310
311
312
313
314
315
316
317
318
319
320
321
322
323
324
325
326
327
328
329
330
331
332
333
334
335
336
337
338
339
340
341
342
343
344
345
346
347
348
349
350
351
352
353
354
355
356
357
358
359
360
361
362
363
364
365
366
367
368
369
370
371
372
373
374
375
376
377
378
379
380
381
382
383
384
385
386
387
388
389
390
391
392
393
394
395
396
397
398
399
400
401
402
403
404
405
406
407
408
409
410
411
412
413
414
415
416
417
418
419
420
421
422
423
424
425
426
427
428
429
430
431
432
433
434
435
436
437
438
439
440
441
442
443
444
445
446
447
448
449
450
451
452
453
454
455
456
457
458
459
460
461
462
463
464
465
466
467
468
469
470
471
472
473
474
475
476
477
478
479
480
481
482
483
484
485
486
487
488
489
490
491
492
493
494
495
496
497
498
499
500
501
502
503
504
505
506
507
508
509
510
511
512
513
514
515
516
517
518
519
520
521
522
523
524
525
526
527
528
529
530
531
532
533
534
535
536
537
538
539
540
541
542
543
544
545
546
547
548
549
550
551
552
553
554
555
556
557
558
559
560
561
562
563
564
565
566
567
568
569
570
571
572
573
574
575
576
577
578
579
580
581
582
583
584
585
586
587
588
589
590
591
592
593
594
595
596
597
598
599
600
601
602
603
604
605
606
607
608
609
610
611
612
613
614
615
616
617
618
619
620
621
622
623
624
625
626
627
628
629
630
631
632
633
634
635
636
637
638
639
640
641
642
643
644
645
646
647
648
649
650
651
652
653
654
655
656
657
658
659
660
661
662
663
664
665
666
667
668
669
670
671
672
673
674
675
676
677
678
679
680
681
682
683
684
685
686
687
688
689
690
691
692
693
694
695
696
697
698
699
700
701
702
703
704
705
706
707
708
709
710
711
712
713
714
715
716
717
718
719
720
721
722
723
724
725
726
727
728
729
730
731
732
733
734
735
736
737
738
739
740
741
742
743
744
745
746
747
748
749
750
751
752
753
754
755
756
757
758
759
760
761
762
763
764
765
766
767
768
769
770
771
772
773
774
775
776
777
778
779
780
781
782
783
784
785
786
787
788
789
790
791
792
793
794
795
796
797
798
799
800
801
802
803
804
805
806
807
808
809
810
811
812
813
814
815
816
817
818
819
820
821
822
823
824
825
826
827
828
829
830
831
832
833
834
835
836
837
838
839
840
841
842
843
844
845
846
847
848
849
850
851
852
853
854
855
856
857
858
859
860
861
862
863
864
865
866
867
868
869
870
871
872
873
874
875
876
877
878
879
880
881
882
883
884
885
886
887
888
889
890
891
892
893
894
895
896
897
898
899
900
901
902
903
904
905
906
907
908
909
910
911
912
913
914
915
916
917
918
919
920
921
922
923
924
925
926
927
928
929
930
931
932
933
934
935
936
937
938
939
940
941
942
943
944
945
946
947
948
949
950
951
952
953
954
955
956
957
958
959
960
961
962
963
964
965
966
967
968
969
970
971
972
973
974
975
976
977
978
979
980
981
982
983
984
985
986
987
988
989
990
991
992
993
994
995
996
997
998
999
1000
