18 356 
53187877 516951395 393121266 326957938 186562928 442172786 499853627 742207952 945447140 948910036 558811492 586612517 643680388 439557531 986891867 220457853 1750273 
111158347 718406763 156199166 683372369 760465796 613391946 171617690 853562773 2136161 658418864 435720715 550746904 639520168 984493366 443640066 915245736 639217122 182165578 
670435918 855325017 530327845 989196898 31201407 166949524 931909481 442629484 780030982 330098060 319610747 170173046 989592819 43576617 473021096 883377328 868285660 
16 4 591572631 
15 9 488239789 
17 11 379876129 
8 15 600420513 
16 4 798379714 
12 1 637423944 
13 10 596125896 
10 9 937090194 
8 10 275923386 
4 7 870357374 
7 4 831178683 
8 11 876023170 
9 7 308514692 
1 6 899495163 
10 2 96967924 
9 2 76104778 
1 5 706352903 
14 13 338340297 
10 6 738726971 
15 4 484882748 
14 4 382188556 
10 12 349373769 
13 12 879972329 
2 4 330707033 
9 5 392379014 
1 9 235711878 
7 8 674404899 
1 3 43659247 
7 1 760341874 
15 11 450382600 
12 2 371948650 
10 4 232520767 
8 2 55897201 
9 13 130715161 
9 6 963141712 
6 10 303243872 
13 1 2995566 
16 12 861494117 
2 16 461584015 
9 2 948833765 
16 9 92471368 
14 2 691195618 
4 2 665498192 
11 15 170629334 
17 13 936644470 
4 1 948610365 
11 7 943218708 
9 16 321744155 
10 14 514396052 
2 10 369027259 
7 3 455602553 
11 2 769029194 
16 9 840139400 
4 1 235379886 
2 16 462840582 
13 12 489554880 
12 11 194120446 
1 7 454401607 
11 9 427977919 
9 3 165963099 
4 7 130402020 
6 6 771672338 
3 6 211017255 
16 10 12437305 
3 8 268830506 
3 11 25422690 
8 7 794558215 
13 9 115838692 
1 1 768740954 
12 3 340885481 
16 17 42832276 
9 3 466779316 
8 12 692450399 
8 13 194226278 
15 4 542088535 
1 16 878267178 
9 11 307525195 
3 6 322791712 
2 14 29619174 
16 9 488293335 
10 8 842560654 
10 8 914425255 
1 11 506609695 
3 11 556901143 
14 1 939699323 
15 15 656765560 
5 10 177184375 
4 17 948734678 
7 3 457915584 
7 3 730798317 
1 17 693731049 
16 8 793547441 
8 1 777127093 
2 13 917265972 
10 5 901252248 
2 16 199679588 
12 8 254807633 
6 3 653042164 
5 15 461080208 
16 7 506022754 
13 2 618105264 
8 16 411533552 
8 4 330834393 
6 11 685909369 
12 7 823028980 
10 13 948603235 
9 5 64324015 
10 5 524387167 
1 3 303703658 
17 9 805515081 
6 2 295754810 
15 5 188308897 
13 16 807101184 
13 3 515487235 
15 11 992332996 
4 15 741015731 
16 11 870180410 
5 3 685987775 
14 16 966844164 
10 11 617178891 
2 12 351241393 
10 17 694316495 
16 15 396603592 
2 12 537919420 
9 9 891403930 
11 1 408519920 
9 8 361451136 
11 4 136272729 
13 12 654963765 
9 5 244283780 
16 17 908380105 
8 2 409300973 
12 10 251288613 
9 5 625828481 
11 12 420884287 
6 15 987259602 
5 9 671564171 
13 15 71532327 
17 10 227251472 
8 3 997152337 
2 17 713843978 
10 6 995620049 
8 3 593803749 
4 12 436334147 
5 9 375425088 
4 3 570231273 
14 15 385685011 
2 12 478227601 
13 5 488823523 
12 14 39370130 
6 8 982989378 
8 13 627700934 
17 12 58046128 
15 9 693266142 
9 12 971618167 
8 11 385646688 
4 13 968366584 
13 6 989888280 
1 16 551598254 
14 17 101072760 
2 16 816213724 
10 15 988618740 
15 2 703715550 
12 9 101494178 
4 6 907601312 
4 3 795699322 
14 8 283825260 
7 6 218768403 
8 3 34592971 
12 16 455417683 
8 14 625900871 
14 12 125813526 
2 6 394989103 
12 3 16046356 
16 8 427876331 
7 8 596425524 
8 15 470846854 
2 1 849185039 
1 12 356237598 
15 6 396273769 
15 7 679013199 
1 3 432489407 
1 9 307121087 
3 14 829225075 
7 4 449626219 
14 11 584524161 
12 7 697029113 
10 16 195892148 
5 9 452657951 
10 9 923629638 
14 16 692585978 
13 17 945366905 
17 16 696641807 
12 16 138328813 
16 12 555708877 
15 15 736013019 
11 14 910246150 
12 4 745287207 
15 8 47048926 
17 13 662606265 
8 5 8335973 
11 6 105320603 
17 17 660984162 
2 15 982405754 
7 6 247344464 
2 11 775957087 
8 10 497609422 
14 15 793810022 
2 1 340880832 
15 6 222229978 
7 6 984923443 
1 3 294994774 
16 11 842791123 
6 17 765546925 
3 10 428625236 
14 6 911970728 
14 8 180545473 
14 16 191026263 
12 1 10201564 
9 10 859577692 
1 5 791501308 
15 14 299670482 
2 9 191786840 
2 15 308769113 
1 14 41212365 
13 13 435691684 
12 14 70569408 
6 11 98126810 
9 7 21589749 
3 11 482634053 
2 2 519994442 
10 5 751729731 
4 15 591402638 
8 17 397537052 
15 10 665445107 
11 7 897052798 
11 10 220420247 
13 13 163047865 
12 3 665307196 
10 17 822996515 
2 9 145709421 
16 12 651894621 
7 1 269038585 
17 2 846465803 
3 5 997238197 
9 10 234301095 
10 3 330508748 
9 7 508281669 
16 3 917816112 
8 2 945588993 
7 1 55769290 
14 10 358174380 
6 8 377780442 
9 2 57123493 
11 1 687373772 
6 5 3294975 
9 5 565961317 
2 15 916525725 
9 2 619302660 
3 13 328060771 
11 4 597380511 
2 15 970040132 
11 13 288983583 
11 7 709298686 
1 5 904368243 
1 11 594070274 
13 14 23103376 
3 6 455363856 
17 17 837386876 
7 15 698441627 
10 12 712384230 
8 5 3021050 
11 1 64399905 
1 10 288456704 
10 1 508492526 
6 2 263211897 
2 15 240385566 
5 1 197518062 
5 11 425136443 
6 13 905062454 
5 15 368641608 
10 10 826870423 
4 14 340307965 
17 6 380785144 
17 3 355900828 
1 16 798404196 
3 13 693949279 
7 9 283886419 
9 11 923392796 
7 1 444421379 
4 8 826419535 
11 1 139296242 
3 16 779703114 
11 9 333246288 
5 4 774876430 
8 6 420719022 
10 11 419640205 
3 7 233856069 
4 11 224638440 
11 17 334638824 
1 17 255780222 
11 5 302973840 
15 1 19052687 
5 13 2609919 
7 1 422711236 
13 17 71644077 
3 14 139445155 
6 16 976995307 
11 14 800225691 
17 6 139068120 
12 3 861291095 
9 5 414749013 
17 5 431328553 
16 1 490466489 
14 14 795370925 
7 17 3772993 
1 9 688547901 
12 14 302101297 
9 7 696676501 
13 5 362216362 
9 8 156848057 
12 3 116833250 
12 13 389142416 
14 15 485871399 
4 10 477094458 
9 17 509449691 
1 8 293040042 
10 4 348680355 
10 4 10010632 
7 1 724349380 
15 1 348663430 
15 5 987818195 
10 13 456159258 
1 9 370343614 
9 4 889200180 
16 17 458833392 
12 1 701688533 
5 16 221968467 
6 6 272728126 
9 7 849041516 
10 14 857818148 
15 12 374257160 
7 13 286216622 
10 3 944095075 
11 11 158623672 
12 15 58443415 
11 14 179370522 
1 17 61645962 
14 11 731475801 
10 10 355081251 
12 3 720645891 
16 7 481693557 
5 10 716108247 
12 15 312216534 
13 13 346962845 
8 13 473739393 
