18 16 
859643255 461138252 753627131 698582978 278387011 587523128 827645053 911126949 902638547 838047261 899138874 941585836 310914958 152275196 523594187 657895918 499606132 
263377691 736378908 495756368 549004694 150707332 60431889 591178505 888110955 149629773 450517868 258271862 201095696 216207082 64548809 806106997 133408059 542773229 616234285 
72207747 452203208 688034319 18197064 987401124 784046641 297671256 172839387 813997754 741294148 599121861 943982997 100474160 591675115 947599353 223845580 269394667 
8 15 295204958 
8 14 474397710 
15 10 80363494 
11 10 565524283 
17 4 904924168 
2 8 182123773 
16 15 8754150 
15 6 259161558 
11 9 128620682 
15 4 919569003 
14 2 342634413 
10 12 747201589 
8 7 858250754 
3 4 328685686 
16 3 646513401 
9 10 982409320 
