18 933 
211827479 517354377 549840887 421370750 428586301 702913917 359685230 562680204 447551560 196297776 449095758 492881258 795867736 90028133 469637478 719762804 117731176 
547525903 746781734 799662319 216099128 496753800 374675249 987817191 350884463 250552431 814748123 716773781 860678587 529948020 947191227 172037019 62739719 1815145 272215963 
462081391 863349844 896169662 54757394 735415827 860457832 966978159 301661537 31804519 151531366 758237668 10648983 693419598 294449292 889265073 393724926 304201439 
15 8 939374144 
3 6 584060486 
8 12 332966258 
11 6 373194156 
3 5 154349804 
1 6 221003300 
1 13 172386450 
15 16 491257161 
7 12 858290890 
4 17 381967100 
15 11 403212359 
11 7 634706247 
2 12 551973193 
2 1 33469119 
16 17 873610053 
11 17 469352847 
9 1 669096125 
5 2 180309758 
15 2 395215213 
10 9 378801281 
15 15 690770546 
4 17 460169845 
8 4 237447733 
9 7 105816281 
2 9 221978098 
16 12 342113953 
9 9 173005203 
5 1 823475832 
5 13 756866915 
1 6 52578237 
5 2 506171845 
3 4 107360589 
4 8 15940043 
13 2 669509749 
3 13 729072899 
10 2 482446116 
2 1 201839748 
3 2 613462371 
3 6 419040312 
4 16 219232493 
14 14 577173306 
6 14 972778548 
13 17 139657682 
7 16 541168362 
11 15 2093902 
2 9 329936833 
10 7 693415077 
15 10 998553238 
2 15 825611425 
1 11 257882032 
5 11 851493718 
7 6 984238883 
8 6 804894903 
17 15 443744907 
14 8 996580754 
9 9 303619611 
11 1 889856767 
10 4 93595564 
10 6 202537655 
12 12 504624195 
1 7 758162923 
12 5 839358930 
10 3 625057495 
12 7 694757674 
11 4 502164814 
14 1 39546033 
17 12 878714194 
14 17 187553126 
12 5 418243610 
12 12 909553548 
9 10 63186847 
15 12 150420407 
11 15 697984338 
17 17 34747149 
6 11 260203981 
15 3 327361918 
16 4 471593689 
1 4 338883077 
13 10 658298015 
4 10 88469577 
2 5 472384289 
15 6 916839838 
4 8 232613151 
2 13 401338797 
9 12 734555483 
1 4 495518648 
12 8 988261177 
8 13 788535502 
10 7 810546034 
6 3 985206685 
2 14 682531031 
12 4 813180597 
1 15 115717215 
1 11 296474248 
15 9 511479618 
9 13 881713902 
4 7 952200814 
8 8 601136335 
14 7 519501165 
11 7 910939090 
10 1 862651456 
9 14 275286717 
1 5 745552567 
17 7 42617751 
3 8 855571268 
2 13 191987645 
8 10 563959748 
12 15 752197755 
3 3 661343108 
2 13 864532470 
17 1 622575410 
8 7 795570188 
10 5 679346031 
1 4 110497168 
17 17 110260998 
2 6 364435474 
2 9 647682229 
2 4 783715756 
9 11 450250719 
4 3 930597970 
2 8 842767584 
6 7 766144072 
2 7 190963880 
16 1 963667643 
11 15 795580928 
5 15 921194062 
5 9 145726964 
17 11 885187416 
15 8 314876286 
17 2 817665252 
9 7 92601452 
5 4 887850926 
10 4 702430235 
13 5 440405850 
7 15 390216270 
5 8 19351233 
10 6 614778952 
1 12 18954001 
7 4 687156591 
10 5 827097700 
3 10 805959466 
14 8 928668671 
12 16 300825662 
6 14 686297878 
1 10 656833805 
15 4 112116762 
2 12 298383454 
9 8 564625471 
1 4 916297245 
6 10 182286856 
12 11 667045975 
3 5 961198280 
2 15 986968163 
3 15 875941669 
14 10 354117740 
9 16 713816730 
16 8 929132006 
4 10 559045366 
13 2 357277673 
9 4 65088829 
15 4 210285229 
15 11 317046925 
14 5 631841134 
7 7 641813331 
2 2 575475682 
12 8 855101935 
5 9 511589664 
2 12 154734171 
12 1 35788014 
12 8 675546248 
12 9 683020111 
9 14 430974120 
14 10 409385439 
7 5 120973110 
16 16 45211083 
17 17 778221476 
8 9 630679552 
11 4 441413476 
5 14 480277381 
17 1 168252756 
15 3 979202215 
4 17 244005142 
1 13 425208044 
5 6 687446011 
5 17 290267281 
17 4 487604188 
9 4 855348557 
11 16 421024121 
9 6 326658217 
9 8 10314675 
16 14 54416340 
5 10 527731769 
4 16 231784189 
12 13 713841871 
17 15 632616685 
11 15 17901624 
8 13 416673673 
10 7 623546602 
8 5 781751223 
8 15 800713444 
3 2 571301178 
5 4 798309299 
14 14 278416027 
7 10 201117807 
11 12 726570041 
3 16 767640306 
15 8 324796677 
1 14 665095610 
16 17 146102126 
3 8 52891201 
17 16 751669267 
14 11 660947924 
1 17 876938491 
9 13 603753440 
2 3 234931886 
12 1 817654982 
12 2 505473494 
8 11 42435638 
9 3 105840900 
11 10 506309342 
7 4 501973087 
11 11 203371956 
10 14 326890747 
10 4 367820233 
8 16 250953531 
4 8 490975648 
9 2 49868773 
14 13 979969527 
3 17 681639204 
2 6 330318909 
1 9 868292870 
2 12 1940447 
2 4 312483812 
10 2 186387832 
14 3 93058002 
16 2 967279920 
14 5 750632873 
16 13 878851410 
1 11 764397828 
12 4 845989961 
4 13 94026833 
6 9 420610462 
6 2 2044925 
15 1 394762316 
15 10 12110825 
4 14 235468213 
5 1 674116216 
6 12 86699099 
13 14 595825815 
8 2 703378666 
7 13 303172294 
16 3 39938423 
13 12 391909029 
15 5 243255887 
3 15 533556865 
14 4 921097228 
2 10 519350286 
8 6 418558485 
15 2 528881016 
4 1 770520516 
8 6 96901888 
5 4 587566599 
10 15 523005379 
13 14 245149676 
9 9 1753474 
3 15 195721937 
9 14 72903177 
6 7 355392489 
1 13 802754489 
15 12 519484693 
12 7 686914241 
17 12 252583507 
14 8 91619282 
11 16 291687671 
9 4 398872409 
13 5 253973114 
17 11 141983245 
7 4 380849596 
11 17 247040792 
2 5 23158787 
8 15 590750991 
2 16 722124673 
2 11 301700019 
1 1 100540994 
5 1 188245674 
5 14 627281887 
15 17 412775900 
5 7 397269365 
13 1 810076369 
6 6 258098859 
7 2 291450249 
11 5 280136399 
5 15 16655183 
4 11 186446526 
7 10 124947315 
9 1 813798186 
6 14 432765546 
11 15 738152382 
12 10 11376810 
7 6 889594277 
4 5 226930534 
12 3 680232340 
15 11 875874867 
8 8 742277220 
16 3 184178498 
13 11 478916687 
4 4 666127600 
11 1 364866167 
3 4 800079414 
15 7 991173926 
6 3 909996450 
10 10 544645863 
12 15 227509787 
10 2 879394393 
17 2 42733133 
16 14 78528369 
17 8 601914597 
2 3 198429535 
9 7 691183365 
11 11 774746776 
9 14 921054399 
12 4 986513387 
6 7 565894930 
15 15 345847591 
17 4 51787141 
13 6 728679406 
10 16 194024613 
9 15 779154149 
3 17 707389463 
13 9 5635837 
4 9 646335463 
11 1 87828911 
5 8 564221193 
7 10 403651377 
12 5 969955730 
16 9 118669688 
9 11 678812295 
5 10 477924802 
5 13 553120471 
5 14 759231089 
7 11 689580932 
8 8 773705287 
7 1 244857738 
16 2 98368692 
5 3 144579884 
2 6 715430263 
7 14 400055674 
17 5 978903988 
2 17 444655520 
10 1 723898382 
17 1 829384417 
15 12 847140756 
11 1 992309029 
14 6 904609335 
10 8 574336794 
3 1 158669048 
2 11 438475275 
13 13 962075727 
5 7 703614429 
11 3 881045753 
12 8 983062236 
10 16 558716162 
15 4 42207360 
13 14 759767068 
4 7 621594108 
1 11 458572609 
8 5 387879204 
17 17 419344724 
1 17 817172441 
12 11 121154015 
7 10 441500632 
3 3 424162976 
5 1 495535229 
1 5 128802830 
7 12 573544814 
13 2 914933244 
6 8 649864475 
14 13 205011700 
17 2 56619437 
5 14 668598514 
9 10 921965938 
13 8 90422867 
5 2 793646543 
6 11 867266557 
10 6 596731622 
9 8 955564629 
16 3 98304025 
7 12 511235762 
11 9 533483047 
10 10 762670043 
1 9 430465201 
2 13 236160171 
12 6 797339599 
6 1 833932534 
1 16 569553839 
10 13 988868182 
8 10 168600887 
8 4 425927722 
6 1 465304734 
5 10 71771548 
16 14 438783959 
10 3 957224441 
1 17 348635648 
8 11 783566882 
2 15 330293212 
6 13 391031307 
10 2 231594580 
12 2 269044350 
13 17 953036936 
11 1 121408363 
16 9 865549293 
4 17 620797592 
5 12 474314529 
11 2 355700688 
2 16 620131388 
5 1 99407552 
10 12 328120610 
1 15 403929739 
15 4 735783820 
15 4 693179949 
3 14 3914928 
16 5 910350407 
4 15 741865959 
1 13 888455419 
4 17 265529100 
13 7 955085941 
2 5 996576245 
11 13 412010046 
15 14 262482515 
3 3 300642644 
9 10 119179084 
5 12 514623424 
1 11 410217519 
12 6 936871939 
2 3 853623465 
15 14 130391742 
15 4 286238412 
16 10 933268448 
17 10 958476116 
4 8 493502998 
17 4 301308552 
3 2 62553815 
13 12 144999154 
15 2 736245119 
9 16 268367361 
16 6 138166484 
15 12 821240336 
6 17 625495504 
14 12 793745249 
11 9 99916898 
4 5 770888387 
13 17 188010040 
12 12 747597341 
11 10 286369253 
11 16 696539175 
16 3 145417088 
17 11 119968875 
16 6 68423848 
13 7 331554016 
9 4 59915721 
9 3 251043345 
2 9 369709584 
14 11 107342699 
14 16 813093535 
8 4 548002258 
9 16 30727970 
5 5 444406317 
13 14 753069406 
14 14 257597422 
15 4 391991435 
15 8 40743296 
14 16 494303187 
12 3 263905928 
15 11 60060857 
17 11 535734270 
10 1 762670502 
10 10 395858835 
15 9 907024271 
5 8 602399594 
15 13 248416751 
7 4 129157408 
7 15 737269824 
12 16 135867919 
3 6 505536818 
13 12 399522515 
14 7 909130713 
6 7 816632409 
9 16 377884787 
10 9 199725672 
3 14 272701360 
4 8 243386772 
11 4 3928697 
15 15 837821187 
13 8 230957050 
16 16 889688819 
1 1 303996797 
5 8 525085942 
10 4 99587019 
15 17 601903343 
11 17 159210319 
1 15 412199450 
3 3 145724278 
6 6 536571667 
15 14 577574312 
11 16 961173813 
7 1 891470259 
4 1 818176007 
3 9 509069249 
5 12 724861567 
14 3 757700522 
14 1 690641646 
9 1 960513184 
4 9 988159224 
4 3 340506402 
7 8 12653802 
14 9 726214126 
15 10 815092916 
3 9 107512088 
13 5 36764251 
4 12 693111811 
9 14 131499035 
7 15 529525006 
12 7 396089596 
2 12 234300730 
3 10 300332940 
8 2 941296341 
15 14 164920521 
10 3 736004465 
2 7 692748592 
3 2 903747976 
8 6 627738177 
10 5 625794628 
5 11 90391487 
17 10 737138822 
6 13 941554480 
2 1 247905166 
9 11 271031336 
2 17 345598401 
4 12 349828889 
4 8 978547426 
9 16 931565710 
7 10 442462592 
3 16 574247864 
4 13 170812771 
9 15 231385476 
7 7 984616045 
5 15 418332178 
17 17 622500717 
13 10 779789026 
1 12 384735582 
10 1 232387132 
1 3 991457164 
9 12 805769130 
12 1 765592210 
8 17 532156328 
3 8 163290450 
17 4 469250453 
9 8 563877207 
16 5 115139423 
11 12 608778913 
14 6 507682776 
4 15 212545059 
11 16 245260265 
9 5 125983770 
3 13 495271030 
6 5 773312896 
2 2 597187479 
10 1 292226747 
13 14 674456184 
15 5 681079954 
4 15 97911070 
17 15 57272422 
9 5 174454818 
7 5 469734974 
8 15 652500602 
3 12 44487942 
11 12 70834795 
8 17 138258162 
2 16 963904151 
6 4 346290593 
14 13 528820929 
2 15 541597315 
11 16 391167020 
4 2 527426066 
6 16 544903107 
5 7 394675584 
3 6 56905921 
16 17 398853786 
8 10 508241504 
15 5 973832099 
2 5 444777780 
3 7 198274114 
10 2 558415999 
8 2 724733032 
5 9 935158185 
11 2 276783758 
4 14 766162221 
3 2 683856229 
10 17 501150999 
11 17 793633030 
7 10 6122706 
1 13 661278099 
11 2 23059834 
2 8 950995513 
13 8 835268647 
1 17 480342232 
5 15 592447435 
7 1 882128779 
1 3 396617573 
5 15 830088898 
9 7 856823445 
17 10 881034750 
5 6 917104272 
5 11 503549184 
11 13 323217327 
15 12 924837613 
8 14 287307585 
15 15 967147205 
7 10 13003068 
5 4 207900798 
14 8 989670584 
3 7 555617729 
8 4 784135699 
10 6 995428004 
9 17 279576401 
17 17 660584499 
15 13 55768006 
8 7 905163389 
3 11 467033229 
9 17 179619877 
1 14 803539419 
16 11 504970615 
3 4 145484744 
5 7 388638686 
14 9 458583481 
4 16 629645713 
2 13 532596919 
5 3 957857049 
15 3 323205100 
2 15 34767818 
1 5 158004646 
1 6 455794758 
2 6 639829431 
13 8 847767423 
14 11 884607733 
11 7 146194209 
7 9 642515360 
8 13 682431385 
16 2 821951815 
17 9 273904010 
12 12 147256213 
12 15 764241917 
15 7 252237584 
9 9 206841376 
8 9 644071954 
1 2 792810783 
11 9 803235084 
5 2 494402594 
2 11 411103652 
14 6 345703987 
10 12 250402882 
17 6 720988048 
17 10 482617997 
3 3 900710510 
12 8 179671164 
12 7 117350689 
8 1 921123232 
7 6 518143417 
1 15 382350274 
10 8 896002996 
7 6 419019639 
2 10 320684774 
2 17 729393913 
7 14 872701877 
8 14 468028126 
12 6 109685401 
6 17 496003569 
12 17 196732828 
16 13 749676432 
12 3 71001465 
2 7 400380907 
4 4 481022622 
9 13 538819271 
4 8 579559998 
2 9 638261082 
15 8 37193063 
12 15 469967308 
2 5 119551186 
5 3 219092085 
17 6 328338392 
15 7 338900933 
6 10 955584798 
8 9 665485307 
10 12 879635711 
9 7 519486735 
13 14 656649417 
14 1 122543410 
17 3 212612250 
7 12 83141301 
14 2 220747279 
17 4 216841008 
9 10 520096726 
8 4 120723599 
2 6 534047751 
1 5 531423851 
11 9 750798989 
13 8 802790558 
16 12 54429254 
2 8 984890252 
8 17 773647477 
12 17 819033943 
12 8 434135564 
5 8 451923281 
8 11 819882741 
17 14 541864129 
1 14 688620381 
7 14 315301600 
7 5 566632986 
12 12 981341678 
17 2 965367442 
3 6 254301216 
2 12 487555934 
7 3 697965872 
6 16 474596669 
10 13 75785992 
10 16 299768485 
4 4 613743200 
15 14 455900309 
1 9 809654342 
6 4 87378417 
8 13 126047514 
14 2 382481820 
5 3 864129824 
2 7 340297385 
14 5 244611254 
12 9 123019846 
10 17 235211561 
7 17 807712628 
7 11 647434449 
15 6 341968546 
3 13 582480989 
12 3 534659719 
16 8 105332923 
8 8 773524806 
16 16 634005445 
12 12 366556844 
14 6 391951091 
7 9 901548937 
8 14 318459533 
17 6 988549249 
9 8 414275939 
11 16 498976496 
4 4 258477969 
2 6 648765838 
13 5 880610095 
13 5 648062370 
8 17 775722355 
6 1 431791807 
8 9 982162747 
8 4 540318332 
5 2 963644161 
11 5 285489797 
16 2 967207333 
5 2 487452000 
4 5 621885690 
10 7 994919769 
9 6 521555469 
8 16 800363171 
15 7 265415038 
1 8 620981211 
8 5 484530394 
5 7 660247422 
8 7 246939024 
11 10 207994482 
1 6 983846051 
10 13 650790998 
3 1 491046208 
12 13 718712128 
8 5 86161142 
11 10 853777651 
13 9 765079599 
5 1 781273823 
8 14 324922479 
5 14 750177179 
8 15 776056289 
1 15 210118214 
8 1 889220794 
8 4 385288281 
9 11 513200426 
11 12 885174620 
1 15 620521148 
12 14 271088879 
1 12 672940401 
12 4 279248549 
5 12 61059597 
17 17 181775436 
5 17 282225229 
5 14 119585806 
8 5 158319706 
7 12 161497735 
13 15 768503357 
17 12 512825855 
15 4 880586424 
4 9 682596930 
7 12 576771255 
2 10 677062057 
17 5 88558113 
6 6 697547161 
7 1 571481372 
12 9 407584248 
6 15 703602099 
16 12 343326059 
10 17 633988206 
12 1 144613359 
6 4 212300660 
14 16 296229541 
4 9 133664413 
14 6 733141277 
14 14 735847597 
13 10 964932012 
1 5 966346612 
4 5 351471200 
1 16 486167454 
1 8 605614538 
2 6 204071644 
14 13 667345050 
7 3 185538369 
13 1 481151874 
2 16 894742027 
14 13 604627894 
16 2 339509053 
5 6 867694810 
3 15 558629362 
14 9 990410474 
5 11 423780006 
16 13 460345606 
9 13 351828788 
2 5 89908840 
8 17 153207486 
6 15 48760428 
13 1 384235826 
15 16 447726942 
14 11 773030884 
5 12 771133990 
4 14 555376587 
7 14 695104604 
15 2 86349644 
15 8 731858176 
2 14 983292673 
17 15 930930560 
4 17 751149515 
9 2 542124379 
12 5 170584684 
9 8 251913764 
11 12 890681527 
17 4 757465908 
12 7 371980460 
9 15 806471215 
17 5 868001987 
6 8 847984436 
15 6 262107091 
2 17 471789683 
5 4 324890250 
11 1 317809692 
15 4 715514779 
6 16 887797482 
8 15 317589136 
8 16 173725794 
16 16 800944231 
11 3 442774597 
8 9 880985920 
5 10 122943998 
1 2 761401081 
9 2 46751965 
15 11 10779624 
13 4 714163025 
14 3 57528333 
8 12 607745292 
12 14 725910054 
13 11 109611552 
14 12 880133767 
4 16 996786316 
12 5 236799764 
16 11 334298275 
5 6 112189399 
10 11 611105901 
10 11 872092252 
13 6 765130606 
5 8 304181354 
9 5 396879447 
16 10 225810838 
14 13 511755174 
15 4 782300305 
14 1 379194712 
12 1 481948399 
6 11 830145819 
2 5 302136904 
5 2 174732293 
6 8 276059397 
15 14 253018044 
10 3 154989691 
9 15 870215956 
17 6 792879545 
5 6 394876417 
3 1 356160562 
12 2 976775886 
11 1 924567376 
16 8 615170269 
5 3 374508334 
14 7 406492155 
13 7 711968221 
16 9 873272648 
16 13 126535835 
14 7 106315131 
7 1 275327198 
2 2 409251231 
9 10 232867163 
3 6 32334156 
4 1 709876450 
4 7 468933231 
13 6 465795656 
3 4 487752433 
12 9 833090627 
7 12 58554784 
13 17 244014196 
4 14 36228589 
16 16 849359215 
10 5 764235120 
17 4 382654429 
14 6 737814208 
8 8 511601518 
3 3 621885687 
15 13 159187020 
