100
24 234
264 482
738 957
146 207
804 898
140 492
718 755
329 356
114 492
688 894
299 513
190 786
142 921
153 874
111 371
269 787
67 976
583 628
180 335
107 632
197 533
528 975
916 931
322 909
155 947
395 466
121 480
226 604
681 778
298 702
409 749
548 725
849 989
425 887
44 494
456 706
202 252
320 652
91 121
480 590
18 524
289 316
80 445
370 392
214 722
142 859
97 866
593 744
369 678
547 986
234 868
230 253
831 962
29 579
315 948
187 340
106 482
244 918
41 939
275 558
147 844
670 807
527 820
398 920
190 585
141 206
258 808
365 935
352 990
498 950
68 479
111 977
140 487
126 185
222 916
560 956
698 820
54 191
136 562
771 787
134 353
67 512
103 272
607 890
423 963
678 686
37 525
766 893
386 524
60 469
153 656
557 731
84 794
162 492
325 444
187 741
389 754
633 782
228 453
257 895
