100
10
3 2 1 2 2 2 3 4 2 3
10
7 2 1 4 6 8 3 10 9 5
10
2 1 3 2 3 4 3 2 2 2
10
87337120 87337114 87337081 87337027 87337006 87336986 87336968 87337055 87337092 87337146
10
205062997 10221180 3443358 32010045 50777065 60843100 64785356 42139456 476799 10416188
10
97604322 97604286 97604247 97604274 97604277 97604294 97604349 97604371 97604378 97604400
10
24500353 24500217 24500193 24500233 24500234 24500238 24500267 24500290 24500319 24500325
10
4 2 3 1 3 4 4 4 4 4
10
212419234 46895194 36654788 412618746 562403761 999983748 734494467 518182300 143927775 257225196
10
667750362 740246192 11363818 510648299 369240999 216451632 91090157 888317271 82261379 833611608
10
8 1 4 10 2 9 7 3 5 6
10
865154367 190860167 695812560 638150391 116880138 421928556 633043740 664436924 690942661 80504262
10
26787202 119200680 926550254 355714873 481259931 19316815 812789439 942964588 474902335 923643296
10
10 7 8 5 6 3 1 4 9 2
10
68526883 68526869 68526852 68526851 68526825 68526830 68526796 68526811 68526828 68526850
10
9 3 10 7 8 5 6 2 4 1
10
263345546 67178359 70386272 93658827 26111979 63092177 180774805 202309061 221720786 260596376
10
28914039 28914014 28914029 28914061 28914073 28914090 28914093 28914120 28914135 28914149
10
122613222 121753332 116954571 76449543 34555740 65205955 5570912 40547689 27516588 114879862
10
60099800 75723812 110913549 65961771 77872624 63284940 94649329 32548742 8890501 72648011
10
3 2 3 2 1 3 2 3 3 2
10
892821538 355445327 465491790 413459033 775104573 174121858 61824024 303368351 818899610 184757332
10
968999599 504571053 610328391 372230736 133628583 920952657 517165902 295632262 434707292 49249361
10
19167647 19167595 19167578 19167541 19167541 19167553 19167594 19167611 19167636 19167647
10
1 3 3 3 3 3 2 3 3 2
10
890979127 608241987 709318302 218715676 279868167 625023801 78098583 120915836 147402366 432779788
10
3 2 3 3 3 3 3 1 3 3
10
193924454 55101342 16862320 16761249 20556928 86137421 160454419 112938623 169034211 114883871
10
10656970 10656944 10656921 10656899 10656862 10656849 10656881 10656924 10656955 10656961
10
67427621 67427604 67427578 67427575 67427534 67427508 67427500 67427510 67427511 67427554
10
471262685 827931920 868993913 299747022 357120065 513788568 448900720 599131282 94352250 101764585
10
309030972 350712737 76445047 942696566 688921018 840599570 505742870 386653306 878582773 381286997
10
817433689 760497355 864771668 748964354 251024381 994219698 916214213 245864173 823200285 588034570
10
823841812 153605046 856997718 857177892 253614739 450914811 954553199 778812847 992949948 701319591
10
6 1 4 8 2 7 9 5 3 10
10
40384036 12917466 30897772 1166442 50856738 86284681 75890753 90169625 88711038 224527645
10
7 4 5 2 10 6 1 8 9 3
10
10 6 8 4 5 3 7 1 2 9
10
155355350 153612927 216784140 148361603 165444880 220082626 198472520 64223325 218518698 192193980
10
14213946 14213933 14213866 14213839 14213828 14213886 14213884 14213904 14213938 14213943
10
841936079 327470961 914037009 464854635 570002734 865933135 444527997 112475392 53714028 340719555
10
180903551 699145129 820765873 372100972 92733376 350348261 528001207 782395716 131956871 316180550
10
9 2 8 5 7 6 1 3 4 10
10
5 2 7 8 3 4 10 9 1 6
10
4 4 3 2 4 4 2 3 2 1
10
261958327 435607265 912005810 302651817 409347387 578942667 98247173 737548641 449882727 706157593
10
3 3 3 2 3 3 3 3 1 3
10
187085753 248730916 65269845 54223674 31082362 164652938 242348421 244472768 187584338 208094772
10
6 10 7 9 8 3 1 2 4 5
10
10 3 7 4 2 9 8 6 5 1
10
453609862 350260548 821990756 879828938 671963196 619371573 642436698 629216096 429505688 523228552
10
374047670 597813336 496787108 615251379 201384748 294351748 459464857 338293732 861398231 882056011
10
812025775 947140402 462092130 73162070 469787337 570290643 91660813 746584310 558617286 932737123
10
2 4 1 4 3 3 4 3 3 4
10
13367584 565164816 688509093 757324557 56003313 91642940 514827482 434264319 9437391 336086013
10
980256932 716572136 271150589 675848942 612145666 896731885 856983629 920413051 424610937 800850984
10
8 2 9 5 6 1 4 7 3 10
10
6 7 8 10 9 2 1 3 5 4
10
7 1 8 4 2 3 10 5 9 6
10
3 9 5 7 2 6 10 1 8 4
10
10066149 10066148 10066115 10066104 10066084 10066087 10066106 10066124 10066127 10066177
10
2 2 2 2 1 2 2 2 2 2
10
400675906 360219389 227302270 94843562 945999972 65821706 961150576 58790782 861183385 112431592
10
827900134 849265430 319938598 734366589 707986072 886291432 681967771 527467395 672645222 703465158
10
894536476 197627680 318487809 306082264 698168148 958517319 250618702 868882878 863609571 988166684
10
1 3 2 2 3 2 3 2 2 3
10
5 7 10 2 6 1 3 4 8 9
10
601510544 754917063 185897377 896767532 731792626 725604325 464975547 948677115 842312050 482660022
10
798743754 577450208 479583511 841451400 73216238 514782837 549432540 231852692 472998092 17483099
10
2 3 4 4 4 4 3 4 1 4
10
5 3 4 5 5 5 2 1 3 5
10
40561918 40561858 40561855 40561819 40561794 40561792 40561835 40561886 40561912 40561917
10
995161985 466233642 339873104 179212576 220872075 484395035 753088235 840454741 922907546 570398598
10
4 3 2 2 1 2 4 4 3 4
10
2 3 1 2 2 3 2 2 2 2
10
315102907 198688147 737643001 5350230 7253014 263651221 222133613 156773298 411492988 222521286
10
53944507 53944461 53944444 53944393 53944396 53944417 53944490 53944508 53944509 53944518
10
107226647 49248912 18317225 59078959 120260025 46085347 118307439 95845944 119674452 104968937
10
215023744 58522043 33374955 44507969 83072344 218455900 171807871 164126199 176512102 201167735
10
491313633 222967517 219872183 225298239 55077707 680940530 134278664 551732857 221779842 691718503
10
41956884 15352312 39617191 63164270 67542837 62192640 98244020 19908718 58479798 75472167
10
961724375 59541742 422370048 148551303 994625637 322564982 982022471 991898272 655818095 341256206
10
32719621 32719593 32719572 32719549 32719546 32719594 32719595 32719592 32719592 32719611
10
127426083 91298560 81497216 73025337 94520926 31353558 96444230 152888039 136625693 138367509
10
190268980 243816790 264849559 15638366 1596475 94023362 20605226 60545791 40538162 22646797
10
8438292 8438282 8438224 8438225 8438202 8438208 8438250 8438267 8438273 8438280
10
351892387 79528974 612507697 595888751 346157792 512744261 396181499 244053031 997250006 165164830
10
501408715 246330010 899885758 274648525 906211613 597946086 633039919 640887740 765996298 156736926
10
260163315 229222096 268484988 44907178 82570327 89364845 239695798 240249978 270333272 213596175
10
8 5 4 10 7 2 3 9 6 1
10
3 1 3 3 3 3 2 3 2 3
10
126761070 179443456 81268105 36485688 88063753 46383264 91903826 42400199 12404725 40836104
10
79974420 79974399 79974366 79974355 79974356 79974354 79974328 79974364 79974379 79974418
10
2 1 4 10 7 9 8 5 3 6
10
950202769 456159851 272997425 628302558 507680960 350659951 958596899 258885675 180593641 394349981
10
3 3 2 3 3 3 3 3 1 2
10
762993985 726286225 160966995 779413901 473769940 374707611 438249282 439453996 734719885 121338756
10
7 9 4 5 3 10 8 2 6 1
10
1 9 3 4 10 8 5 2 6 7
10
3 1 3 4 3 3 2 2 4 2
