505
5
46681713 46681687 46681693 46681699 46681742
5
3 2 1 5 4
5
3 3 2 1 2
5
12983663 12983658 12983664 12983678 12983700
5
78987323 108486188 35829687 53560414 117692877
5
77743535 77743524 77743511 77743509 77743535
5
168583336 227378309 81216173 44425036 16566895
5
11641211 11641203 11641175 11641239 11641240
5
1 2 2 2 2
5
88403111 88403105 88403077 88403118 88403121
5
1 2 2 2 2
5
4 5 3 1 2
5
31253695 56805664 71018843 204785841 255724566
5
2227607 2227594 2227552 2227557 2227574
5
94729881 50253060 270336346 243491367 196656410
5
18552420 18552444 18552449 18552450 18552462
5
2 3 1 4 4
5
15812157 30899528 160837523 94796403 70624438
5
1 3 3 2 3
5
5 4 1 2 3
5
3 2 3 1 2
5
5 3 2 4 1
5
2 3 2 3 1
5
647139660 48195136 399494114 678694683 488378489
5
905082144 771988099 643406208 179382125 634395079
5
190906316 122040199 29565168 26972763 161832968
5
209762829 163160266 58168899 51187025 90587105
5
3 3 3 1 2
5
90819696 90819694 90819691 90819707 90819723
5
2 2 2 1 2
5
1 2 3 5 4
5
30505787 90499021 44328918 92793002 96083613
5
471976854 529762712 794244676 192903019 168107635
5
2 1 3 2 3
5
773482352 928367389 732464374 559831673 59679280
5
23560700 23560682 23560667 23560709 23560709
5
2 2 3 2 1
5
179904051 228566520 196448534 94163048 46782705
5
2135641 86642622 223467742 265989293 275462041
5
72119494 72119472 72119468 72119469 72119489
5
5 3 1 4 2
5
215447585 194171164 188553996 38906894 219323696
5
1 2 5 3 4
5
73648808 73648795 73648770 73648766 73648808
5
139066842 2516797 66453503 69279913 9365656
5
1 2 3 3 3
5
3 1 2 5 4
5
77447499 77447528 77447543 77447549 77447546
5
562024167 568535050 382360541 423329960 380960818
5
152354688 70358147 23092203 52722577 92858478
5
3 2 1 3 3
5
14253455 14253438 14253437 14253424 14253482
5
36891624 17852944 37599725 63418127 6442691
5
74383238 74383224 74383221 74383239 74383244
5
16470086 16470095 16470096 16470125 16470137
5
813334819 885536261 218713023 849046842 517783602
5
51655788 51655744 51655742 51655743 51655763
5
118437806 22090534 29824017 31582915 16628841
5
449328205 819288592 282536167 834687165 56585520
5
88165424 98527546 21984236 63409385 44681944
5
1 4 2 3 5
5
3 5 2 4 1
5
54192260 54192274 54192271 54192273 54192280
5
37248663 37248641 37248638 37248641 37248673
5
40331125 40331070 40331077 40331104 40331124
5
91668809 143544155 68976779 39050397 156080636
5
202851568 72365960 142338444 180344673 139038175
5
48435073 48435045 48435035 48435009 48435074
5
68037154 97032133 253738138 198610879 224457741
5
1 2 4 5 3
5
2 2 2 1 3
5
537266765 939926106 915417012 23357109 358598868
5
179933370 208078077 70151733 46820238 72273477
5
50664366 87005892 2894325 154583133 201437668
5
133902395 153618768 344202313 693875637 606018745
5
5 4 1 3 2
5
2 3 1 2 3
5
477341868 693484155 633211553 584133835 287679843
5
1 2 2 3 3
5
1 2 2 2 2
5
4 2 3 5 1
5
1 2 2 2 3
5
2 3 1 4 5
5
68305620 68305627 68305640 68305639 68305655
5
20596005 20595986 20595958 20595983 20596023
5
70625585 70625572 70625614 70625612 70625636
5
2 1 5 4 3
5
1 2 2 2 2
5
5 4 2 3 1
5
958487439 162213255 34949831 934372077 326558101
5
3 3 1 3 2
5
400268113 131228117 49814315 316181329 315522373
5
2 3 2 3 1
5
132556063 36012028 62299079 87609943 14885703
5
5 3 4 1 2
5
2 1 2 2 2
5
125725451 128165398 119792909 166014272 47468024
5
115472111 87578435 8762825 71555613 24823161
5
22027609 22027604 22027588 22027590 22027607
5
145246043 167682258 13833705 55469375 231354739
5
47162052 47162048 47162021 47162017 47162014
5
40211240 2853067 91053327 273017346 213536935
5
3 4 2 1 5
5
2 1 5 3 4
5
31303111 31303089 31303085 31303076 31303087
5
495169556 163021267 849438445 639771875 485618415
5
348693471 532413707 749379289 803851483 685720587
5
25519151 25519145 25519151 25519173 25519172
5
255947438 94635750 95166407 192457880 246025641
5
15170944 15170897 15170881 15170926 15170925
5
88722344 88722332 88722319 88722303 88722283
5
1 2 2 3 3
5
64024691 64024685 64024651 64024661 64024665
5
59036330 286200059 355923450 732936817 51058236
5
151403631 169858426 90061339 362870169 353844083
5
633892278 220346386 48930863 683309578 186134750
5
2 1 2 2 2
5
3 2 3 1 3
5
173838538 763905812 746719183 870802670 96399048
5
154646765 137431120 33301607 85521987 99968134
5
4 5 3 1 2
5
581466051 897486594 782230957 496283652 291059827
5
740914912 921731147 762413273 811189177 194273287
5
4222875 4222863 4222851 4222860 4222866
5
890651344 287295853 313300331 259800140 83514872
5
1 3 2 4 5
5
2 2 2 1 2
5
31650186 835234679 846189966 101733807 700815462
5
423439553 971923791 470670144 24766690 873095364
5
23306807 23306784 23306775 23306782 23306784
5
76075937 76075926 76075947 76075950 76075975
5
502617661 599990204 238663858 115457552 142496194
5
2 1 2 2 2
5
177652499 976917522 923727174 380698044 634276737
5
93950485 93983932 32157053 163818500 163594083
5
2 3 1 3 3
5
5 1 2 4 3
5
26445918 26445889 26445871 26445879 26445882
5
70443722 70443678 70443702 70443714 70443727
5
4 1 3 5 2
5
225997678 407956607 485059164 1964778 113557168
5
169780160 55074138 26603445 150933314 168224324
5
5 2 1 3 4
5
2 1 2 2 3
5
76250185 76250167 76250152 76250134 76250135
5
3 4 5 2 1
5
285566817 871990133 90438863 521555173 897853851
5
2 3 1 3 3
5
163456247 115849448 52948315 125229990 134986256
5
1 3 3 2 4
5
821188610 867108108 512796377 855316040 308066548
5
1 2 3 5 4
5
150546402 151390100 120961166 127186536 39028317
5
46601201 46601191 46601164 46601165 46601184
5
2 3 2 2 1
5
878866288 795325413 412741850 54308256 448391156
5
15100564 596076205 292626839 651378784 633122261
5
2 1 3 5 4
5
3 2 3 3 1
5
2 2 1 2 2
5
5 3 2 1 4
5
795713285 504561308 32971688 728828821 801540378
5
96427936 96427917 96427891 96427870 96427954
5
549416255 364868065 600710435 895316431 229956734
5
3 5 2 4 1
5
2 2 2 2 1
5
594637123 155430189 35485030 777149555 837461583
5
186134061 181347758 171115357 56458853 54196451
5
500594263 991659627 786498414 100995989 220291767
5
1 5 2 4 3
5
11904100 11904038 11904051 11904080 11904086
5
183115513 124455433 170382929 97522370 107181524
5
2 1 4 5 3
5
2 2 1 2 2
5
4 1 3 5 2
5
423759845 135204026 400718958 609062399 841230133
5
2 2 2 1 2
5
1 2 2 2 2
5
973444775 970135858 84147480 198438823 15762257
5
229386177 231674029 187140402 36925736 99099405
5
4 5 2 1 3
5
10621487 10621433 10621415 10621454 10621481
5
140172862 10285498 65145254 43827387 46374398
5
1 2 2 2 2
5
1 2 2 3 3
5
72620881 45334402 185573106 211499520 226894361
5
20675423 26856720 40904959 200685390 212149484
5
29267986 84368352 53859841 59432018 227358480
5
52288581 142799125 156700030 160687473 161226189
5
3 4 1 2 3
5
96295025 79397131 47327935 108639889 142232632
5
1 3 4 2 5
5
2 3 5 4 1
5
1 2 2 2 2
5
1 3 2 5 4
5
21963378 21963369 21963338 21963346 21963374
5
3 1 3 3 2
5
99308360 99308358 99308366 99308369 99308368
5
234840778 690646538 675437599 166819444 961895438
5
84182378 84182373 84182351 84182340 84182331
5
5 1 2 4 3
5
139882149 317262244 177226769 609397967 979022316
5
69351297 14760880 138694767 82919860 130143563
5
500023970 283135806 374596089 568304032 463706966
5
732863637 137049715 113045127 702631516 252679791
5
259627254 244403322 242740023 67175574 199112
5
4 3 1 3 2
5
134787267 22059645 78288338 104250234 108329101
5
196333529 565726224 336858486 155368764 294681506
5
1 2 2 2 3
5
65468942 65468933 65468971 65468985 65468988
5
64763639 64763627 64763620 64763628 64763636
5
92513197 39479698 165370978 175400122 177980011
5
2 2 2 2 1
5
10715199 10715181 10715172 10715176 10715191
5
1 5 4 3 2
5
71519246 50321795 44706702 2394056 90468253
5
993019602 234805372 197139435 787267860 124859321
5
74152578 74152533 74152554 74152569 74152572
5
969659196 427742859 390162954 652188214 58135207
5
5 4 1 2 3
5
2053514 60423098 87755568 94651667 215066819
5
229385718 202739455 88963050 271427 77338492
5
5 2 1 4 3
5
39532747 39532737 39532734 39532755 39532782
5
93128254 70107633 196902552 174724802 160322948
5
92027378 44736855 124602768 91484851 159436092
5
354664727 142178824 854058154 781645427 710435803
5
3 2 1 2 3
5
2 1 5 4 3
5
298619246 698669344 399293120 367441903 374974888
5
317089800 237134227 89167016 52179709 786941940
5
134550782 177426794 67418899 129733102 174874046
5
681907534 201910378 216661506 802313045 414181125
5
231526441 85279865 336679 22311858 244489557
5
681608941 914541107 124245075 159276009 553563759
5
151153625 86152623 154406629 166405705 244002184
5
46932944 46932909 46932897 46932912 46932929
5
2 3 3 1 3
5
2 2 1 2 2
5
3553042 3552996 3553021 3553023 3553062
5
57716320 57716302 57716280 57716258 57716292
5
385845931 86833965 348852794 313033875 222908774
5
2 2 3 2 1
5
10369078 10369065 10369058 10369084 10369101
5
1 2 3 3 2
5
56771617 56771601 56771594 56771595 56771631
5
4 2 5 1 3
5
3 2 2 2 1
5
264317363 196500953 92270210 64253406 211094354
5
80559881 80559892 80559913 80559916 80559937
5
3 5 2 1 4
5
1 5 3 2 4
5
31711677 31711612 31711609 31711637 31711650
5
5 2 3 1 4
5
224842423 29158134 414989096 471710589 172323812
5
133954343 16562135 71936326 53526505 43985777
5
97096865 49580167 89715469 898088353 8455909
5
2 3 4 4 1
5
2 2 3 1 2
5
3 2 4 5 1
5
208290526 185114850 19988106 80901994 194087464
5
93520943 93520925 93520899 93520904 93520954
5
76211231 76211213 76211193 76211181 76211172
5
178217432 204389041 168117341 174729502 72561873
5
5 1 4 3 2
5
57751447 57751434 57751432 57751420 57751442
5
904804899 773141791 465820572 884818128 766286113
5
26008661 26008619 26008619 26008628 26008639
5
71187498 59789468 17668649 10437963 170182318
5
1 2 2 2 2
5
2 5 1 4 3
5
2 2 1 2 2
5
164485836 106265530 13931012 36692787 25859150
5
40063486 40063462 40063441 40063430 40063509
5
165359888 35967045 56586454 166020003 156446293
5
3 1 2 5 4
5
2 5 4 3 1
5
4 1 3 5 2
5
1 3 2 5 4
5
80959230 193476025 147337673 107400112 182723144
5
2 3 2 1 2
5
5 4 1 2 3
5
20519831 20519818 20519858 20519879 20519908
5
65905275 65905222 65905205 65905251 65905267
5
386534927 433773903 244907446 280643902 546428802
5
1 4 2 5 3
5
68605085 68605072 68605113 68605124 68605144
5
5 2 4 1 3
5
717083477 669975258 856865415 637510611 511157626
5
4 3 1 2 5
5
163857360 88219830 18161943 11512665 216120285
5
5 2 1 3 4
5
144592347 39237770 86452410 118791387 97921822
5
46929920 46929834 46929861 46929887 46929896
5
176742025 109712979 164110019 85439418 154894798
5
2 4 5 3 1
5
1 2 3 5 4
5
210227165 192910727 251522143 94655127 245386657
5
71931785 53113088 46321464 64348383 83224064
5
1 3 2 3 3
5
2 2 2 1 2
5
3 2 5 4 1
5
2 2 2 1 2
5
40866883 15199539 178070035 119371214 145751010
5
2 2 1 2 2
5
220030777 237424999 26308526 47539014 183607497
5
2 1 2 2 2
5
1 2 2 2 2
5
54627239 77646793 21625574 74737237 67068972
5
5 3 2 1 4
5
16661026 48252313 159765605 77409914 88469522
5
15262144 15262119 15262121 15262127 15262157
5
20845866 20845869 20845828 20845838 20845865
5
658628183 186672522 882840715 305348490 225305228
5
370125630 543820240 444088926 10461368 258367466
5
728711692 339136516 471108435 606546175 846942177
5
78539815 78539790 78539791 78539792 78539805
5
88512066 88512051 88512092 88512113 88512136
5
122389335 210373905 129718610 23346573 64566143
5
4 2 3 2 1
5
4 2 1 5 3
5
4 3 5 1 2
5
741476714 439464014 283305974 824858881 847652845
5
22447743 22447714 22447759 22447771 22447795
5
641381279 213457715 996324253 147997595 433847285
5
112475714 68077054 24174064 27028609 17999581
5
145261209 80720192 74764548 174776540 132379366
5
3 2 3 1 3
5
1 2 4 5 3
5
643509520 6042560 999818933 973243902 978262887
5
8679055 8679026 8679019 8679027 8679026
5
43044164 43044153 43044134 43044124 43044104
5
658277390 493677310 452241958 231442223 795140745
5
1 2 2 2 2
5
3 1 2 2 3
5
1 3 2 5 4
5
1 4 2 3 4
5
977603912 282637462 289915604 633069149 195992923
5
1 2 2 2 2
5
39641846 688407792 4068691 436101689 721381194
5
23137437 23137426 23137399 23137363 23137385
5
1 3 2 2 3
5
59023453 59023435 59023440 59023437 59023454
5
43007118 43007109 43007087 43007117 43007132
5
2 5 3 1 4
5
54050346 54050326 54050314 54050315 54050312
5
166917136 346704746 171666376 40340818 926371342
5
5 1 2 4 3
5
66023328 72340384 127106252 96105548 122911724
5
897678291 81329452 298936703 705653155 906329899
5
501511913 14849431 211217416 638694583 2355804
5
748048553 44384928 106105663 699239131 164150142
5
717296884 951527993 580132170 213248992 110923058
5
47826892 47826872 47826874 47826879 47826906
5
5297554 5297536 5297493 5297508 5297511
5
47545008 47545005 47544974 47544948 47544977
5
177827598 239735891 263894393 177262821 74970742
5
62274713 62274700 62274683 62274683 62274686
5
47900273 28226543 6385026 93499943 249855691
5
35981624 35981597 35981567 35981571 35981602
5
52775297 52775320 52775341 52775340 52775365
5
2 4 1 3 5
5
4 3 1 5 2
5
5 3 4 1 2
5
3 1 4 2 5
5
2 3 1 3 3
5
4 1 3 5 2
5
171268703 172312947 169724114 24392286 12281059
5
13079588 13079566 13079558 13079529 13079558
5
212900505 195007463 962389284 265317912 927410499
5
3 3 2 3 1
5
804591350 928940480 593956348 270622837 328791849
5
149580731 161326682 161142134 66942929 41106056
5
2 2 2 1 2
5
15279521 15279501 15279440 15279463 15279477
5
97094684 97094679 97094650 97094685 97094714
5
5215096 88742773 79887439 83982686 123091229
5
90057835 90057812 90057787 90057859 90057870
5
690724133 727877283 138782515 321820643 444944836
5
695732038 750035603 33716660 190528261 38867476
5
502407754 529807185 270686921 183280110 75138322
5
50442856 815948656 395538405 453298016 467667117
5
499404932 119501274 806360192 77236819 82348689
5
21983359 21983338 21983381 21983381 21983394
5
243670510 265402649 265793519 92960155 78144096
5
6557602 6557595 6557621 6557635 6557637
5
5 4 3 2 1
5
18051548 18051474 18051475 18051498 18051526
5
23697094 23697086 23697079 23697077 23697060
5
2 3 5 1 4
5
4 3 5 2 1
5
22215882 22215865 22215873 22215882 22215889
5
23827748 29896681 164442117 222898868 220413131
5
47835550 151096119 184497843 192938743 163416650
5
272360714 27311508 99915148 276870332 270231962
5
392017220 324851177 34681642 449602884 156246883
5
5 4 2 1 3
5
172497088 115185425 5181249 86410830 114731089
5
37313638 37313636 37313621 37313600 37313607
5
5 2 3 4 1
5
14869262 52023538 102762155 53662761 58782145
5
79711077 79711036 79711049 79711098 79711109
5
31374263 31374251 31374225 31374223 31374277
5
99570430 99570430 99570392 99570401 99570409
5
34382711 34382671 34382648 34382698 34382737
5
2 2 1 3 3
5
2 4 1 3 5
5
149430676 172085479 157135016 121497145 75350739
5
99141691 54289561 656951116 354552659 317445372
5
73020148 24878582 33943913 119913473 98685894
5
142859255 60233171 81848888 15576866 141573659
5
1 3 2 2 2
5
3 1 4 5 2
5
2 2 2 2 1
5
2 2 2 2 1
5
1 3 3 3 2
5
96376494 96376483 96376484 96376480 96376462
5
2 2 2 3 1
5
36830142 35733571 22085327 31841536 30704212
5
176367736 86899923 45665549 39836183 240716204
5
4 2 3 5 1
5
70429402 70429378 70429334 70429356 70429423
5
46948636 46948608 46948580 46948563 46948602
5
199931697 120594853 128789112 46377384 18829970
5
206136397 46488769 90598206 72215811 260866565
5
790671519 523443675 306539895 17428739 588517307
5
3 4 2 1 5
5
4 3 5 2 1
5
2 5 1 3 4
5
91307359 91307347 91307330 91307330 91307351
5
359142439 296220132 917811672 245151261 534109912
5
5 4 3 1 2
5
34233277 34233251 34233261 34233259 34233283
5
3 1 4 5 2
5
163918910 49425214 4191754 39488130 132838426
5
3 1 5 4 2
5
5 3 2 4 1
5
32010218 32010199 32010205 32010234 32010252
5
86803074 86803050 86803032 86803022 86803095
5
41046432 417515704 795947715 523229258 151274931
5
2 3 1 3 3
5
2 2 1 3 3
5
13379336 30267575 98218842 221656368 259242475
5
1 3 4 2 5
5
3137034 58538383 149721746 125889489 133179970
5
134603316 150109169 46875940 57545270 88866159
5
2 2 1 2 2
5
215848027 983434282 278882494 664052566 423507171
5
157843483 208380440 197889049 51277835 164866889
5
25803418 130924689 158256810 158653148 209716951
5
160076576 23589686 33488969 163789549 137255078
5
97429733 97429706 97429706 97429709 97429720
5
8614161 8614116 8614088 8614113 8614143
5
2 2 2 1 2
5
323880515 585490145 26082587 226824132 250082437
5
843529091 748614881 673396223 531810471 234810956
5
214176198 81306340 22106436 22905844 234845180
5
2 2 2 1 2
5
2 2 2 1 2
5
2 1 2 2 2
5
699636545 25276691 647187201 808431809 302060769
5
98467805 98467788 98467762 98467754 98467737
5
1 2 3 4 5
5
3 5 1 2 4
5
214709208 221406918 89920597 55962514 146375690
5
44517399 44517384 44517372 44517390 44517403
5
3 4 1 2 5
5
2 2 2 2 1
5
176636943 183547594 119123916 81547144 138621874
5
155222581 877110942 280154111 846967088 981555225
5
4 3 2 2 1
5
34194114 34194113 34194112 34194124 34194126
5
4 2 5 1 3
5
121857029 34487752 190539589 145352887 112026217
5
363869672 446622542 823265922 146498056 537651705
5
78117377 78117355 78117327 78117370 78117395
5
953513491 131554541 487752164 817337625 153012979
5
83071195 974800501 887047085 787853208 150355951
5
232201470 77787633 50327935 72943675 43267111
5
1651386 47661495 158940874 174822795 188775412
5
38941949 965363107 806627199 585520092 543003075
5
48845923 48845926 48845911 48845893 48845871
5
114692372 413620350 644361092 89746392 254140516
5
122497941 86035491 105745264 38337409 2677127
5
228615653 84833515 147219446 168927111 152925837
5
101999302 21085195 64015719 117795121 105855228
5
3 1 3 2 2
5
75810177 75810155 75810126 75810142 75810157
5
2 2 2 2 1
5
679697221 561601793 439244820 867894010 507568227
5
3 2 2 2 1
5
2 2 1 2 2
5
1 2 2 2 2
5
129787795 103216532 192365616 79837208 43180848
5
1 3 3 3 2
5
140315936 197611517 65116849 82302074 185221572
5
146156594 43039265 47331462 20960295 69511357
5
655535561 902107919 919371894 363884280 655341365
5
497799603 326421557 841641975 240854665 735194931
500
252456927 231380131 269717751 250161596 172667130 244593862 258649964 186904701 180690041 241006014 270583428 226592350 212052984 203610903 226447025 210990592 202830215 779336 59223947 31877006 67781731 35175512 33102283 1134115 63825342 66496495 91292184 2694570 29624143 57725619 16658305 57004243 56767822 29767905 43283625 48915865 56694396 63148381 36119739 81954563 89782213 36759952 15157362 63312803 48247213 72573608 33942408 18921217 83278909 98623076 99317040 84855522 33965454 97842705 84223830 40652806 47905087 59983275 51476787 85993897 69850478 2305021 97630131 27721304 94896327 1059726 59531215 97625223 29444427 35319368 39770586 36505444 50167084 80923135 13168146 75118384 58871545 57436570 56203309 34026089 18555672 82929807 96316076 52646685 55616209 92868909 41721094 1398546 31511644 13685838 98715443 5219430 68254911 76715035 74475684 34722600 25376937 99667351 24686138 26724243 98292695 34979786 2712741 60780298 76920604 62084662 30104916 25890021 75230498 18811516 16103193 77073989 66727824 87360667 34042710 97197624 79751646 9336426 56594804 67676449 41269424 16581278 48172632 37198829 57752456 34917462 15099932 47854973 84999894 67570716 83257385 56548 19183598 18581099 24629754 95387319 29073635 55159784 33581717 62919213 83377187 17632616 45725519 29247488 58999276 39189344 8219117 2480601 33971091 23129743 12785838 51565587 1178556 38245236 37606549 93371790 86817370 18278896 41100851 37613436 64742897 58864466 35119884 81419017 94556545 56628749 27183712 37469050 46826806 31806566 27686416 65637423 47200436 99402356 61389893 50014521 70487829 77352982 4180065 39799945 92220620 21404391 81807184 82052634 30901501 33724360 12768628 6283473 58631553 71016256 10564069 88628249 27057417 21389892 42034871 49260993 37957428 27930583 69688313 41596481 66235538 73775211 78360399 96035962 51835991 15800939 3691248 97767738 56556611 73085243 4346109 4757558 20619013 30909741 98526891 69667665 24056460 47257416 4738578 48161581 99520165 93782017 53919580 43363394 26135597 46951268 57677185 67288543 98441836 36486563 15396961 2720440 90470489 70684255 89049208 97884351 34733078 93700541 12518991 35085599 78404333 31473962 33943315 75243106 52643728 33161239 31695981 2529294 85065551 65488513 14647199 22200157 5425021 6613872 60621983 101689 6226950 18072054 33837630 60514029 52800369 25691591 75357893 93418086 96824418 65152840 87810599 35584479 72915022 35512998 44658125 52097829 77690385 8110296 84086539 22614180 79400428 76655942 51408572 57500109 3182359 53287378 20742000 75124851 42516469 40150119 3687709 9303862 18781916 99721605 42936671 56602758 34395564 84952581 70195053 93411522 3462235 38145725 2258164 63268620 48340919 93666782 54624118 31587439 43830993 89539083 27447392 83651955 56628481 31020899 30890171 27438612 8021974 17602131 64483713 50189923 26522094 82231484 56483946 64631827 32177375 20325732 81213870 28576037 97407107 43051323 39985980 16995334 47044008 91932159 66936493 81464713 18523876 9317549 6334616 5595483 38191107 65005275 57667022 77848840 79186969 36977156 73550434 76660314 89803301 68057115 58242208 82133503 54218411 13948669 91117781 13984276 11534601 24801256 93341287 33461580 53477061 88636045 60932302 66366600 11110904 36147265 26000103 25961014 87965076 72996073 69271611 20311155 30857091 13316389 40014509 8518689 20546403 19245259 34036367 43617312 90674899 37895349 27516028 83211486 87246963 29974627 91113309 76478581 43277897 37129103 86995145 70481487 42929249 51208356 63014163 67932382 67099066 61570026 12962277 60963281 54229440 95619964 44248279 17549012 82565644 16269497 22664175 47363438 95278561 5725909 60993211 29592475 69306910 13072671 51632427 31280310 13986688 23730680 25911554 62273958 80379203 94832721 34060874 1595115 32422377 65670775 40265229 50734949 93943402 92615519 85943580 29394274 98098101 65806090 67121833 35721952 67246977 44187093 56734241 77665165 56623724 18025895 28096882 15247263 39248588 6619398 42176409 30345140 82159036 67560117 92597087 24211179 48800574 79749741 63793427 4070688 37066584 78320342 11410067 29419835 28781688 68517266 37186923 18120934 36500537 88246136 91866327 71721008 29285262 34461418 31871373 21273565 2847013 59929883 39090533 7468937 25341783 22975177 72133295 84269929 13650808 91621126 36140119 15148981 39197599 23264181 88980721 99532083 57642115 70066670 84922042 75879639 432620 71836340 5769188 18408579 217333819 204012773 242774806 242307569 185357879 233919813 260803013 241059245
500
8 11 12 10 11 8 11 10 11 6 7 7 10 11 6 7 6 7 10 7 12 11 10 12 8 12 6 10 12 10 12 7 12 8 12 10 7 10 11 8 1 10 10 8 8 8 10 12 7 10 11 7 10 10 7 10 11 10 12 11 10 8 10 12 8 12 7 10 10 11 12 11 11 11 11 10 10 12 12 10 10 10 7 8 8 11 3 7 10 6 10 11 10 6 12 11 12 12 7 10 10 8 6 6 10 11 10 7 6 10 8 10 10 12 10 8 11 11 10 10 7 10 10 11 10 10 10 10 10 11 11 7 11 10 8 8 11 7 10 9 10 12 10 11 11 10 10 12 12 10 12 7 11 7 10 12 11 11 10 12 10 12 7 10 6 11 11 12 12 10 10 7 11 8 8 6 10 12 10 10 11 11 6 7 11 10 10 12 8 7 11 10 12 8 10 7 10 8 11 10 8 10 10 7 7 4 10 10 12 10 8 12 10 11 8 11 6 7 11 11 12 7 11 11 8 10 10 11 7 8 12 10 8 10 11 10 10 10 10 10 12 7 7 10 10 6 7 10 10 10 11 7 11 5 12 8 8 9 9 10 12 7 11 8 7 7 12 11 7 10 10 10 7 10 10 8 10 5 11 10 11 10 10 10 8 12 12 8 6 7 10 12 10 11 11 7 12 12 10 10 7 7 10 12 10 11 5 11 10 12 8 10 11 8 7 8 7 11 10 12 10 10 6 10 8 10 10 12 7 10 10 11 12 7 10 8 10 10 7 10 10 10 10 8 11 10 6 10 10 12 12 6 12 7 10 12 7 12 7 10 11 5 12 11 7 11 12 7 11 8 10 12 11 2 10 6 12 7 10 5 10 5 8 10 10 12 10 10 7 10 7 5 11 7 11 5 7 10 10 10 10 11 12 10 12 7 11 8 12 12 10 10 10 11 7 7 7 11 11 6 10 11 10 10 10 8 11 12 8 10 10 10 11 6 12 7 12 7 12 7 7 10 12 10 10 8 7 10 12 10 11 11 10 7 10 10 10 7 12 12 5 12 10 10 10 8 7 11 6 12 10 10 12 10 10 10 8 8 10 8 11 11 7 12 6 7 6 10 12 10 11 10 11 10 6 11 10 11 12 10
500
11 11 3 6 8 7 6 7 7 11 9 10 10 9 11 11 11 8 11 5 7 6 11 11 9 9 10 8 8 10 6 10 7 6 9 11 10 7 6 9 7 10 9 7 9 6 7 8 10 11 6 11 6 6 10 8 11 9 11 9 8 6 7 11 7 6 7 9 7 7 11 4 9 6 9 7 10 10 8 11 6 10 7 6 11 7 9 9 7 8 6 11 7 7 6 11 10 11 9 7 11 11 8 9 7 8 11 9 9 11 6 9 11 8 10 6 9 6 6 10 11 10 11 4 6 8 9 11 9 11 10 8 8 10 9 11 11 7 7 11 4 6 10 6 9 8 7 7 7 9 10 7 7 7 9 9 5 7 8 10 9 11 10 8 4 10 9 9 11 11 7 9 9 9 11 9 6 11 6 7 11 10 8 9 9 9 4 10 11 11 6 10 7 6 7 4 9 10 9 10 11 8 10 10 7 7 4 11 2 11 11 7 7 11 6 10 9 11 9 9 9 7 11 8 9 7 11 6 7 8 11 7 11 7 9 11 6 7 11 3 6 9 7 9 6 6 8 10 9 7 7 9 5 11 11 10 7 9 6 5 6 4 8 7 10 6 7 7 8 9 9 11 9 11 9 11 6 8 9 6 11 10 11 6 10 11 9 10 7 6 6 9 11 11 9 9 9 6 5 9 6 10 6 7 10 5 4 8 8 9 9 9 7 9 11 6 4 7 9 11 9 11 8 11 7 5 7 9 7 9 7 11 8 6 9 8 11 7 2 9 9 5 9 11 6 9 9 6 11 9 8 11 10 1 7 7 10 8 10 9 11 3 8 11 7 6 10 9 9 10 11 8 5 8 7 10 11 5 10 7 11 11 10 7 9 10 6 8 9 11 9 5 6 4 7 10 9 11 9 10 10 7 10 7 9 9 9 10 10 10 9 7 9 6 10 9 9 10 10 9 9 9 11 7 11 8 9 11 10 7 9 3 9 11 9 10 7 7 4 9 9 5 9 11 10 10 11 6 8 9 9 10 10 10 9 10 10 11 8 11 11 6 10 6 9 11 11 11 8 5 8 4 9 4 9 9 6 6 7 7 9 9 10 6 11 9 5 9 7 10 9 8 10 7 9 8 11 4 9 10
500
42757111 42757086 42757056 42757041 42757028 42757003 42756972 42756974 42756966 42756950 42756938 42756932 42756897 42756858 42756849 42756847 42756819 42756812 42756792 42756779 42756750 42756704 42756691 42756658 42756641 42756618 42756546 42756499 42756489 42756482 42756464 42756440 42756422 42756369 42756359 42756346 42756348 42756330 42756322 42756300 42756264 42756247 42756160 42756149 42756110 42756087 42756069 42756045 42756043 42756019 42755996 42755955 42755882 42755864 42755818 42755796 42755686 42755663 42755647 42755602 42755580 42755543 42755518 42755501 42755454 42755436 42755422 42755372 42755313 42755266 42755265 42755206 42755184 42755148 42755122 42755095 42755090 42755055 42755036 42755007 42754963 42754949 42754912 42754893 42754877 42754834 42754805 42754704 42754688 42754647 42754633 42754615 42754608 42754589 42754578 42754524 42754505 42754479 42754442 42754439 42754417 42754413 42754398 42754384 42754367 42754242 42754228 42754207 42754198 42754181 42754155 42754123 42754113 42754073 42754045 42754050 42754033 42754021 42754004 42753891 42753870 42753868 42753846 42753838 42753798 42753732 42753700 42753687 42753676 42753674 42753670 42753642 42753626 42753628 42753567 42753550 42753533 42753506 42753467 42753416 42753397 42753391 42753368 42753343 42753325 42753328 42753295 42753272 42753242 42753208 42753211 42753207 42753206 42753160 42753122 42753115 42753101 42753093 42753052 42753048 42753020 42752994 42752958 42752924 42752900 42752882 42752869 42752840 42752836 42752835 42752804 42752770 42752742 42752708 42752691 42752683 42752629 42752615 42752590 42752575 42752553 42752524 42752459 42752441 42752431 42752348 42752339 42752318 42752272 42752243 42752184 42752181 42752119 42752008 42751953 42751942 42751931 42751923 42751923 42751926 42751899 42751850 42751847 42751802 42751803 42751760 42751743 42751718 42751658 42751652 42751596 42751576 42751573 42751553 42751486 42751459 42751412 42751408 42751361 42751350 42751328 42751307 42751283 42751264 42751236 42751207 42751180 42751182 42751160 42751157 42751120 42751094 42751051 42751029 42751009 42750993 42750976 42750968 42750936 42750913 42750867 42750840 42750793 42750773 42750770 42750771 42750798 42750812 42750824 42750825 42750896 42750940 42751057 42751084 42751132 42751155 42751159 42751159 42751229 42751276 42751274 42751313 42751387 42751419 42751430 42751435 42751434 42751464 42751479 42751485 42751502 42751518 42751524 42751597 42751618 42751624 42751672 42751699 42751783 42751806 42751806 42751820 42751850 42751878 42751880 42751890 42751972 42751984 42752005 42752036 42752056 42752068 42752071 42752091 42752139 42752150 42752157 42752182 42752213 42752218 42752293 42752299 42752349 42752357 42752379 42752391 42752408 42752415 42752441 42752444 42752485 42752502 42752500 42752613 42752620 42752627 42752646 42752672 42752689 42752711 42752719 42752783 42752807 42752806 42752838 42752867 42752922 42752941 42752968 42753065 42753068 42753100 42753118 42753134 42753145 42753181 42753189 42753215 42753240 42753257 42753256 42753295 42753321 42753390 42753405 42753428 42753455 42753477 42753525 42753574 42753601 42753626 42753628 42753710 42753751 42753774 42753776 42753822 42753840 42753913 42753940 42753961 42753983 42753982 42754018 42754048 42754064 42754084 42754133 42754152 42754180 42754200 42754206 42754261 42754279 42754300 42754327 42754336 42754344 42754351 42754351 42754382 42754448 42754460 42754458 42754457 42754498 42754505 42754551 42754608 42754635 42754660 42754665 42754679 42754699 42754720 42754741 42754761 42754760 42754789 42754793 42754794 42754801 42754844 42754856 42754892 42754906 42754916 42754931 42754949 42754963 42754987 42755044 42755076 42755073 42755077 42755082 42755085 42755157 42755202 42755219 42755247 42755286 42755341 42755368 42755401 42755399 42755411 42755410 42755409 42755436 42755483 42755552 42755578 42755602 42755610 42755622 42755677 42755687 42755713 42755719 42755720 42755747 42755759 42755768 42755773 42755800 42755818 42755828 42755832 42755840 42755842 42755910 42755930 42755983 42756009 42756025 42756113 42756112 42756132 42756134 42756134 42756141 42756151 42756155 42756179 42756203 42756224 42756264 42756269 42756267 42756272 42756287 42756300 42756332 42756371 42756386 42756404 42756518 42756575 42756604 42756611 42756619 42756659 42756663 42756664 42756682 42756717 42756721 42756745 42756819 42756871 42756897 42756917 42756952 42756949 42756980 42757020 42757024 42757061
500
36 466 267 138 304 331 114 374 240 189 413 418 233 385 257 342 471 427 358 20 436 370 129 397 11 491 153 83 23 430 283 402 389 227 135 457 305 94 216 171 119 230 3 210 205 226 158 26 197 80 239 133 102 416 1 34 120 334 124 349 313 275 336 443 337 497 231 52 492 357 422 478 111 49 300 373 184 378 259 35 309 290 44 261 24 103 272 223 329 78 308 255 176 355 474 76 461 96 21 150 426 137 169 194 201 215 460 274 108 271 421 71 453 190 356 249 214 167 380 109 371 428 70 359 379 161 279 333 377 118 178 222 489 462 294 41 345 306 13 9 479 481 415 346 123 317 467 122 174 316 127 209 500 289 250 193 232 281 483 182 200 319 8 66 335 298 477 238 391 144 270 17 68 140 88 265 354 410 50 278 162 175 451 225 408 191 353 338 394 143 444 409 204 160 112 432 295 390 469 126 235 173 107 152 61 12 425 269 5 38 366 33 79 163 105 39 43 332 117 340 57 85 403 495 164 441 206 113 165 387 116 97 448 181 149 220 411 27 392 321 179 121 245 6 450 207 10 433 488 439 237 442 456 168 82 15 398 465 323 449 95 485 7 69 311 352 16 132 376 447 350 487 106 315 364 458 99 22 254 115 62 268 77 472 400 18 87 273 221 202 277 498 262 166 219 424 54 482 131 486 320 154 412 195 455 213 399 369 407 98 362 55 25 4 393 263 229 365 90 151 192 104 30 367 480 434 252 81 361 86 347 145 375 84 172 326 351 264 139 187 136 45 32 170 494 414 473 242 130 405 303 51 293 142 63 247 125 58 128 147 253 157 452 146 440 327 91 493 388 297 325 110 224 180 241 217 348 287 330 437 381 463 101 324 468 186 435 464 344 236 246 382 65 363 383 28 368 258 284 396 155 266 322 318 288 59 476 141 2 406 260 60 74 291 75 42 228 40 14 159 429 299 496 372 276 183 282 208 360 196 470 285 67 212 37 198 243 341 339 93 386 156 446 401 47 251 438 343 19 431 53 185 312 29 134 384 100 248 256 177 484 199 292 307 296 64 280 31 302 417 48 328 445 188 286 419 490 454 499 244 310 56 89 475 218 314 92 73 211 203 46 148 234 420 423 404 459 72 395 301
