1000 1000
46 595 473 569 185 273 108 728 906 252 907 236 391 814 709 458 133 502 730 334 149 198 74 338 67 265 983 186 235 620 736 181 869 245 832 750 923 265 671 884 320 842 70 518 371 529 680 99 947 240 471 49 406 972 197 780 557 657 949 434 954 342 393 509 621 474 869 881 19 486 100 230 393 685 169 135 215 499 577 772 560 58 255 870 952 122 303 9 479 465 223 383 774 713 723 106 255 938 809 249 802 520 68 103 77 726 100 289 52 458 62 287 506 75 912 492 54 121 864 265 145 948 925 255 982 207 38 68 355 222 322 799 400 958 616 343 278 300 744 994 489 384 561 186 577 339 956 36 846 751 720 219 890 823 696 163 203 71 714 386 688 837 298 60 188 775 150 526 225 439 731 690 704 565 400 517 358 827 881 974 336 879 775 585 306 668 854 338 700 170 959 861 119 991 303 909 879 190 72 196 177 103 70 867 814 599 205 298 152 210 401 898 709 374 301 41 314 826 168 830 450 838 581 797 463 821 195 885 360 32 221 936 644 181 57 435 349 400 198 584 360 320 906 984 557 958 866 4 18 265 391 877 765 30 221 698 633 622 436 875 160 375 964 764 394 256 669 660 941 191 437 862 102 686 542 831 111 126 407 930 849 882 257 768 364 471 349 804 260 618 548 118 446 139 503 270 524 72 328 156 933 205 577 893 289 763 364 856 243 686 922 706 32 268 880 447 911 971 806 162 769 497 194 511 795 18 405 175 82 70 676 428 6 289 570 941 626 167 947 364 699 991 12 725 278 711 194 210 175 113 193 486 376 340 22 766 959 326 302 311 211 81 104 563 248 299 736 238 304 979 781 544 701 240 342 420 92 892 745 241 332 561 12 758 16 691 664 251 257 78 658 173 776 169 147 75 458 172 995 519 308 669 569 407 41 873 942 653 466 954 364 75 197 756 601 3 722 484 432 454 258 443 537 763 432 791 95 290 4 154 331 26 646 176 767 384 688 947 910 560 719 433 794 601 763 217 822 909 477 121 854 678 97 59 835 351 628 98 451 657 199 504 792 965 349 593 743 490 17 525 173 783 660 97 765 363 894 776 213 203 594 393 674 652 623 721 48 178 299 938 399 280 227 91 562 49 473 946 849 630 278 519 794 160 120 107 452 489 861 506 68 582 872 324 852 688 19 154 968 220 406 783 874 847 447 565 889 493 331 186 654 524 660 82 831 805 724 551 247 459 344 629 821 247 904 563 796 754 414 8 756 956 237 338 494 166 860 349 318 715 795 961 404 84 229 749 11 332 119 211 526 944 664 612 199 668 73 221 130 634 575 402 170 372 799 234 322 932 337 715 63 937 456 848 868 269 921 64 358 326 674 801 345 898 781 228 298 750 485 107 463 999 911 536 499 418 125 496 943 426 695 248 333 817 235 350 959 233 615 115 496 874 620 192 208 927 62 567 46 668 801 883 313 411 238 691 936 319 38 611 83 584 622 771 241 281 539 363 339 406 64 839 113 802 374 952 139 528 284 28 435 104 479 751 721 12 243 154 967 499 155 227 223 926 677 492 961 994 569 16 889 645 428 179 265 436 448 346 307 780 326 324 57 472 695 231 872 603 559 829 914 654 579 688 291 92 133 860 503 123 549 596 170 926 506 160 72 73 841 29 630 653 781 941 104 925 184 609 469 799 921 861 464 983 439 267 432 377 597 938 706 806 958 319 957 576 274 117 486 513 810 122 245 697 113 682 832 583 707 799 663 642 474 241 600 656 423 395 236 894 622 30 241 449 301 330 9 277 46 930 827 828 170 903 969 889 657 424 330 373 280 409 288 986 306 737 676 807 706 968 281 643 399 289 150 661 641 468 304 595 843 23 712 521 994 582 832 253 925 825 820 889 710 509 159 577 72 197 107 381 488 507 821 512 225 641 768 90 763 965 729 451 331 901 587 906 377 831 620 237 838 852 519 761 61 29 308 45 908 14 677 522 762 531 98 205 107 633 799 352 10 518 924 653 278 611 805 725 440 176 27 641 420 553 84 126 190 664 982 606 55 123 698 877 544 184 566 617 926 510 779 30 983 750 745 361 164 209 479 763 327 915 967 616 406 985 697 552 209 199 111 366 393 541 154 64 105 75 363 694 434 674 540 518 841 445 728 622 36 904 87 772 973 967 103 203 637 51 608 183 253 185 838 779 209 59 21 969 510 202 608 266 326 764 282 870 697 83 393 302 190 375 943 7 35 949 11 26 361 431 968 59 251 30 60 191 968 317 179 1 
1 217
3 79
7 800
8 637
9 54
12 171
13 269
15 573
20 951
21 759
22 73
24 708
25 687
27 723
29 382
30 958
33 694
36 264
37 636
38 251
39 365
42 465
44 886
46 456
52 563
54 618
55 374
56 351
59 296
62 5
5 427
63 804
64 168
67 155
70 722
73 2
2 129
74 176
77 683
79 742
84 825
87 722
98 982
99 625
103 418
104 211
106 998
110 108
112 327
121 133
122 268
123 367
124 852
125 245
129 951
131 890
132 976
135 867
136 18
139 504
140 910
141 65
65 422
143 441
144 917
145 874
147 290
148 167
151 917
160 494
162 120
120 19
19 827
163 307
166 843
167 776
170 719
174 565
175 606
176 200
180 371
182 137
137 245
184 47
47 238
186 406
187 474
191 613
196 154
199 926
202 921
208 991
209 203
203 764
210 269
216 928
218 66
66 397
221 519
223 116
224 728
225 612
231 164
235 933
236 263
241 489
246 846
251 10
255 469
263 642
265 134
134 412
266 794
268 333
272 896
275 267
276 861
278 292
282 615
287 337
289 617
291 586
293 739
294 573
298 998
303 661
304 88
88 242
242 717
306 372
311 50
50 281
317 996
319 195
195 549
320 381
321 171
171 341
322 345
325 157
157 670
328 169
169 286
329 983
330 68
335 32
32 476
336 915
337 479
338 886
341 615
342 374
345 461
346 127
127 593
352 384
353 934
355 420
357 240
358 656
359 943
362 238
367 753
373 774
375 271
376 82
82 253
381 553
384 632
385 118
118 924
386 498
390 904
393 515
396 383
399 985
400 632
404 803
414 706
416 95
95 437
418 581
419 721
420 332
423 677
424 622
426 226
226 313
427 76
428 882
429 164
431 808
438 552
439 996
440 663
442 691
446 921
449 986
450 796
451 11
11 158
158 405
405 557
452 762
453 876
456 992
457 984
458 90
90 200
459 238
238 929
460 895
461 198
462 408
408 262
262 955
463 602
468 863
472 78
475 233
233 72
476 295
295 380
478 868
480 624
481 133
133 737
482 344
483 508
486 259
259 312
312 377
377 300
487 274
274 382
382 891
490 946
492 247
247 498
494 34
495 682
497 256
256 185
501 852
506 348
348 808
507 109
109 283
283 469
510 969
512 286
286 159
159 922
515 10
516 649
518 675
519 206
524 394
527 97
97 726
528 406
531 660
535 179
536 645
538 812
540 356
542 767
543 583
547 57
57 640
550 643
551 154
154 31
552 730
554 746
556 948
557 589
558 629
562 214
214 188
563 83
564 85
565 681
567 394
394 513
513 92
92 114
114 60
568 852
571 315
573 326
576 347
577 649
581 590
583 389
389 102
585 484
588 307
593 470
594 677
595 43
597 636
598 150
600 152
603 398
398 91
91 741
606 152
607 746
608 590
590 537
537 678
609 455
455 843
611 951
613 388
388 623
614 173
627 391
635 529
637 616
638 991
639 936
640 633
641 83
83 624
642 172
643 403
403 309
645 504
504 949
647 533
533 318
649 107
650 592
592 493
493 441
652 28
28 761
653 113
654 227
227 819
656 887
657 58
58 560
660 434
434 553
663 108
664 610
665 364
364 713
668 113
669 523
523 471
471 832
671 454
454 213
672 211
211 378
378 270
270 783
673 651
651 587
587 422
674 955
675 332
676 323
677 314
314 86
86 788
678 94
680 230
683 96
96 621
621 615
615 694
685 413
686 770
689 566
566 433
433 955
690 113
113 855
691 212
692 100
693 130
695 149
696 204
204 894
697 207
207 862
698 254
699 906
700 708
702 929
704 602
705 610
707 232
708 774
709 509
509 230
230 340
340 421
710 582
582 305
305 636
636 849
711 860
712 767
715 860
717 766
718 229
229 258
258 813
719 369
720 290
290 845
722 368
724 415
725 185
726 872
727 107
107 561
732 43
43 413
413 889
733 750
734 544
736 827
737 366
742 153
153 111
111 505
505 980
745 885
747 467
750 85
751 215
215 334
334 586
752 574
574 432
432 625
625 575
575 6
6 728
753 887
754 411
411 292
292 307
307 855
755 687
758 473
473 815
759 954
760 853
764 546
546 741
741 682
765 936
768 269
771 239
772 749
749 217
773 279
774 491
775 790
777 164
164 397
779 351
781 285
782 810
783 826
786 237
787 240
240 999
789 41
790 761
791 354
792 703
794 947
798 161
799 619
619 213
213 682
682 644
802 833
805 500
500 743
743 990
809 589
589 146
146 721
721 923
810 161
161 522
811 192
192 681
681 368
368 632
812 713
813 372
818 302
302 994
819 250
821 356
823 706
825 477
477 553
826 761
761 489
827 662
662 48
828 866
829 254
831 179
179 299
832 778
834 534
835 401
401 253
253 228
836 496
839 526
526 784
840 969
842 997
843 553
846 851
849 152
152 548
850 281
851 465
852 85
85 762
762 740
740 776
853 820
820 280
280 738
738 391
391 911
854 93
93 848
848 572
572 383
856 69
69 521
521 548
548 808
859 474
474 34
860 988
861 769
769 890
862 412
412 248
248 34
863 713
713 904
864 138
865 757
757 417
417 806
868 365
870 402
402 48
48 943
871 370
876 222
222 841
877 188
188 219
882 108
884 508
508 190
886 766
766 1000
887 466
466 623
889 237
237 503
503 76
76 16
16 435
435 714
714 116
116 53
890 489
489 181
181 310
310 534
891 363
363 379
379 992
892 511
893 316
316 644
644 928
894 867
867 201
201 178
895 269
896 220
220 356
356 584
584 624
897 142
142 80
80 956
898 308
901 549
906 525
525 502
502 612
908 723
723 748
748 425
425 284
284 679
910 469
469 115
115 332
332 467
467 646
646 688
688 520
911 988
912 808
808 539
539 410
410 72
913 245
245 327
914 604
604 138
138 244
244 514
514 409
409 297
916 232
232 51
51 924
919 347
347 997
920 318
318 899
899 436
921 885
922 822
822 365
365 739
739 570
924 947
926 633
633 327
327 309
309 380
380 105
105 277
277 679
679 918
918 351
351 254
254 909
909 333
333 815
815 767
927 905
928 947
930 605
605 544
544 447
447 879
879 264
264 49
933 285
285 407
407 296
296 729
934 239
239 545
545 788
935 130
130 530
530 430
430 383
383 570
936 943
938 872
872 315
939 331
331 658
658 326
941 150
150 173
173 339
943 349
349 261
261 841
841 484
484 874
874 806
806 905
905 917
917 517
517 746
746 599
599 445
445 632
944 243
243 780
780 10
947 561
561 915
915 730
730 667
667 491
491 61
61 716
948 875
951 444
952 415
953 620
620 360
360 178
178 984
955 885
885 485
485 623
956 534
534 618
618 549
549 855
855 844
844 470
470 570
957 72
958 946
946 694
960 117
117 194
194 421
961 596
596 830
830 326
326 801
801 101
101 189
189 931
963 156
156 421
421 634
634 559
559 60
965 297
297 219
219 763
763 108
108 350
350 964
964 586
586 387
387 496
496 716
716 932
932 165
966 622
622 837
837 206
969 903
903 940
940 60
970 4
4 661
661 784
784 602
602 89
89 126
126 785
785 962
962 190
190 770
770 869
869 788
788 10
10 370
370 499
971 553
553 313
313 858
858 824
824 200
200 767
767 267
972 629
629 257
257 479
479 995
973 880
880 655
655 71
71 281
974 234
234 923
923 78
78 267
975 18
18 967
967 354
354 570
570 776
776 128
128 883
883 17
17 612
977 873
873 612
978 626
626 40
40 339
339 931
931 578
578 395
395 817
817 950
979 14
14 616
616 795
795 816
816 102
980 366
366 929
929 612
612 976
976 617
617 706
706 610
610 392
392 569
569 301
301 648
648 206
206 49
49 793
793 499
499 857
981 803
982 464
464 670
670 35
983 954
954 601
601 361
361 925
925 520
520 942
942 406
406 165
984 273
273 75
75 904
904 100
100 959
959 833
833 797
797 45
45 343
343 529
529 198
198 731
731 541
986 252
252 60
60 34
34 260
260 875
875 701
701 488
488 888
888 803
987 279
279 269
269 23
23 555
555 756
988 866
866 949
949 441
441 735
735 950
950 631
989 729
729 807
807 847
847 443
443 511
511 81
81 703
703 422
422 632
632 778
778 756
756 102
102 436
436 397
397 212
212 281
281 415
415 26
990 728
728 684
684 168
168 560
560 857
991 177
177 465
465 444
444 217
217 803
803 448
448 26
26 532
532 172
172 205
205 300
300 814
814 666
992 845
845 249
994 630
630 541
541 838
838 999
996 323
323 324
324 437
437 796
796 902
902 968
968 804
997 185
185 937
937 72
72 344
998 193
193 94
94 631
631 250
999 624
624 267
267 35
35 68
68 623
623 228
228 591
591 374
374 31
31 250
250 308
308 985
985 804
804 666
666 371
371 165
165 149
149 993
993 271
271 878
878 344
344 119
119 857
857 628
628 995
995 249
249 299
299 315
315 41
41 900
900 744
744 183
183 369
369 687
687 659
659 372
372 197
197 288
288 800
800 694
694 522
522 945
945 881
881 53
53 579
579 580
580 498
498 907
907 155
155 1000
941 679 352 994
112 236 981 984
882 908 336 832
124 862 424 463
389 293 242 909
423 159 234 739
774 265 661 671
836 257 785 817
656 44 187 650
751 305 15 152
828 813 401 783
77 544 257 485
366 152 220 942
738 13 738 974
150 636 199 859
56 200 113 638
632 766 7 983
143 16 781 896
693 989 236 366
231 334 351 998
689 748 505 892
799 384 447 544
35 771 77 735
330 327 124 425
983 541 771 786
549 1 309 860
327 243 74 845
986 920 914 946
974 728 344 598
568 281 36 862
468 276 646 706
601 86 9 321
293 666 393 498
163 876 501 571
657 521 506 883
671 278 203 522
845 38 708 864
701 160 239 738
265 128 499 931
582 909 298 895
297 499 655 680
104 706 703 949
156 526 134 896
541 296 694 991
775 221 14 651
548 462 20 585
555 832 367 423
607 676 396 595
435 538 102 587
188 769 283 577
375 866 501 885
549 846 55 191
547 421 88 197
623 305 5 681
545 794 183 362
710 715 613 728
299 37 14 572
624 795 249 463
410 677 530 694
573 481 404 730
722 846 120 207
366 27 240 802
987 184 162 259
851 339 149 704
722 158 707 943
851 262 425 792
133 231 394 750
888 503 414 962
939 73 268 644
911 714 381 718
642 305 409 644
685 842 163 569
614 892 623 640
933 564 156 755
265 865 417 785
763 897 165 589
382 204 165 521
556 368 169 872
885 60 299 460
260 898 254 623
666 758 130 440
167 308 302 786
301 977 733 787
328 632 668 912
779 480 458 601
61 204 235 503
636 883 106 514
88 233 50 891
179 414 174 840
240 853 19 786
818 104 383 824
174 122 15 911
171 205 269 930
576 421 276 692
823 341 78 699
610 489 184 230
931 579 265 988
536 241 206 211
398 79 82 519
821 233 78 779
909 284 844 956
183 669 135 756
991 834 80 522
657 752 590 649
81 341 406 847
367 727 195 531
243 332 100 537
486 579 121 612
889 219 920 936
193 811 216 514
459 58 417 877
293 864 140 285
30 84 167 332
974 247 84 294
561 129 278 429
543 690 97 575
320 44 265 550
775 927 535 703
324 845 374 597
742 112 202 232
25 560 188 514
292 25 395 839
638 332 110 622
531 309 227 329
721 925 55 365
328 777 722 739
65 323 518 533
621 463 89 939
858 817 929 943
882 661 604 849
540 103 255 673
215 700 98 159
156 864 34 910
180 873 620 981
634 220 85 697
778 639 510 521
633 271 488 521
303 275 561 860
411 736 159 806
757 39 961 981
234 692 897 984
51 407 45 716
831 632 283 816
219 39 321 865
463 938 274 902
507 667 19 31
705 593 390 959
476 182 324 983
642 536 77 948
126 556 139 827
233 184 592 642
882 47 348 722
75 131 521 604
142 854 180 367
424 97 273 766
693 273 360 680
612 430 46 650
284 174 183 352
31 866 184 763
398 263 118 899
973 760 475 966
249 602 332 548
343 808 253 271
583 368 9 46
152 701 244 961
261 638 68 248
889 271 10 214
792 199 133 224
206 338 785 914
99 56 532 710
855 582 8 116
554 739 446 951
887 509 82 311
794 469 567 584
320 288 407 935
550 887 112 602
669 210 221 246
124 649 419 933
591 875 306 539
406 874 268 1000
681 614 396 694
546 169 72 101
915 171 119 760
322 272 163 772
498 783 474 672
685 723 371 392
263 207 31 426
636 477 76 318
12 608 42 383
38 996 680 832
274 778 405 693
452 816 374 791
446 832 183 408
533 144 117 597
431 234 499 829
435 701 113 225
602 683 507 781
324 580 392 662
78 492 236 859
211 896 371 935
40 431 462 724
420 150 305 436
128 908 791 953
155 912 185 697
18 328 745 812
318 843 627 823
550 64 15 944
31 105 336 687
352 787 335 742
491 271 344 796
1 13 222 373
309 695 301 501
140 165 28 380
859 152 430 747
458 616 602 935
40 249 165 345
767 171 158 543
817 714 230 970
242 934 519 705
640 851 85 621
625 115 470 540
20 786 496 910
651 563 178 260
63 122 171 314
516 153 437 823
630 135 78 962
820 653 3 733
284 395 201 922
440 467 201 624
264 779 174 425
288 153 664 901
546 194 483 641
303 972 56 352
395 173 205 264
318 220 107 192
74 254 140 809
865 803 79 465
983 146 456 755
537 2 173 642
940 923 224 443
448 860 537 867
734 918 296 831
792 281 458 845
233 878 828 938
725 844 213 935
266 47 6 527
414 22 151 691
314 444 208 676
584 185 454 504
666 905 105 771
915 550 236 969
217 162 67 389
923 607 642 741
359 394 176 362
480 261 112 256
206 877 780 984
582 915 474 604
668 422 17 325
134 105 182 969
643 681 277 918
371 707 359 393
208 83 48 453
70 295 292 508
79 325 656 708
699 82 255 277
918 438 242 738
977 324 47 603
54 997 125 488
598 359 715 806
685 922 614 837
137 604 20 823
790 38 434 764
430 783 220 629
983 135 438 961
517 718 601 768
922 885 88 321
139 77 551 927
357 704 128 358
871 429 337 928
658 551 139 932
119 248 153 164
359 146 242 332
601 327 425 912
879 337 558 710
74 740 102 845
416 435 69 320
314 144 433 623
931 544 174 914
886 6 587 931
543 87 196 509
925 94 44 464
22 257 873 1000
100 60 622 848
286 572 7 770
282 958 521 681
785 217 593 986
932 186 523 971
350 791 825 928
962 493 272 697
374 837 174 791
919 349 263 624
320 556 59 661
669 144 151 832
325 683 724 905
232 746 520 596
364 768 479 494
262 595 58 135
120 182 393 889
550 983 620 947
29 737 309 815
917 340 249 956
814 804 48 575
842 248 86 627
562 516 750 863
156 72 69 949
370 842 398 688
318 402 151 949
853 989 712 869
242 484 31 871
981 357 22 917
363 314 220 225
615 977 345 801
281 661 179 795
702 122 672 732
329 182 358 555
161 94 275 471
474 647 456 482
712 870 157 626
938 939 300 394
355 81 540 871
591 232 617 804
548 7 109 372
302 963 174 174
16 590 389 414
455 428 292 571
825 88 40 475
791 639 270 801
543 434 559 610
349 186 310 632
874 231 98 838
197 218 582 999
178 460 402 528
336 565 100 195
64 665 593 734
690 841 254 295
402 862 193 282
363 523 99 318
970 908 267 499
55 17 26 522
32 367 317 511
350 89 610 1000
635 11 15 157
948 263 156 638
548 940 130 319
754 844 256 696
660 972 156 185
995 729 11 935
193 729 76 350
736 400 295 880
604 748 596 933
188 227 258 506
294 388 77 591
417 579 108 836
86 969 225 260
913 859 34 965
669 409 126 359
814 962 733 922
803 182 314 557
579 116 140 274
647 446 657 810
864 762 47 507
162 730 777 843
250 205 77 844
932 719 445 543
753 607 472 1000
918 600 31 165
136 682 291 698
7 34 22 992
80 719 589 882
192 998 165 391
525 705 94 596
615 187 6 442
423 695 66 978
871 738 70 196
115 742 756 976
470 288 409 758
432 148 225 381
174 503 536 701
802 822 488 553
277 325 170 198
618 490 523 559
973 548 145 224
620 710 251 389
829 560 416 427
296 575 25 911
502 188 548 745
458 155 133 178
407 325 432 884
834 784 472 587
1 197 450 566
300 835 816 963
803 650 839 885
593 362 99 329
31 677 313 342
412 834 83 672
187 363 505 580
950 738 933 970
122 303 267 285
346 429 449 988
505 342 484 764
858 700 296 514
546 578 236 540
896 890 203 954
731 296 417 809
86 110 253 655
736 465 832 943
31 405 824 836
277 869 221 860
635 381 371 968
990 715 148 727
455 651 211 387
543 730 13 343
210 190 233 595
99 732 411 908
169 41 509 518
89 677 349 906
12 493 203 595
539 360 646 743
407 277 46 640
126 187 99 214
835 168 15 160
700 598 433 535
122 683 228 643
141 895 33 153
158 28 56 908
457 1 2 822
155 528 401 850
840 473 93 375
16 766 104 651
954 776 270 907
794 201 386 671
791 404 66 126
552 738 624 747
777 111 696 746
640 228 144 512
509 5 800 914
121 838 793 809
206 962 387 631
935 909 394 585
329 299 270 476
683 279 418 436
154 304 103 167
888 337 19 999
654 256 345 829
831 538 281 299
958 533 234 930
307 645 155 864
203 819 533 853
422 603 641 825
708 717 361 728
930 111 72 451
185 841 110 687
137 385 505 967
412 847 133 912
517 315 12 540
323 262 430 743
113 495 562 767
720 703 143 534
646 638 295 514
249 127 381 844
39 194 138 292
928 714 24 296
182 190 326 462
763 67 490 908
948 105 101 454
165 292 97 777
461 375 366 449
843 932 312 617
385 919 398 896
328 156 331 912
997 910 126 265
290 889 696 714
432 650 276 738
411 734 568 943
574 72 543 692
969 519 378 763
568 807 459 510
830 647 464 758
738 875 101 220
65 370 585 970
76 179 309 799
59 491 508 673
266 83 347 410
250 368 258 525
59 474 92 258
882 409 664 833
422 389 553 974
479 597 100 835
776 338 33 428
100 477 348 886
359 126 443 922
311 943 55 84
571 64 146 949
786 580 75 763
679 284 246 783
316 874 594 823
901 841 504 792
454 355 465 855
527 219 687 886
863 388 227 730
431 393 148 236
848 511 421 581
688 296 5 293
288 489 59 100
666 766 674 852
274 469 338 740
681 208 281 833
386 599 116 391
743 37 314 619
995 306 55 455
630 921 156 176
572 874 419 894
831 259 287 302
566 611 53 392
814 79 471 551
216 616 403 419
923 941 637 807
388 749 139 505
307 559 67 130
735 982 371 652
469 295 106 885
573 789 387 658
997 111 314 774
922 999 184 277
700 647 426 491
810 840 14 962
526 139 408 772
42 211 95 939
962 450 340 887
924 531 306 794
310 648 206 890
463 989 397 883
577 764 197 611
277 27 107 739
175 723 109 221
451 178 556 686
473 899 276 742
485 973 190 639
682 937 560 567
32 576 267 788
906 733 262 376
197 974 80 501
455 672 120 870
84 179 340 570
471 116 623 756
743 307 326 343
816 756 441 580
675 665 49 882
816 592 294 928
675 97 30 237
341 715 115 382
221 263 803 954
278 172 88 303
419 869 299 595
728 248 105 503
210 377 286 990
746 215 333 964
742 956 59 230
889 642 571 607
373 156 86 948
453 739 324 961
87 747 260 738
514 854 90 696
541 814 504 945
680 72 459 740
359 631 663 898
700 847 45 915
675 572 371 608
173 322 161 268
93 478 298 942
279 148 434 472
802 66 282 591
915 933 488 766
180 115 281 936
917 785 25 901
498 902 182 250
852 23 87 793
637 44 252 917
206 771 42 343
59 596 290 909
58 933 203 349
23 382 312 841
996 279 563 727
599 289 189 197
524 475 165 824
381 646 379 952
791 427 57 573
303 923 696 904
29 807 511 893
864 394 153 176
474 219 638 782
668 791 607 825
229 214 693 943
687 237 223 807
75 956 87 722
455 713 81 701
525 589 118 373
141 789 32 666
429 324 367 686
857 983 441 482
854 73 65 93
75 912 71 562
641 495 683 705
594 381 544 665
321 910 542 638
992 425 468 967
184 914 173 671
708 353 418 710
295 250 175 315
223 286 580 617
922 10 59 225
496 23 453 651
737 2 716 883
177 604 358 727
976 141 41 472
231 373 605 623
528 243 424 601
509 121 685 923
356 839 240 779
866 719 528 691
637 929 354 819
918 384 406 704
751 757 331 746
825 963 254 830
842 914 180 734
4 232 611 905
697 380 654 682
102 765 691 840
966 587 31 590
369 500 51 453
68 810 222 321
355 27 632 919
68 193 59 82
709 42 221 571
9 867 576 627
767 369 118 496
443 936 129 454
377 136 119 204
496 716 90 286
843 381 403 916
350 839 407 972
15 497 20 49
434 899 156 497
346 27 293 674
637 73 483 817
415 228 115 731
449 956 383 488
11 129 130 938
376 747 496 634
778 756 224 355
126 604 620 625
257 379 208 708
122 388 131 640
186 624 656 994
889 144 264 820
739 751 74 395
379 343 622 967
551 659 624 848
316 13 137 858
379 50 9 772
556 106 162 523
554 692 536 765
320 425 323 509
834 16 51 903
670 418 41 737
508 30 157 578
549 688 605 683
984 646 337 537
139 820 145 720
79 712 254 875
20 312 314 608
568 834 255 533
874 828 587 893
292 141 750 823
912 324 897 994
273 688 776 797
381 184 369 454
482 180 852 906
655 379 490 968
837 638 270 652
622 29 29 677
236 249 636 856
805 145 461 712
141 217 230 781
340 688 190 874
410 344 850 953
361 572 515 558
770 5 563 810
394 309 591 935
70 520 230 988
404 511 472 789
180 415 101 681
384 418 54 869
208 597 120 752
120 129 20 66
422 565 416 732
214 556 444 792
217 875 189 589
734 846 9 34
607 756 515 794
191 296 102 626
146 849 681 725
230 892 507 679
473 792 719 832
651 722 73 588
565 451 545 944
594 175 84 316
637 855 660 812
755 841 289 511
658 461 289 778
763 68 362 385
836 981 371 971
352 592 249 439
859 62 497 632
97 584 331 408
878 79 316 435
75 100 766 988
872 474 3 279
101 160 214 998
350 571 57 825
974 84 269 625
74 510 165 837
897 530 670 862
867 478 33 51
768 795 508 691
842 678 348 653
710 274 115 127
247 988 553 897
19 879 296 621
882 41 13 694
500 998 430 974
299 315 54 343
457 173 389 417
322 547 225 479
61 345 681 887
223 103 299 628
305 794 240 383
580 121 780 825
650 642 516 599
870 374 737 944
846 82 331 604
688 536 501 594
475 909 108 263
903 772 655 994
888 243 566 678
927 429 622 656
937 112 29 850
364 47 499 960
952 434 223 788
314 780 518 658
815 566 487 950
70 531 12 233
438 172 151 708
843 92 547 829
499 958 44 630
334 782 627 845
797 277 392 825
970 401 294 946
489 284 294 407
437 900 340 772
941 659 305 451
480 224 648 658
784 798 100 672
187 171 282 945
255 723 736 762
351 502 446 594
217 328 580 888
947 847 453 481
621 850 265 271
847 616 200 501
782 847 211 992
564 558 103 186
742 181 383 478
850 99 228 630
264 560 503 762
400 324 160 161
548 488 379 626
184 44 317 940
31 848 404 821
495 735 385 531
985 193 573 660
18 192 361 673
205 213 596 783
828 964 421 595
876 381 128 998
889 500 726 934
914 219 479 678
479 943 245 253
256 136 169 440
103 229 564 808
696 47 928 934
424 381 104 347
764 937 581 804
292 656 628 733
56 903 290 790
401 404 56 758
139 451 12 263
281 178 440 527
634 727 100 722
539 872 183 404
685 396 79 719
648 168 150 183
696 444 520 778
615 791 14 992
763 176 262 481
889 615 771 902
298 675 171 889
989 254 478 969
422 598 235 442
909 140 189 893
850 218 506 671
400 225 92 814
799 417 327 495
726 172 414 461
208 221 343 634
519 717 237 506
839 215 101 459
956 429 214 888
78 201 8 840
428 808 473 706
767 644 23 520
753 394 536 647
501 988 182 477
32 511 80 404
576 215 311 429
828 33 76 576
21 201 378 818
836 94 44 668
196 163 109 893
88 271 128 139
784 199 349 680
128 26 679 830
818 470 480 866
494 473 245 804
94 90 440 894
687 617 355 566
461 573 94 427
85 317 26 533
49 912 16 677
568 872 210 833
828 380 385 506
384 182 525 778
562 109 555 652
205 595 241 743
946 377 143 570
720 954 335 380
297 14 526 869
39 640 260 953
415 945 379 948
324 342 619 635
695 560 18 197
310 691 220 614
115 841 353 602
663 824 49 175
607 993 408 856
461 138 729 802
465 302 811 945
834 587 64 437
847 348 322 499
619 857 699 773
513 364 53 796
52 781 530 962
603 169 592 667
610 621 446 968
108 577 505 539
128 995 529 572
682 442 12 469
139 653 319 500
923 178 67 524
182 667 542 756
453 926 406 695
727 27 444 449
88 572 28 322
816 864 391 549
638 176 523 889
807 927 274 888
746 579 286 788
974 1 51 821
638 248 179 858
516 579 139 533
691 381 418 714
737 473 119 549
469 952 311 582
790 207 11 235
157 231 322 387
883 750 800 942
717 719 328 979
535 109 89 520
983 934 11 288
588 782 537 619
7 1 567 789
648 5 515 827
644 94 845 903
453 172 206 455
27 755 57 854
346 274 494 591
107 526 646 950
64 967 641 932
626 154 293 845
101 977 65 417
239 497 618 739
693 130 48 396
214 836 941 973
900 336 86 231
520 980 108 581
21 188 202 877
248 845 343 919
102 835 14 981
287 598 77 226
306 8 297 603
472 810 100 967
77 848 75 135
453 26 750 858
707 285 516 612
104 33 130 382
994 435 130 302
443 854 367 911
388 406 361 466
305 822 262 461
454 506 675 824
218 687 262 809
603 314 104 835
203 814 848 890
50 386 52 822
907 394 238 863
267 372 34 57
528 382 211 710
766 295 593 784
672 819 787 848
580 83 423 526
168 884 82 158
236 206 331 364
960 568 33 718
896 402 763 785
269 836 544 990
445 109 132 200
213 646 383 922
975 80 366 834
631 467 640 982
218 401 742 755
889 170 376 428
922 209 444 833
200 358 91 565
620 294 9 369
556 920 26 126
515 473 2 416
536 691 746 800
284 225 87 89
62 750 139 153
225 487 117 377
538 958 287 627
42 176 337 419
490 65 718 757
624 183 491 603
372 444 785 811
720 80 638 750
160 998 92 217
774 381 392 408
809 707 35 422
463 69 244 528
585 497 248 615
422 576 17 64
474 518 645 776
672 884 235 776
174 665 415 530
536 716 50 807
856 812 208 455
260 195 15 705
720 305 772 899
958 5 563 826
955 2 479 486
284 471 826 933
104 334 24 487
872 66 286 574
60 547 182 789
272 764 208 447
319 335 731 740
903 503 521 801
469 582 667 959
322 656 210 589
567 191 96 592
372 457 365 929
119 247 209 605
731 199 419 745
887 572 270 406
929 316 179 300
218 779 48 822
788 703 64 67
954 483 532 542
486 127 116 454
