95 3
01111100111010111110111111110110010111101111110111111111101111111111111110110111101001111010111
00100000001010101010101010100010101010101000001010101000101010101010100010000010101010101010001
11111111011100101111111111011110111101101010111111011101111010100111111111111111111100010111001
10101010101010001000101010101010101010101000101010001010100000100010101010100010101010000000000
11111101111110100111111111111111110110110011111111111111011110011111111110011111011011111011111
10101010101010101000101010101010100010101010001010101010101000101010101000101010001010100010001
01100111011110111110110111010111111011110110111111010111111111011111111011101110011111110111111
10101010000000101010101010101010101010101010001010100010001010101010101010001000100010100010101
10111111111011111111000111110010111111111111111100111111111011111011101111111101111101111110110
00101000101010101010001000101000101010100010101010101010101000100010101010001010101000101010001
00011001101011111111101101000100111111111111101101111101111111101001101001111010111011111011010
10101010101000100010001010101010001010001010101010101010001010101000101010001000101010101000001
10111111101001111011101100011111100101110101110111111111011111111111111111111100111100010110111
10101010101000101000100010101010100010101010101010100010101010001010101000101010101010100000001
11111111111001111110101110011011111101110101111111110101100011101110111111001011011101111111111
10000010101000101010101010101010000010101010101010100010101010101010101010101010101010101010101
11010101111100111111111011111111111100111011101111111110111101011101111100111111110010111100011
10101000101010101010101010101010101010101000101010101010101010001010101000101010101010101010001
00101110111111011101011110011001111111101111111101101010100111111101111001111111001101111011111
10001010101010101010000000101000100010101010101000101010100010100010001010101010000010101010101
11011111110111111010010011001110101111000111101111101111001100011011101011111001111101101111110
00000010100010101010101010100010001010001010101000101000101010000010101010001010101010001010101
11011111110101101111010110111101111111111011100100111101011011101110110111111111011011111111011
10101000001000100010101010101010101010101000101010100010001010001000101010100000101010101000001
11111111010001111111010011111011111011101001111011110111001101101111111011111111110100111110011
10000000001010101010100010101010001010101010001010100000001010100010100000101010101000101010101
10101111011110111110111000111111101011110011110111111100111011001111011001100101111110101011011
00000010000010101010101000001010101000100010101010001010101010000000001010100000001010101010100
11100101001001010111111110001100011110011111111101111001111101100111110111111101110011111111111
10001010101010100010101000000010101000101000101000100010001010100010101010101000101010101000100
11011110011011111001111111111011111111110101101111111001111011111100111111011111111111111101011
10101010101010001010101010101000101010100010101010101010101000101010101010100010101010101010101
11101100101011101101111011011010011011010111011011101011101110111111111111111101111110111111111
10101010101000101000001010000010101010101010101010100010101010100010101010101010101000101010100
10101111111011111111000111111111010101010101011101111111011111111111010101111011110100111001101
10101000000010101000101010000010101010101010001000101010101000101010001010101000001010101000100
10010111111101101111111011011101110011111111011111011011111011101100111110101110100100111011111
10101010001010101000101010101010101010100010101010100010101010101000001010101000101010000010100
10001111111101101111101110111111101111011011111010110111101010011011111111111010111101111110001
10101000001010101010101010101010001000100010100010101000000010101010101010101010000010101010100
10111111111001111111011001011111101001111101010101101111101111111011110111111011111111011110111
10101010101010101010101010101010101010101010000010101010001010001000101010101010101010101010101
10111110011100010011011111001111110001111111011111101111101101111111101110100111010010100111101
10101010001000101010100010100000001000101010101010101010101000101000100010100000101000101010100
11111111011111011111111001011111111101101000001110101111111011011011001011011111111111011111111
10100010101000101010100010100010101010001000001010100000101010101000101000101010101010000010001
11001111111101111111111011110111101011101110001101111010101111011110100000111110111110111101110
10100010101010100010000010100010101010101010101010100010101000000010101010101010101010100010100
01111101011111111101110100101011001110111110010111110101101011011111011110101111111011111011101
00001010100000101010001000101010101010101000101010100010001000001010101000101010101010100010100
10010100111111011001001011011110111101011101111100111011101010101111111111111111111111110111111
10101010101000101000100000001010000000101010101010101010101000101000101000101010101000100010100
11111101101111011011111111111000111101111011111111011111110011101111111000111111001010101100101
10001010000010101010100010101010101010100010101010101010101010101010101000001010101010101010101
11110111001111100111111101010001101100000111111110011111111010111111110100001110011111110011111
10101010101010100010101010100000101000101010101010001010101000101000000010101000001000101010100
11011100111101111111101111011111110011001101111011001011110111110101001111111110101111100111111
10001010101010101000100000100010100010001010101000101010101010101010101010100010101000100010101
10111101010010001011011001111110100111101011111111011111010101110011111000111111100010111001111
10100010101000100000001010101010101010101010100000101010000000100010100010000010001010100010100
11100001011111111111111100001011111110111011111000101100010001111111110101111011111111111111111
00001000101000101000001010101010101000100010101010100010101000001010101010101000101000100000101
11100100110010011111111111110101111101111111110111101101010110111111111001111101110111010111111
10101010001000101010001010101000001010101000100000101010001000101010101010100000101000000010101
10100111111110110101111110011011111110111110010101110110100010110111010001001110110101110111110
10001010000010101010101010101010101010101010000010001010101010101010101010101000101010101010101
11111111111011111110111001011011111001111111110101111011110011111011010110110101001101110111111
10100010101000101010101010101000100000101010101010101010100010101000101010101010100010101000101
00100110111100101101110010111111111001011001111111010111111011010110101111111111111010100111101
10100010101000101010001010101010000010101000100010000000101000101010101010101010100010101010101
10100110111111111111001011011111111101011011011101111100010001111000000011111111011111101101111
00101010101010101000101010001010100000101010101010101010101000101010101010100010101010100010101
10111011011111101111101110111011110111111111111110111001111111011100111111011111010111011101111
10101010001010101000001010101010101010101010001010100010101010101000101010101010101010101000101
11110011111111011111111101111111101101011111011011111111111000011101111100001111000101111100111
10101010101010001010101000000000101010101000101010101000101010101010101010101010101000101000101
11111110110011110111110111101101111110110111101110011111101101111111101100111011011101001111111
00100000101010001010000010101010101010001010101010001000101010101000001010001000101010001010001
11011111110110101100110011011111100111101111111101110011110100101011100100111010010110101111010
10001000101000001010000010101010101010101010000010101010101010101010100000101010101010100010101
11111111101101011111111101111111111011110110100001011011110111111111111111111001110110111110111
10001000100010101000001010100000100010101010101010101010001010001000101000101000101010101010101
01111111011110111111011010111110101111110101010011001011011010111111111101111101110110111111110
10101000001000101010000010000010100010100010100000101010101010001010101010000010101010101010101
01110100111110110111110111101011101111011111111111101110111111101001100110011111111001101101001
10101000001010101010101010101010101010101000101000100010100000001010100010101000001010101010101
10101110101110111101111011011111010100100111101101101110010110000111001101111111101111111111011
00100010100010001000100010101010101010101000101010001010101000101010101000101000100010101000101
01101010111111110011111000111111111011111111011010010010101111011110011000111110111111111110010
00001010101010001010101010101010100000101010101010100010101010001010101000101000001000101010001
10111111101101111101101011011111110111100111111011100011111111101111011011011010001111111111000
10100010101010100010101000100010001010101010101000101010001010101000100010101000101000100010001
01100111010111111111101101111110111011011001111111111100111101011110111110110101101101111101001
00101010101010101010100000101010101010101000101010101010101010100000101010101000101010101010101
10011110101111101110101110100101011001110110011111110111100111110011111101111111111110011111101
