94 0
1011100111100111101111111111111110111111110101011110101101101110111011111111111010000111011111
1111011111101010111111110111111111111111111111111101111111000111110011111111111011110101100011
0011111101110101111111101011111111111111011111100111101111011110001100110111010111011111110111
1111110111101101111111111101111011101101101111011110111111010101101011011111001111111111011110
1101111111000110111110001010111110101101001011101111101111111101100111110100010001110111011011
1111101111111011110110010111010101011011111111111111100001111011110011111111101000010011111111
1001101011110011011111011011111110111101111111111111010111110011101110101011111010011111110111
1011111011111110111111101111110011111011110111111101100111110011100111111101011101110100101110
1111111111101111111010011011110110111111011111111111011110111111111101110111111011111101110001
0111111011100010011101111010111011000011011101001000110010101111110101101111101111101011110010
1011111011110011110101111011111001011101110110111111111111011101111111111111100101101001010011
1110001100101001110111110011111111111011111011111101111101011101111111011011111111001111101111
1011001001111111101011101000111111110101110111111111111001001011011101111111101011101010101011
1101011100110110011010100110110101111111111111111111111111101110111111011111011011111100111111
1111111001011111100100101111111011111101111101111100011101101000110111101111100101110100110111
1000110111111101111100101011011111101111111111111111001001110011010011101110111011011111111101
0111110101111111111011111110111101110111101010110001111100011110110111111111111101111111111111
1110111110111011011110100110010110101111111011010101110111010111111110011111111111010111111111
1111111111111111111001101001011111110011011011110000101010110111110110101110111110111111001101
0011111011111111001111001101011111111010111111110111011101100001100011111111111010101111011111
1011111111111100111111011101111111111100111101101101100110110101001001101111110011111110111101
1111100111101111110111001111110111010110011111111111111011101111111100010111100010111110111111
1001110111011101111101111101111011011001011101000101110100101110111110110111111111111101101111
1101110100111111110111111111111110100111010111111110011111101111111100011010101110111110111010
1101011011011111110011111101111111011101001110001111101111000111101111010011111101111011111111
1111011101111111110001111001101110101111111110111101110110111011001111111111111111110110111101
1111110111011111001111110100101001110111100111111010111010111010101111100111100101010111111111
1111111111111111101011111100101111011111111011110100011011110110111101111001111001110011110111
1111111111101101101101111111101111111101111011111011101011011111111111011111110110110111110011
1101111111111110110101101111111110111111111110111110110010111110100111000111111011111010100001
1110111111111100111011111001111011100111011011111011111011110111111111111111100111001101111111
0100110111111110010101010111000101111111110001101110110110100111011011110011100101111010111111
1111110101111111100111011111011111010111111101101011111011111111011111101011111111101111101011
1110111011111011111011111110101011011111011011101101110111011101001110111110111111111111111111
1110101010111111101000011110111110101111111010110110111011111111110101111001101011101111101111
0110001111111111011111111111111111111101101001011111010111011110111111111101010101011011101100
1111111110110111101011110111111111111111111111111110111111011110111110110111111111011110001011
1001010110001000100101110100110111110001101110111111010011011110101101111011011100100111101110
1111010111111110110111010111111100111110111101100101100101111110011011011101101011111111101111
1111101111111111110001010111110111101100101110111111011101011010011111111111111010111101111111
0111010001111111001001110101110011011011001011111110111110111111011011101110111111111100110100
1101111010011101111111111101111011101111111001010111011111000111110110111010010110101111111101
1111111110111011011111111111110111100101110101111101111111111100110110111111101011011110111001
1111111101011011010011010111111110111000001011110111101011110100111111111101110111110111110111
1111111110011111100111111110011101111100110111111011111011110111111111111011011011111011111110
1111011011001111101111111001101111111001111011111111101011110111101111011001101111110011101011
1100111111111011111001011101111111110111011011101110111111011111110111111001111101111111101111
1110101111010111010111111110101111110101010110011111011111110101111111111011101110101110011111
0111111111100100111111101111101111111111101111011001111101111111001110111101111111111011111110
0111111011111101000111110011110111010111101101111001110111010111111111010111100110101100111101
1110111111101111111111111011111111111010111100010101101011111111011011110101001110000110111111
0111111011111110111111111011011000110111011010111110111011101110101111010111100111101111111111
0111110100110001110111110011111111110100110100011100110011101011111110110111111111011110111100
1111001110010010111111111101111101111111110111011011011111111101111110001111111111011110111111
0110101111111111111011001010011100110000100011111101111111110101111111111111111111110101111111
1011110110001111001111011111101001011101101111101111111010110101110111111011011111010111011110
1111111101111011101011011101110110111101111011101111111101011101111111110001111111111111011111
1010010101111111011100100000111011111101111111111111111100111011011111011111111111110111111101
1110011001001001010010111101111001111111111110111111011111111111111100110011011111010011001111
1011111101111011111011111111011111111110111111011101011111111111111110111111010111110111111111
1100111111101111111110111111011111110101001011101110011111010011011111011010100100110000111101
1110111001011100001001111111010010111101011111111101111111001111111110110110101011011100101111
0111110011111101000111111110111101111101111010110001111110101000111110111101011111101001101101
0111011100011111010101111111110110111111111111111110101000111001001110011111101110001011101111
1110011001111010111010111000111010110010101111111101111101110001011101111110101001100111101111
1110111111111101011110101110111101101111101011101111111001111010110111100101101101101101011111
1111110110010011111110011110011111111111010110110111010011110001111101111001101010111111101111
1011110111010110111111011011111111100101111101011011111011111110100111111011101111110111110110
0110111011100100101111000110011111111110011101011111111111110111110101111110011011011111011011
0101111111111111110111111111111111111110101111111110101110110111111110110101111010110111111101
1011011111011111011111111111101101111111110111001011111111011110101111110111010011101001111100
1101010100101110100111111111001001010111011111000111111101010111111101001111111111111111111101
1101111110111010111111111110111101111001111001111001111110111111111011110110010001111111111101
0011011100011111111111111111110111111001110111010111101011011110111011101101110100111100111011
1010111110111010111101011110111100101001101111011111000111111111011111101110111111111101101111
1101111011111111111011111111110001101101011001111111111100111110011100111111111110110101110101
0011111010101111111101111111111100111111001110100111111110001111111111111001101111100010110111
0010001111111111111100111111111101111101001111101111111101111011111011010110111010101111110111
1001111110111111011011101111111001110111011111110011101110111110011111101111111101110111101111
0001100110100111111111101110011111100011111111101011111011101111000010111111101101111011000010
1110111011101010011111111110111010111011101101101111101010000111101000111100101111001101111111
0111111011111101011010110110110001111111101111111111111011111111111101100111101111111100011110
1111111111011110111111101110100011111100111111111110101110011111001111111111111001110011011011
1111011111111111110110111111101011111111110101111011011111111100011101111111111110011111111110
1111101111111110001111110110101100110001111111010111110111101111111111111101100111111001100111
1111011001110111110111110111101011011000111010101111111011111101111111111000101111100111111001
1111111111111111001011010101001111010101100111101111111110000111101111111111010110011011010111
0011111111011111101011111110111111101010110111100101101111111110110101111111111111101111111110
0111111101111111110101111100100101111001111110010111111111001011110111111111110111111101010111
1111011111111111111111101100000111111101111110110110111111111101111000111011111011011111000110
1011001111111011110010011101101111101111111101011111111110111110111111110110110100010111101110
1111111111111110111111111011011111111110111111111101111111111111111111111111111111101111110111
1111010111110101111011111111111111101111111101101110001100111000110111101111111111111000101111
1111111110101001011111111001101101110101111110110111110100101111011100110111011111111011111110
