242 0
11111101010101111011110101001101101000010011110110101011011111010111111111111101111101110110111001100111001010100010111100011111101101110101111011111010001001110111111101111010111111011101011000111101101111001111111111011111111111111001110010
01110111110111111111111100110101110101011011001101111100000011111101111101111011111001111001001111101010110111111100111011110110001111111100101111101111001101110011101111110110111111111010110111101111111011011010011101000111100101111111100111
10001101111111011000111110111010111110101011001111011111110111011011110000000001111110100111111111010111111101011111100101110100000111010111101111101111111001101111111111111111111111111011111110011011111111111011110100111101000110111110111011
10111100111111101010101110100110111010111110011111111001111111111001010110111110010110111111100111110111101110101111111111111100111111111111111111110111111101111100000111111111111100111101101011101100101111001100010011111111011111110111111010
11101111110111111111101111111010011011101111111011011010110011001011111110011011110111110111111000111010111111111011111000001111101111111011101101111111111001111000111011110101011100000111111111110111010110110011110111011111011101111011111111
11011010010111010111001111010101111110111011101100111111011011111010111111110111111010011111110000111011111110111110101110111111110111111100010001000101011010101011011011011111111111110110101011001111110101101111011111001111111111110111111001
10100111111111111111011010111010111101111111101111000011101111001011101110111111111111111001001001110100011110110101111111101001110110111100111011111110010001100011101111100101111011011101101111001111110101111111111101011110101111111101111011
11111111110111111111111101111101110101111001110110111111011111111111011110010011111111110111111010111011101101101110111101111111110111001110101110111011011111100101100111110111011101111111111101111101010111111111011111111111011111010011101111
11111010111111101110111111110110111110101001011111001110011111110111111110111010110111111101111111001101010111111110101111111010110011111101110001001110011100111100110110110111100111011100110110001001011011011111000100100111011011011100110111
11010000101101011010110011011111110110110111100101101101101111111111111010100110111011110011111101111001111010110100101001111101111111111110111111100111111010101111111011111111010010011111111001111001011111111111110111111111110111011111011111
01010110111111110110101111110111011111111111101111110111110011101011111111111011001110011010011111111111110111011001111011110101111111111101111001010111100111111111101111111010011110111111110110001011111110110101101110101110000111111111011110
10001111001111011111111110011111101111111100111011011111111011110100010101111101011011010111111110110101110111111001001111111111110111111010011111011101111100111011111111110101101111111101101111111111000111011101101100111011111011111101111011
01010100111100011111101111111110110111011111111001110011101111111101111111110100111110011111001111101111111011011011011111101011011101111110101101111111111110111111111011100111111011111011110110101111011111111011010110110111001011110010100111
11101111111011101110110111101110000111111111011110110001111001111111011110111010111100101111001111110011011111111011001111011001101111111100111111001000111011111110011001111111101111011101100101111010011111110111101111111110111001101110011001
11001111011110111110111111110110111111101100111101111011110111111110111111101110101101110001111110100111010111111011111101111101111111111111110011001111110111011011011111101011011010111111111111101111011011111110101011111100110111110101100111
11111100001100111111110111100010011111111101111001111111011100011101111111111011010111110101111111111111111011111111111110000010110111100111100010111111111111110111101110111100110011100111111111110100111111111101110111110111111011111110111111
11101111110110111101001111100111111010111111010011111011111101111111011011111011111111011111111111101111011111100100111011101011111101011011111110110010111110010111111111110010111010111011111110111110101110111111110111111101011111111111111101
11100001101001110100111111111111111100111111110101010110110100101111111010001111110111111000100101111101011111111111111011111111110111111111110011011101100001111111100111111011110101101111111111011111101011110011101011101111111101111111110111
10011101101111111011010011000111101011101111110111101111110001100101011111001100111111110101110101100100010101101111111011111111010111101001111101110111110011101011111011111111011011101111111101111111011111001111000111111011111111110111010111
11101110111101011101011100001111111111111111110011011001111111111111111011101110011101101111111010110111111110001110110010010011111101101111010101111011111111111111110101011111100111111001101111100111111001111101100010101100011011111100101111
11111110110111001010101101101111101111010100001111111011101101110110111111111110000010110111100110001101110111001111111110111110110111010101101111110011101111100111110110111111101111100100111111111101111111001111011101111010111111110111100011
01111110111111101111111001111100110011111111101110101111111001110110111111111111001111111110000111111111111111111111010111011111111111111111111110101000111100011111111111111011110011011000111111111111111111100011111111111111010111010101111111
11111111110111111101101000110100010101101111110011010011111101111110011111111110101100001111111110111101111111110111111011111110111111111011110011111110111111101011101011001111011101100110111110111111111110111101111011111100111111100011101111
01101010111011101111111111110111011011101111101111101111110101100011111100110001101011100110111101111101011111001010111111111101010010111111111101110111111111101001111111111101101011111011111111110101111001111101101101001111111101100111000111
11111011110110111110111000111110111110111111110111111111101101101111011011111110101110011011101110111100011011111011110101111111111111101111101101011010011010111111111011111010111000111111101111011111111111110111110110111110011101010111111111
10111111101111111111111111100111011110110001111111111010101010111011111111101101101011101101111111010111111101111100111011110010110110111111100111101100110001110011111010110111010001011111010110001101110111111011101110011111101111111111111111
11010101111111111011111100010011011011110011100011110111111101011101111111101001111011010111101101011101111111110011110110101100110101111111111111011110111010011010111111000111011001110010011100010111011100100001001011110111010011111111111101
10101101010110110111011111110011111011101111111111011111110111111111101111010111111111110110110111010100101111111011100111111111111100111001110111101111101110111110101111101010100110101101111111111111111011111111111111111011111111011100101111
01111111011111111100100111111111111111110110111101111010111101111111110011111000111101111111110011111111010010001101111011111111101111111101101010111001101110110111001110100110111010111101011101101111011101101101111001111110110011111111101110
11111011110111111111010111111111100100110001010100101011101110110111111010001111110101110101011101101110111101111111101001111111101101001001010110111111111011001111111111110111001110001110111111111110110111111110011101111110011011101111110011
11001001110101111001011111011101111010110011001010111111111010111110111101110110011101111111011101111110111001101111111010011111111111010111011111011111011111101111111011111001011111111111001010111010111111101101111111111111110110011111111111
11010111100011101110110011111111010010111011111110000111011111101110001111010111101101111011110111001111111011101111111101110011010011110111100111111111110111101111111011111111011111011101101111001111111111111111011110001111011011111111111110
11110110011111101101101111111110111111111111111110101111111111101101111110111111111111110001101001011111111111111011001110111011010111010100110011110001111111010111010111111111111110101101111111110111101101110011011011111111111011011110111001
11100111111011100111111010110010100101011110110000111101111111101111101011100111110111110111111110011101111011110111010111010111011101101011111111011111111001111110111110100110111001010011011011111101100001101011011111110101110111111110011011
11011111011001111111001011110111111010110110100111111101111101101111111011111101111111111110101101100101111011111101011111111110001101010111011011110111111110111111110111100011110010111100111110011111111111111111101111100111100011011111111111
01111111110111101110100011011110101111111111011111110111111111110100111110111011110011101011101011101011100011011001111111111111011111110011111111100111110111110111100110111111111011111111111101011110111110011111110111100111011111111101110111
11010100111000001110101110011100111111001101111111101111011111101001111111111111011111111111011011011111111111110111011101110111101111000110001111110111111111101111011111111011111111111011101000000111111101111100111101111011100111111101111001
11101110111000011111010111011111111110110111011011000100011101011001111111110110001110101011010111010101011011011101111111111111111111111110101111111011001111011010011010111011001011110010001111100111111100111011011111111111111110010111110111
11011111110110111110101111111010110111011111111111010111101001110111111100111110111111110110101110110001111111111110010100110100101110111100111101001111100100011110111111111111110110111011011100111111111011110100111111110111101111111011101101
11111100111111011010010111111000111111111111100111110111111111011001110111111101100111111111111111111111100111111110011101101101111111111111001111101111111011011001100001111111111111111101111001100111111101111111110100111111110111111111111111
01010111101011011111100000001111111100111011000011111110111111101100101101011010111011011010111111100111101101110111110111000011111111010101011101111111111110101111110100101010111011101111111111111111101111111110111001111111111110111110111010
11111101111111110011101101011110011011011111111101110000001110011110111110111110110011110111101110110110011111110010111011111100111111000100111110111110101100010001101111111111001111011110111000011110011101111111111110010011101100111011011111
11111110111111101110111111111110011111111110111110110110111111001111111101101010101111001111111101000111110110111110011010101011101101110111001110111011111011000010100011111110111111011111101001101111101111100110110111111011111111000001110111
11111111110111010111010011110111011010110110111101111010011111110111111110000111100011011111110111111011101111111111111000111101011111111111110101111111100111111101110110110110111010100111111111111000011111001110111111111111111101001110111011
11111011011111101011111001111001001111001111110011101111111110111110101111111111101111011110111110000111011111111101011111111011001101101111111111101101111111111011100011111011101101011111110011110111101010011111110101011011110101111110010110
01101000111011011101011010101110001111001110111111011111011010110110111111110111101111110111111100011111111111011011001001110010110101111111110111111110100111010111011111101101111110111111011111011011011111111111111111110101001010111111011011
10101111100111101111110101111111011111011111110011110111110111100111011101111111011111111011111110101111011111110011101101001111010011011011110101101011110011111111111101111111111001111101101111111111111110101101111010110000011110111111111001
10111001110110111101110111010111110111111101111111110110101011011111111111011101110111111110000101111010111100101110110111011111110011110001100111101111111111110001111100110001111111110111111011000111110010110110010111011101111011110111001100
00110001101101101101011010100111110111110011111101001111111011101111111111110110111011110111101111111101110100110001111000101011010111001111101111111111101101101111111011100001101101100111110101111111110011001100111110111111110110011010111100
11110110111101111011010101011011110110000100011100011110001111101110101111111011010111110100110110111111110110100101111111101010101101100111111111111101010111011011000111110011111101110011111110011011111101101110100110110011010111011111111111
11101100111101001111111101001010101111111111111001111010010100111110010011111111010111101110111011101110111010111101111111111111111110111110101110111110100101111000111111101111001100010111111110111101110111111101010011010011110111000111111110
10110111110111111010100111111011000111110111011111110111110111111111001111111110100111101011000111011110101011111011111101111110110111100111110111110111000010001111000101110011101011111110111001100110111111111010111101110110111111111101111111
00101110101111110011100101101111111101111101101110111111111111111011111000111101100111110011111100111101011010111110110111111111110111001000011101110110110001101111101111111111111111111111100011100111010111101111010111011111101111111111110001
11111011011110101111001111110110001011111110110111101011100101110111101011010010111101101110011111101111101011110111111101111010010110101101111011100111110011111111111001111101011111101001111111000110110111111111101111110111000111111101101100
11010100111111111111111011101010110001111011111111111111111100111010111011111001011111111101101101011111111001111101111110111101011010011101111111111010111111011111101011111111111111111110111111011111111101111010100001111000100111111011011111
11111111111111110101111000110110111111101000010110001011111100110000111110101110101111111110111010001111111111011011110111111111111110111011110101101010110111111011101101011011111111110111010101111111011000001101111111101001100111011111111011
11110111100011100111111111111011101111110111011111111101001101111111111111011111111011110011111011111110111111111011011111101111111111100111111111010110111101011110001110111111010101100011111111101011111111011011111111111111000111110011010111
01011011110110111111011101110111110101111111110111111111010010010111111101001000111101010111111010111101111111111110110011111111010111111111111111111111101011111111010111111100100111001011111111000101111111111101111111111111111101011101111111
00011111110110101111111110101111011010111111101111111111111111110001101011110111111110111111101110011110111011101011111011111111101111111101110111011101011111010100110001110010110111001111011111111111111101111110111101111001111111010011100101
11111111111111100111101001101111111011111101101111110101111011110111110101001111111001001111101011010111110111111110111010111101110111111110111111110110111101001111111111100011000111101011101101110111011011101110011011111111111111111110010111
11001111011111011111001111010011011001000111110111110101110111111101110111101111111101111111110101111110011000111111111111110111111110111111111011100111110100010111011100011110111101111000011111000110111100111111111010111100101001110111011111
11011110111111110101111000100001111110111000011111111111111111111011100111111111110010101110111111100110100011111010101111110111011111111111110101100100111111111110100101111011011011010011111100111111101100111100110101100101110111011001001111
11101110111110111111101111111000111100011111101111111111111110101011001100011001101100111010011111011011110111111110111111111001110011111101101110111111011110110111101111101011111101111011110011111111100111111110111110011100011001110100100110
01110111011110101110001111101111110010101011110111011011110111111111011110110111111111110111101111110111011001011110101101011110011110011101101001100011000011111111111001111111110011111111100111111111111001001000011010111011011110011111011101
11101111111110111101111000111001111111011101110101111110101101111111111100101111111111110011101111111010111111111111111111111111101111100111011001011101101111111110100100111111111000101110111001111111011001111101110110111110010011111111111111
11001111101011101111101100111110111111111111011100010101111111111011011011010110111100001110111111111101111100111111111101111011101101111010011111111011111001111011101111111100111110011111101111111011111010111011111011100111101101001111111111
11011110111111111111101101001101001011111110011110111110110111011111011101111111101111101110010011111011011111011110111101111110101111000101011111101010011100110111111101111110011101011101110111100111111110111111110111110101111111000011111001
01111001111011101111111101110110111111010111100011110111111111100011101111011011111110100111011011101101100111101111111111110111111101110111011100111111110100111010011001110101111011111011111101110101111110101111011111111111010111111110110101
01010001111111011111101100111101101110101010001111110111101111011101111111111110111111111100111111101110111011111111111011111011111001111111011111001111111101111111111101110100011111111010001111111111111100110111010111110010110011101111111101
11111111110001101100111111111001110111111111011110110110011110100101111101111110111111111101111011000101011100011110111011111110011111110110101011110111111101111110111110110101010111010100111101011101110100101111111011111011001111011111111011
01001101101111011101011101011000101000011001110111110111111111001110100011111111011110010111110100111111111110111101100111110001011101111011111111111101111011011000101100001110011110011110001111111000001111111011111110110111010110011111101111
11010101111011110110111001111111111001111110011110100111111111011111100010011100110010010111110100111111111100111111111100110101111011100100111111110111110101111011011011111011110111111111111101111010111001101111110011101111011110111011101111
11001111111100111111111011111101111010111111010111111110111111111011111111000001101110111111101111111011111110101110101101111110011010101001011101111110111111010111110011100111111111010111101111111110111101001011011111110111110011111111111111
01011110111111111111111011111110111101111111111101111010101110110110111101101101111111100111110111011011110111001111010110010001101011111111110111110111111111111100101000110111101111110010111001001011111011111101101111110111011111110101111111
01111001101011100100100111111110111011100111110101101111010011111101000111101010111111011110101101011110101100010010111101100011111110111011111110101011111111111111111101111111110100111001110111011111000111111101001101111111011011010100111111
11011101011011101011111110111111001111111111001110111111011111011101010111011110111111110111100111111100010111111111110011110110110111001101111111110110001000110101101110101011111101011101111011001111001111011100010111111101111111111001110101
11111111101100111100101111111101111110010111011111101100111010101111111011110110011010111111011011111001111111110110111111111111111111001011101111101100101101111100111110111111111011110101011111000101010111111101101111011011011111111111011111
00111010110110011111111111001110001111100110111111011111111111101111011001111010111110111111011110100100111111111111110111111001111011000111011111101111010111011111011100111111111011100101111011111010111100111111101111011111111110010011111111
11111011010111110111111101111011011100011101111101001111011111101001111111110110111111110111111101111111111001111011100111001110111111100111111111111001011101110111111110111011111011111111001111111101101101000010111101001111111101100010010101
11101011111010111111100010011111111111111111100111111111111111110101011111111101101011111100011111111011011111111111101111101111100101011101101011011101111111101011111111111011110011111111001110111111100000111111010101011101100100111011010111
11111101011010111101101111111010111001101110111011111101110111111111101101111011100110101001111000111111110010011011101101100111110101111111111110111111111111111111101011111010111111111100111011110110101111111011111111100111101101011111010111
00111111011101111011111110110011011111110010110010100111100101010111111111111111101111111011110110110011010111010110110111100110010100111101111111101011111110111111111110111111111001111011101101011101111001110111011111110101100111010101110111
01111110110101111110111110110011111111111111011111111111111110111111101010011110111111011111100111011111111110101000101001111110010111100101011111110111110111110110110100010011110111111110111111111101111101111111110110111011101111111111111111
10111111111101111010101111111011111110110011111101111110110011111110110111100101011101110001101011110001111101110111011111111110111101111110111011011101111111111111101101111100010101000011111111111111111101111011101111011111010010101010111111
11110101110000101110110010010111111111011111111111110110111011110001111100011001010101001111111111111111000011111011001011011100111111011111110111111111111101100111011101110111011001111010100010101111010011101101111111111011101111111011111111
11111111110111111101100110100011111111011110111111111111110110011100111111001101111111001111000110111111111101011111101110110111100111101111111111111110011111110011111111111111111111110111101011011111111111001010101101111111110000001111111111
11111011010111111111011111111111101111111111110001011100110110101101111011101111111111010001111000011011111111111100110111101011101011001101110111111110110110011100101011111111110111111100101111111001011111101101011111101110011110110011111011
11101011111111111001011110101101101111111100111111111011111111101101011101111111011111111101111101011111011110011111101111111011011111111111001000111011111111111111111010111000110011100110110111110110101111111101111011101110110010110111011010
01111100011010101111111111110111110111111111011110101111011111101011111111110111111110111111011110101001111110101111111011111110111011101101101011010110111010110100110110101111110001111110111101110111111101111111111101111111111011111111111111
11111110100110001110101111011111100011010111110110110111111011101011111111111111101011111110011111101111011111111111111111110110011111101011110101011111111010111101111110110010010011011111010101110001111111010001000111111110110001111111111111
01000111111110101011111101110111011001101111111100111011111011100111110110011011011011110111010100111101011101111111111011111011100111101011111110011111010111110111111111111111111110111010010111011101111101011111111111100101111111111111111001
10011110001111100010010011110111101101001111111010111101111111010111110100100111011001010011111101101110001111110110111101111110101100111111111011100110111111111111001110110010101111011110110100110111111010011111010101111101011111101100111110
11111111111111001001111001111111101011111111001111100111110011111111011011110111010101101111000110111011110111001111110110111111111111001101101101100101010111001110101111111111010111111011101100111001001101111001111110111011011111001101110011
11101111110110111111111111101110111101101111101110011111101110111111110011111111111110101101011111111111111101101111111101111111101111100011111101011011011001011111110111010101001111011111110110110101111110010111110111101111111111110100110101
00011111110011101011111111011001100111101111111101110111111101011111111111111011111111111101111000110111011101001100111100110010010101111111101110111101111010011001111111110101011110100110111101111110011011011011111111101011110011001101011111
11011101111110110111111111110110100110101111111011111111111011110101110110110111101111010101101011111110101111111111111111101011111101011111111111111010101111111000010111111011110111111110101111111110111011110111100111011111111101101111111111
11111111111101101111101110110111000111101111100101111011011110111111011000110111100111111101101111111111111111101111011111011101101111111100110010111101011100101101111111111111010111111011001111001100110111101001101011011111010011111111111010
10111111111111101110101110101001101101101110111001111111001111011111101000101001101110011010001011111111100111110111100010101101100111111110111111011001011111111111110111111110110001101110111101101011111111111111111011111110000111111011111010
11111011010111111011111101111111111111110000111110101111111111111111101101111101111111111101010110100111111111111111111101111011111010010110101111001110011111001101010111101111011100111110111101010001111100011110110101111111101110110101001011
10011111111111111111110100111111111111111011100111111001111100110111111011001011101110100011111100111111111111111111111110101111111111110111111111111111110101110011111110011011111001111001000100010000110110100010111110110111110111111001011111
01110110011010011101111010111100111111101110110110111111011111111001100011101111001101111111111111111100011111001101111011100011111001101111111011100100111011111101111111101100011111010010101110111111111111001101110111111111111111111100111101
11111101101101011111001001110101101010100111101111111001011010111000101101011111011111111100110111010111000001110011101011011101110111111111111111111110111111101010011100111011110111011010010111110111110111111111011111110111110100011011111011
11110110101100111110110111011001101111010111101110111111111001010111111101001101110011110111111111111001111011110111110011011111111110000111111100101011111001111111101111101100010100011111010011111110101111101100101111000111011100011001110010
01011111110101101111111111101111111011110011111101101101001011111111111110011101101111111111111111111111101011111011111111011001111111111011111101111010001101111011010011111101001011111010111101111111111011111110111111111111011111111110101111
11111011000100011111001110110101111101111011111101111010110111110101111001010111111111111000101110011101111111011011110111111111101111111011111111111110111111011111001101111111010110110110111010011100111111111111001011101001110011110011011111
10110100101111111111111100010111111110110111110111101111001111101011111110111000111110110001011101011111111111000110011100111011010111010101111001101111110111111101111101011111011001101011011110101110011011011011111101000101111101101111111111
11111011111101011011111100101110110010110111111010011111010011101111111000111111110011111101111101111110101111111111111111111111110110011110111101111010111100111111101111011111111011011101111111111111111111110001111111111101111110111101101101
01110110110111010010110111111111010101101011111011011010011110101101111111101110011111111000111111111111111110111110011111101110011111111111111110100011011011011111111101110100111101100001111101100110111110110111011111011111111100001111111111
10111111111111110011111011011110111111110110111110110101011011011110100000111111110001111111111011100111010011101001111111111110011111010111101011111111011111011111101011101111111110011111011100110111101111011111011001111111111110110111011111
11110111100011110011001011110110111101101011110011011111110000011111111100000101110110111001111111111111001101110111111111110111111111001101011111111110111111011001101111111110111111111101101110111111011111011111101010101100111110110111110101
01111000011111100111111111101101011111111111101111110101111110111111011111010111111111110111111101111000101111110111111111010111111111011111111111011110101011111111111110111110101111111111111110001000110111101111111110001111100111101111111101
01100011111011000100101111111111101111111111011101011100101111010011111111011010111111101010110111011111110101101101111111111111101011110011101111111111101100101111111111100010111011110011110110111111101111011111101101111111111001101011011111
11111111001101111111011111001010111111110101111100110110111110111100111111111101111111110111110101111011111101101001100101111010001011100111111101110111100011111111111111110110111111101111111111111101111111101001011011011010111111110110110111
11110110110110110111101100011001011111011111111110101010011111110010111011100110100010111101110101101111101111111011000011011101100101011010110110111111111111111111110011011110111011101101111001101111100010111111111001011111101011111011110111
11111111110011101111111001111110110111011011100101100110011111101110011111111111010011111110111111011111001100011011001111100101011001111110101101110101110001011100101101111011011111111011111110110110001110111100111111011101010101111110111111
11111101101111001111101010011110111111110010011111111011111001001101111111011101111110111110010010101111111111111101111110111111001100111111111111010111100111111101111111110101110110111010001111111101111111111000111111111001110110011001111011
11101111001011101101101110101011001011010111110111110111011111111111110101011111011111101110011111111010001110101111111111011111111111110111101111010111101000011010011111011111111111101111111110110101111011111110010110010010100111111110010011
11011001111001100101111101111101111010111111100001111110111111011011111001011110111100110101111111111111111011111111011111111100110001010110101110101001111111111011111011111110101111101111010111111101111111010111011111101111011101111011111111
11101010111111111101101110111101011111001111111111111111011111111111111100111110101101110111111011001100011111001101111101111111111111111100111001011111101111111111111110011101110111111011011111110110011111111110010111110011101111011101101110
10101011101111011011110111111010111111001111110101101110111110110100011111111001011110011101110101111111111101111111110101100111011111111110101110111111111100111000110111111011001111011101111001111100111111110110111011111100111111111110011111
11110101011101101110011101011110111111000110100101001111110001111011011011111100111110011101110011110111110111010001110101101111101110101111111101011111111111011111111101111011100101110111111011101111011111011110110101010111011101111111100011
11011100101101101101101111111111010000011101101110100111110111111010111101001111101100111110111011100110111111100100100111101111010101111110111001000100110111110111111111011010111110111101111111111011101011011101111011111101111001111110110100
00110110011111111111111101111111111110101111100011011111101111111101110111110111110111111101111010001011011111111111101111101011111101111101101110111111110100001111101011111100101111111101111111111111011111111111110111111111110111111110111001
00010111111111010110011000101011111011101001111110001111101111011101110101101110101111111101100111101010101001111111111111111111011111111100111011111011010001111111101111111111111011011011011111001110010011011011011111101111111001110111111111
01110111111010111011101111110001111111011011110111110110111111010100111111011111010110110101100111111001010110101001100111111011101001011110100110011111110111101111111101111111001111101111111011101111011101111110101111001101011011111011111111
10011111011111010111111011101010111011010111101111111111111110010111010111111011110000111101010111011101011111111111101111111110101001110111110011110111011111010100011011111111110110001110111111001100111110101111100011110110110101110010111101
01101111110011011111111111011111101101111110001011111111111010111111110010110110011100111010101111111110111100101110011010111111100111101100111110111111001111011111111111111111001110111010100111111101111101110111110110111111101110011101000101
11111000101110100111110110111110111101111111101011111111110101011010101011111111111111110111101101111110101101101011011111111010111101111011101111001101111111111011110101011111011111111000111110011110110111111111111010010111011111100100011111
11111111100111110101111011011101011111011110011001101111110011100111100110110001011110111110111011010110110111101010101111111110111011110011111011111111111110111110111111111101111011111011010111110011100101101110101100110111110110111101100001
11110111110010110100011111110011110100110111110111111111110101111111110011011111001101111111111000111110010000111111110101111111110111111110111100011111101111111001011111110111101010111111111111001111111000111111110101110111111110011111110110
11011111110111111011111101100000011110100111111011110111000111110111111001100100110110101011111110111100111111111111101111101111111101001111111011110111110110111011101110011010111001100111011011011111101111111110101111100111100111110111010001
01011001111110101101111111110111110111111100101101111111100110100101101101111011011100101011110101111101110110000111101111111011101010110111101011111111111010111110101111111011110111011101010001111111111111110101111111001100010011111110111111
11011110111111111111111100011011001110110111101111010101011111011101001101111010001110111100111010110101111110111111111100101110011111011100001101011000110001111111111111111110010111111100001011111110110111100111000111110111100011110001110111
01010110111110111001101111110001101111011111111011101111111100011011111011111011111001101111110111111110001101011110111101100111111101011111101110111110111111111111101111001011111111010011111101011111111010101101111011101111011111111111110111
01111101111101111110110010111011111111111100011011111111011011011110001111101110100100101111000111111010110110101001111111111011010010111011110111111010111111111101110110011010011011001111111111011110111111010111001110110111111101101111111111
11101000111111010011100010111100111111111111001101111101110100111111110101111111101111100111101111111111111000111111111111110111100011110111110111010111101011111111100110111111101111011111111011111100110110110111110011111111011111111111010110
11101001111001111110101100111111111011111111110100111111111010111100011101100111101111011101110001100011101111111110011011101011111011101111100100100101110101100111101111011111111111111110111110111011111111101111110100011111111101111111011010
01111111110011110110100011011111101111110010110010110011111111111111111111111110010110111110011111100111001011111011111111111111111100101111111101100001111011011101111111111101111111101111100111111110111111010111110111011111111110010101101011
11101010111010001101101010101111010101000111101111111111011001111111111111111011110101111110011111111110011110111010111111010111111111110111111101011001011110110111111111101010110111101000110110100111011001110111011111011111111011011101010011
11101011001111111111110111100011000100110111111000011111011100111111100011011100001001010111111111110111101011101111111000111111111001101101111011100110001111101100111100110110101010001110100110111111101111011110111111110111011111111111111111
11111110101011100001111111111111110100011101001000110111111111100011011111101101111001111111100010000111101111111111111111011101101110101011111111011011111010010111111111101101111110011110111010011011101111011011010110111110111000110111110101
10101111111011101001010111011111011000101011101010011110111111110101001111110111111111111111011101111111110111101110111111110111111011101001001010101111100111101011110101011101111110101110101111111011011101111011101100101101111111010110111111
00001111101010111110011110111111011101001011011111100111010110110110110111100011111101111101000110001011101010001100011111111111111111011111101101101111111111111010011110100101111011110111101111100000110011110100011110111110110101101101111110
11011111011111111011100100010011010111101110101101111011001101010111111110001111100101111111101111101111111111010100001111111110111011111111110010101110011101110111011110101111111101111111110111101111101100011101111101001001110111111110110111
10111111101011111111100010111101010111111110010111011111010111010111110110011010110111111111111010111111111110111011111101111000111111110111011011110111111100001111101110011101110111010101111010011011011011011111011111001111111101111011110111
01111111101011011111111011111101111101010011111111011111100111111101111111011101000111100101100111010111101011011011011110100110111101100101101111011111001111110111111101011101011110110111111001010111111011111110111101111011000111101101110111
11110111010010111011100010010001111111111111011110111111111111011010011101011011011101101111111111101111001111111111110111101110111011011111110100011001101100111111001101010111110111011011010111101100110110110011111111011111110101110111111101
11111111111011111111110100010101011111111111101100111001111010111111111011010111100101111101010111110111111110010110111011010110111101010111110111101101011111010011110011101100111101110101011101111101010101000111111011011111111111010111101101
01011111110111011010110100101111111111101110110011111111011100111011111101111010110101111101111110110101111111111111010001111110011011111101111111011011110110110011111111111101111111101101111111101111111111011011111101011110111111101110011101
11111101111010010111011111011001110011101111111101111111111111111111011001011111111011001111111011110111111111111100011111111111110111011000001010111011110111111111100101111101100110111111111111110110100010111111011010011011111101000111011111
10111011011111110001110101111111101001111110011110111111011111111011010011011111111011011011101011010111111011010100110111111110101010011111111111111011101110111110110110010101111101101101001100111111111101111110111111001111111101001111111011
01111011101111110111111101011110110111011011101111101111000011011001011100101111000011111111011110101110111111111110010010111110011011101010111111110111011111111101111101100000011111111111010111011111111110111111001111111110111111111111110111
01111011100110101110111111101011011111111100010111111001111111111111100111100110111111111111101111111011111111111111101001011111101100101111101111011101011110111111110111111111101110110100101001111011111011001001111101110111101101111111110101
10111101111111101011101111110111111010111101100111011011110101110101110111111100011111010111111111101111111111001110000111110111111110111110111111000111100111100010111111111110111110111101111011101000010111111010111111111100110100001011111110
01011111101111111101111001111110111011011111111011110111111111111111101010011010111010111001011010011111111111010110111001111110111011011111101101110010111111111010001011111011011111110111111011011111110111100111010110111011111111111111111110
11100101111101001111100011111111101011111101100011110011011101110011101111111101111101111111111111111011111010101111111111110111110011110011101111111011111110111011101111110111011111011111111001110110111011111011001111110111111010100111101101
01111110111011011100111010011011000011101011111100111010100111100001111001111011101111001111101111101111110110101111101011011001000111010111010011111011010001011010010111111111101110011011101110101101001011110010110111111010110111111100111101
11011101011011110101111111111110101100101111111110110111111101101101111110001111101111111111011110111011011011110111111010100111111101101111011111110010111111111001111110111111110101011011111111101101111011110111101001011110101111111111111111
11111111110111011111110011111111111111111001110101111111111101110110011111111101111111111111010011111111111011101001101111111101111101011101111101111100111111111111111101010101110101000011010111011110011111110101111111010100011111111111111111
11011011011001011011111110011111111111101101101110111111111101111001101100001010000111011111110100111111110011111001111101010011011111011010111100011111011111001011100111101111010101011110111111101110001111111111110001111101110111110101011111
11110111111110001101101111001100011111110110111010001011101111010111101110111110110111111111111110001111110111111110000101001100111101111111101111001111111110010101100001101111111111111110011111111111111011111100011111111111011011110111110101
10101111010111111110001011010011111101100111111011111111111010111111111010110110101110111111111101110011011101110111100001101110111001101011111111100111111001100110110010111111111111011111101111111111100011111111111110101111110101110110110011
00101110111101111101111111001000111111111111110001110111011011110111110111111111111111011110111111111111100111101010110001101111011011001111111111101111011111111110111101111001111101001010110111110101110101111100110111111111111011110111010111
11110011110111111011110110011111101111111111101111111101110111010111011011010101010111101010111111101111111101011111101011110111110110111111101110111001111101111101111101111111100100111111001111100111111111100011111101111011010111101011011101
10111111101101110111111111111101110010111110101010110101111111100101110101110101101111101101111011111111111111010101110110111011011111001101111110100100111100101011111111010111011110111011111111111110010111111111111011011101100110110100101111
10111000011111110111101011011001111111111100111011001110111111110011111111111001111110011100101110111011111001011110111111111101101101111111110111011110101001101111110101111111101101111111111101111111101110110111011110101100011111011100011110
01110110011111110101110011010111111011001011111100111010111110101001111001111011110111111100111001111111111101101101011100111010111111011101111111101111100111111110111111000111000010111011111111111110111111101110110101101111111110011101111000
00111111111100111111111100111111010111010011011000111111111111111101000111011111110101111110111011111011111111011110011110110111110111110110111000111111101110001010011101111111011101101000011111100111101110111111111110011100111000011001111111
11011001111011101111111011110111011011101110111111110111111010101111101111111011110111110111111111111111111111001111111111000010011110111101101111001111111111011111111111011110101010001111111111111101110111111111110110101101011111111111010111
01111010110101111110011101111110111011111111101001101011100111011111110110011111110111011111100001101111110001110101111101111111010101110111111011111111010111101111101111100111111111100101010111110001111110011010111110001101111111110100101100
11011101001011011111110110111110110101011101011111111111110111110101110111011101101100110110101011110101111001110101011111011111111110111111111011111111010101111110011101111111111011001111110010101110110001101101110011110011111001011010101111
11110001101110011001100111110101111111110011111111011010101111111111011111110111111101111111110000111100111111110111100111010111011110101111110111110111001111110011101011101111111111111010101111111101111110011111111111111101101110101111011111
01101110100111011111111011111110100011110111110110101111101100010110111110111110111101111101101100100110111101011001010001101101111011111110111010110101111010110110111111111111101111101111111101110010111111011111100111111110011111101111101111
11110111111101010111011010100111111001111100111110100111111111111111111101111101111111111101111111011111111011111111111111101001011001011111111011111110011111111011110111111011101110001111101011111111111010101011011011001111101111010111000111
11010100101111111111000110011010101101111111110111001110110100111111111111111111101011011111101111001111111111011101101111010111111110111111011111111110111101010101110111111011111111001011011101101111111110111001111111000010101111001011010011
01111011111111001101011111001101101111011101101011000001010010111111111110101110011110111111111111111010101111111011101111011111111101111111100111011111001111101110101111111011101101011101101110110101110011110010110010111001110001111010110111
11110101011110011011111110111111101111011110111110111110111011111111100111011011111111111011111111011101110111010111110111110100111010001111100111100111111111111100001100001101111111110111000111111111101111010010110111111111100110100011101011
10111000111111111111001110010110111101101011111110111101101101011110001011111101011111001101011011011111111011110011111001111010111111110010111011000111110010111101111011111100110111101111111101100110111111110111101110011001111111100111110001
10110100101111101110011101111101011011110111111101111011011111010111111111110101101111110010111111111111111111101110101111101111111001100100111110101111101101111111000100101011011001111101111101111100111101110011111111111111101111011101011001
10111001100111111111101110111101101101111110111101101111111011111111110111101111010111100111011101010111101111111111111111001101111111110110101011111101010111110101110011011111101011111101111100111111110011011011011111010001110101001111100101
11111110101111111111111111111001111100010111011101010011011110111111111111111111110111111111110011111110111111111110011110111111111111111101101111111111011011111100111111000011111101110101101101111100011011011111011100110111111111111010111110
11011100111101111111111101111001101111111111101110111111111011011111011111110111111111111111010011010111111111101100111111111110101101110111110101111101001100010111111010111110110101101111011110111011111110111111010001110111011111111111111011
10101101011111111111111110111111111111111111001101111101100111111111111111111101111110011111110111111101111111010100111100011111011101101111101111101111111101111101011110111011101001011100111111111111111111111111000110110111110111011111111000
11111010111001111111111101111111111111011111101101111111111111111111111111101011101111111101110011011110111001010111111101101101101100101011011011101010011011111111110011101111111101110100000111110111101111111111111111110111111110111111111101
11111111101111101111111111111011110011011111111010111111111110111111101111110011110101111010111011110111011011011110101111101101101111111111100111011111111010111101101111110111111010101110111111111111010111111110110011110111110110100111111111
11111110110110011111101111101111111101101111100010101101111111111110110010111110010111100011111101111011111111111011110001111010010110010100001101111101110101111111110111111011111110010101100000110111101111001011100111111100101111111110111111
01110011111000111100110111111111010111001111110101101101101011111001111101011011011101011111111101111111111111111110100111111111011101111001011110011111101111011100101110111110111100010011011111111001011111111110110111101111110110111111011011
11111111111010111010111010100010111010111111111111100000011111100100111010111110111011111111111111010011111111101110111011111100101101111001111110111011111111111111111110111110001110110110101111100001111101110111101111110111111110111110111110
11111111111111111111111011011010110111101110111000011010001101110101011011111011110110101000111100011010001111111110011111101001111101111111111110100111110011110011101111110010111100011111111111100111001111101011111100110111101111111101010110
11111001111011011111111111111110101111001101101011101110110101110101011111011111010101110100111111110001110111010011111111011101111100011011111111111011111111111101111110110001101111111110111101111111111001111011100110001111011010111111010011
11101111011111111111101101111011011011110111011110001111110111111101001010011111111111111101110111011001110111111111111110111110111110100101111110111011111111111100110111111100101110011111110111011011110111101111011101011111101101111111111110
00111011110001111111110011001011111111111111111111110011010111111110111111111101010011111101110111111111110111111100110001100111111111111110111011111011111111111111110101100111000101110110011110111101101101111111111111011010111111100111101011
11110111010111111110011110011111010011111111101110101111100011111011111011111011111110010111111011101111100111001111111110101011111010111111111111101101010111111111111111111111011010110011111111011011101011111111111101111100101110010111111101
01011110111011011111111110011110111111101100101011010111110101101000111011111111111111111011111101110100111001101111111101111111011111111111111101100111011011111111111111111110111110101101100111011001001101011101011001100101101011111111101110
11110101010101111101110111101101111110101101011010101111011011110111110111011101111100111001010011010111110100110101111001111111111011010110011111111111011100110111110011011101111101111111011110111110010111110111001111111111010111111111111111
00111110011111011111101100011111111011111111111111110110001101111101110110111110101111111011001101101111111011111111111101110111111100101111011011110011011111010011111111111010011100111011110111110111111111011110100011111101100111000011001110
10110011111111111111110101011111111111011101011100101111101111010111001110111111110111011111110101111111011101001101111011110010111010011111110110011110111100111101110101111110111111110110111111100110001011111111011110100000100011011010000010
11111111100111111011101000111101111111101011111011110011010111111111011100100101110111101110111101100101011111111111110110110110111011011011111000111110011111111110100110011111111110111101011011111101101010111011011011110111110111011011111100
10111111111111111111101111111111111111101011111111111110110111010111000111010011111110110110111101111100011111111110111111101111111110110111100110000100111111111010011001110111111101110111001111111001110111110101101101111010111111111111110111
01111111110111010011011111111011111010110111000101011111101110111011101100010111111111101101110111111111110110111111101111110111110111101111110101011111100100011011101001011101110111111010111101010011010011001101110111100111111111100111111000
01111101011111110111110111011011111101010111100001111001011100101111111101110111110111101110111011110111011111111111101101101110001111110001111111111100110011100111111101111110011110101111101110111011111101111101010111111110110111111110011101
11111011111110101110111111111111101111110011101011111011011111111111111110110111110101011100111101011111001111001011011101001101100111111111110000110111011111110110101100110011010111111110011111111101111100101111011111011111011010111111111111
10111110001111101001111111010001011110011111001110111110001010010101101011011110111111010101110111111111111111111010111111011111001001110101111100111100101111111111011101111110111101011111110011011101111001111111011001111010011011101111111111
11110111011101110111101100110110111011111011101101110110111111011010101001110111111110111011111111010001111111100011111011101111101111100111001110011111110111111101100111011111111111111111111101111011110001000110110101111111110111011110111111
10110101000011111110101101101011010111111111111111011101111111000111011101110111111111101111110110111111011111110111111010000111100111111111010101111011101111111111000001111111101111101100110110111111111111100111111010101111001011111101110111
11011111111110111110111110001010011111111111101101111111001111111111110110111111100111111111111111100011111110100111101111101011111111111100010111111111011110010101101111111111111101111101101111001011001111111011011011010101010101011000011111
11010111100100101111101111011011111111011111110011011101111101111111111110111111011101101100101011011101101111101111111001100001111111010000110111111111111111101010111111111011110111111101011110111010101110111111111111111010111110111010110101
00111011101111111101101111011111111111101110110011111111100010111100111010101000111111111111101111011111110011111110110111111011111111011110101100011110111111111110111111101010011111111111111111111100011101110111111011011100111111111111101011
11010111111110111111111101110101111011011011111110010111010111111011111101111110111111111111111011100111111001011110011111111111011101111111111101111011101110011111111101111110011101001101111101011011111111111110111111111111100011011101011110
11111111111011111111011110111110010111101110111110100110101111101011110100111100111010010100111111110111111001011111111101100111111110111101111111111111001111110011110111011010111111111101111011110111111111100011111101011111111111110111111001
10111111111011111100010110110110011010011110111111111111111101111011111111111101111111111111111111111111110111101101010010111110111110111111111111111101111111110001100001011111011101111101001110101101111111111010101001111001001111101001111110
11001111111011111100011101111101111110111101110011101001101110110010111111111101111111101011010000101011011111001110110101011110101101111110111111111111111111111111111011011111001111111111010111110010001011111010110011001101111011011111000111
11111101110101111110110011110101011010111011001110111010111111111011001011011110111111010110111011111111111111011011101111001111101111101111110111111110011110010001001011111111111111111110011100111111011111110101111101111111001011101110111111
11111111011111111101100011111111111010011110111111011011111110111111000011111111101001100011110101001011111111101011000011111111010111101111101111110111110111100100110110100011111011111111100110010100111110111100111111000111111101101111111110
10011111011111111110101111010111011111011111100110001111011101111010011111111011110111110111111100111011101110101111100101101101011001100101101111111000111100110010110010111011111111111010011001111101111111111010011111011111111110010111101111
10111100110101101111101111101111111111101110011110110111111011101111111101100011111111111111110011101011010111111010110111111011110111101111111010110011111101101111101010101000111110111111111001110011111111111101111111111111001101111111101101
00111111111101111111111111101111110101011111111010110111111011111101100011110101110110101111110101111110101111111111110110110101011111011011110100111011111010101100111001111111100101111110101111101111100111111101010000111111111111111111111011
01111011101110110111110111111100011011010101011111000111101111000101101101111101011110110001111111111111111010111111111111011101110101111111111111110011101011110110001111010111001111000111110111111101111111111110111111011111110111011110100011
11111101111111001111111111100111111110110011111110010011111010110011111111011111111010011011111011101001101110111101111111101111111110111101011011100111111001011111001010110010101110111101101100110101111001111110111111111111100100110101010110
00110101111011110011011101111110111111001111111111101111001111111001110111111111011111110111101110101101101111110110011010000111111111111111111111110110111011110111001101101011011111111001011101111111011111111011101100100101110000110110111110
11101111011101110101110011111010110011111111011100111111011011111111111111001111001101111110001111101111001111111111111101010110110111111110111101101111111111111111110111101111111100011111111101111011010011111011001010110011110101111111111111
00111110010111101111111111110010110101111110111111111111101011110011110101101111011111011111011111101110111110111110110111101110000101101111111011011110110101101111110111111111111101111101111011111011001111111011110111011001001111011101011111
01110111011011110100111100010111111111110111110111111011111010111111111110011011001110111100111111011001111111111101111111111110111101101101010011001110111111011011011111101101111101111111101101111111111101111111101100010111001111110111111111
10011110001101011111101111101111111111001101111100001011110011101111111011111111110111000100111111010001111110111001111111010111111111111111110101101100111111010110111111101101111111111110111111111111111111111101101111011100111111011111111111
11001010100111011101101011011010111111101010011110011111011111010111111111011110110110111111101001000010000111101000011111111110010001111011001111101110011111011111001101110111101000110110000101110101100100101011110111010111101110101111111011
10010111111111111111011011111011111100011101010001111111111110110001111111101011101000101110110110111111111111010111111110101111111100011011111111101111111111111111111101011101101101101111111011111111010011011010010101110111101110001111111111
11011011111110110011111011001011110111101111101101000010110111101111111111111011111110111101111110100111001110111111010101100100111011111101111101110011111110111111111111100111000111111010011111101110011111011110101011111010111011111110100110
11111100110101101100111110100111111010111111111100011100111111101011101111111011111110011110110111111111101001011111011111011111000101111101001101111111100111000011110110111111001110110110100111111011111011110101111011111101001111011011000010
00001111101111011111111010111100011111101101111110011100011111111100010011001101111111011111111111110001110011010101011111110010100011111100111101111110111100101111111111110011101100001011111110110111011011111111001101101110011111111101001100
10101111110111110110010111101001100111010011110110101111001110111111101110111011111111111111111001011111111001111011010010111110101110011001111010011111100111010110010101111111111111110101010000111101010011111111101111111011101101111111111101
00111111101111110111011011111111011111111111111111111110100010111101011000111011111111111111011111111110001111111101101101111111101111110011011111100111001111111111110110111100111111110110111110111111010111111101110111111110110111011110110111
11011011001111110110111110101101011110111110011010110110100011110111111111111101011000101001011110111111001110110111111111011111111111111101101101111011111110011111110111011111001001100110001111111111111001101111111111100100111111111101111010
11111111101110111111110110111111011111100011010111111110100000011111101111011011111111011110111111111111110011111111111010101111110110011111001111011010111111110111111111110101111011010111100110111010111101111101110010001111011100101111010111
11111111011011001011011111111111110011011011110111110011100100111100101111111111111111111110101101111111011101010111111101111111110101001111111110111111110111011011111011110111111111111011111111111101111111100011111010100111001111101111110110
01011110110111111110111111111111010111001111110011111111111111111101011011110110111111111110011111011111110111101011111110101111101101101001111100101111001101100011111111110111011110101110111111111111111111011101111111001110011110111111111100
11100101111100110110010011111110010111101001111101111101111000111001011011110100111101000101111011111011111110111111111011111111111110111111001010101111111100101010011110110101010111110111110101111111100110101111000100111011110110111111111111
11111111111011011111111110111110111011111001110011100111011111111010111110101101111111111011111011100110010110111111001111100111111101011111110101111110111111111011100011101000001011111111010011111110001011111111111101101111111110111110101111
11011100101111101111111111101111111011111110101101111111011111101111111111111111101111111101001111110111111111110110111101111111111100101100001111111011101110100111110110110111111010111011101101010110110110110011110111101001011101110010111111
11111101111011111110010111000101111001001011011000111101101111101011101011011011011110111110111110110111011100101111111100101111111111100011011101110101111100110111011011111111011111010111110101001110111110110111111111111101111001111110111011
11110111101111001111010101111111001111110111011111011111111011011111011111111111011111111011101111111111111101110101101011100111010111111111000111011010101101011001011101010101100111111101100100111111011000100111110100110101100001011011111111
11001111011111110111101111111111101001111110110111011111100110111110100111011111100111110111111111011111111111111111101100110110101111111111001111111111110101011101001101111101011101011111110101001011010011111110111110111111111011111111100101
11110001111111111111111101011001111101111111111001110110111111010111111111111101011110000010101110010101100110111111111011111010010101111001101010011001111111101111110111010111000100110111110111110111110110111110110011111011111101111011000100
