49 0
0011101111110111010111001011001101010111111110111
1010111011011111010111101111110111111101111011011
1011111111001001101110111111001111111101111110011
1111011110101100111011001100001111001011101011101
0111011111111111110101111011111111010011111111110
1110111001111101111111111101111110110111001101111
1111111101110101101111111111110111100111000001110
1111010111111001111111111011101111111111110101010
1111011101011111100111111111100110010111011111111
1110101111001010111111111011101100111101111001111
1010101111011111111100110001000100001000111111011
1111111110111111111101111110111111011010011010010
1110100111101111101011111110111110111110111111110
1010010110111111110100111111111111100111110111110
1110111010100110010101110111101010011001011111110
1111110111001101001111100101101011101110111111110
1111110011001011111100100110110111010111111111100
0111001111101111111111110111011111111101110100011
0011101111111110110110111110111111101111101111111
0110011111111110101010010111111011111110011011111
1100111111101011101011101111111111111111011110101
0110110011111100111111110001111111011110111101111
1011101101011111111111101110010011001110111111000
1100001111111100101111111110111101111110101101010
1111111111110100110111111111011111111011111111101
1110011011111111011111011110100100011111001011111
1111000011111111100110111111010111101011111111111
1111111111101011001111101111111011111111111111101
0100111101110110011111011111101111110000010101011
0001011111001111011111111111011111011110011100110
0111111111111110111111100111011111110111111110111
1101111111011111111101111111111011111101011101111
1111101010111111101011110011011000110110101111001
0101111100111111011110001101111110101110111111101
1011110101111011110111110010111111110111111101111
1111101011110111101101011111111111111111111000011
1111111111011111110111111010010111111100111111111
1110011111111110111101111111111111110111110111111
1111101101111111111111110011111111101101000111110
1011110111010110111101110111101111111111001110111
1110111101100011001010111111110110101010100111111
1011110010110011111111111111111101111110101100111
0111101101101111011111011101110111111111100111101
0110111111110000111011110110011111110100111110111
1111111111111111011111011111011001101110111111011
1101110101100110111000111100101110111011001111111
1111111101101111111110111111101110111111111111111
1001111111111000011111100111101011101111111111110
1111111011110011101111110101010110111100110111010
