295 3
1111001001111110101011001111110011101111101001011111110111111110111111111111101001111101110100111111101101010000101111011100111111110011111011111111111011011101110111011111001111111011110111011100011011101111110101001111000010111001111110011110011111110110011011111111111111101111001101110011111
0000100010101010101010101010100010101000101000101010100010101010100000101010101010101010000000100010100010000010100010101000101010100010001010001010100000101010100000100000101000101000001010000000001000101010001010001010001000101010101010101010101010000010101010001010001010101010001010101010101
0110111111110101010111011111111111110111111111111011111101111110001001111111110111111111011111110101111111110111111111101110101111111111101111110001100111010101111111111111111100001111101101111110111101101111111001101111001110111110111010110011000111101111111010100111111101111110011111110110001
1010101000101010101010101010101010001000101010000000101000101010101010101010001010001010100010100010101000101000101010101010000010100010100010100010001010101010001010101000000010101010101000101010100010101010101010001000101000101010101010001000100010001000100000001000101010101000001010001010101
0111111001011101111111011111111111111111011000011101111101111011111110011011001011110111110110111111111111011011110111111101010111011111111110110111111111111110011110111110111010101101111111001111101010101111101010101111111111101100110111011111110101011111110101111111101111101111110111011100111
1000000010101010100010101010101010000010101010101000000010100010101000101010001000101010001010001010100010001000101010001010100010101010100010000010101010101000101010100010001010101010101010101010000010001000001010100000100010100010101010101010101010101010101010101010001010100010000010101010001
0110101011110101110011101011100111101011111111011110110101111111111101111011111111001000001111111110111111011111111111001111101111101110001110111011011001111111111011101010011111001111111111011110111011111011110001110110001111111111111111111111111111011011111111111001011011101101111010011111111
1000101010101010101010001010101010101000101000101010101010000010000010100000101010101000101000101010001010001010001010000010001010000010100010100010101010100010100010001010100010000010101010101000000000101010101010101010101000000000101000101010001000001010101000100010000010101000101000101000101
1011101111110011111111111111101010100101100011110111111110111000011010011001111110111111010111011111110101011110111111101110111100100111111111000101011100011110101111101110111111111101101010100101111111011111111111100011111111011101101101111111111101111010001111111011111101111101101111101111101
1000001000101010100010001010001000101000000000100010101000101000001010100010101010101010100000101010100010001010101010101010101010100010101000101000001010101010101010101010101010101010100010101010101000100010101010001010101000101010101010001010101000101010101000001010101010101000100010101010101
1101101111011111010111011111110110111011111111111110011111111010010101111111111101111011111011011001101111101000110111101111100101101111101111111011101111111110101011001111111111110111111111111110101101100111101101111110111011011001111111111011101010101001101011111010101101010111111001011111010
1010101000001010101010000010101010101010101000101010101000101000101000000010101010001010101010101010101010001000100010000000101010100010100010000010100010101010001000001010101010000000001000101010100010101000100010101010100010001000001010001000101010101010101010101010001010101010101010101010100
0111110111101110100010011101011111111010111101100000111111101110110111101101111110111010111110011111001111011111110110111011001011111111111111001110111100101001111011110100111111110111111111101101001111101111111101111011111111111111101111111011111101011111110111110001111000101111111011101011101
1010101010101010100000101010101010100010001010101010101010000010001010000000001010101010001010101010101000101000001010101010101010100010001010101010100000101010101010001010100010101000101000101010101000101010101010101010000010101010000010101010101000101010101010001010100000101010001010001010000
1110011110111111111011101110111101111011111011111110110100111111011101101110011101001011111101111110111101111110010111111111111111111110111010111111011111110011011111010101111101101011111011001101001111111111110101111111000111111111111101101101111101001110111011111111101111110110011111000110010
1010101000001010101000000010101010100000001010101000101010101000000010101000000010100010100010101010100010101010100000100000000000100000101010101000101000101010101010101000101010001000101010101010101010001010000010100000100000101010101010001010101010101000001010101000100000101010101000101000100
1111101110010011111001110111010011101111110101111111100101010111111110110111011110111011011111010101011111011111110010111111111011111101000110111111111111111110110111111111111000011101010111001100110111001101111000110100101111110010111101111110111011111011111100111111101010111111101011111111101
1010100010101010101010101010001010101000001010101000101010101010000010100010000000000010101010101010101000101010100010101000101010101010101010000010100010101000101010100010100010100010100010001010100010101000101010001010101000101010100000101010101010100000000000101000101010000010000010001010101
1110110011000101010111011111011101111110001111011110000110111111110111011001011111111111111111111011100101000011111111111110011111001111111101001111101111111111110111101001110011111011111110011111111111011111111111111011101111111111011001110110101101011001110001111101011011110010111110111101110
1000101010101010100010001010101010101010101000101010101010101010000010101010101010101000101010101010101010001010101010101000101010101010100010000010101010000000100000101010101010100010101010101010101010101010100010101000101010101010101010001010100010100010100010001010101010101010100010100010101
1111010101011111011111111101111110110111100000111110111111010001101011110111111001111111011111010110110111111111011111111111101101001101110111111111011111111101111111011110111111111111111011100001110101111111110111111110111110111111111100111111010111110111111111111111111111111010110110111111010
1010101010101010100010101010101010101010101010101010001000001010001010101000101010101010101010100000101000100010000000100000101010101010000010000000001010100010101010100000100010101010101000101010001010100000100010000010100010100010101010100010100000101010101000001000001000101000101010101010001
1111111111011111111111101101111011101111011011111010101111111011111010010110111111101111101011110010111111011111111111111110111111010111101111101111111011111110111011111111110011110011110011111010101110000111110111101011101100110011111101001101111111010111110101100110110110011111111101100111110
1010001010101010001010101000000000101000101010101010101000101000000010100010101000101010100010101010101010101010101010101010101010100000001000000000101000001010001010001000101010101010101010101010101010101010101010101010000010000010100010100010101010101010101010101000101010000010101010100010101
1011101101111111011011111101111101010111111111111111111111110010110110111010111111000001011111100111111100111111101111111110011110111000110011111110111111111101111111010111011111111011100111101001101111111100110110001110111111111111111101101011111100111110111101111111011111111111101010011011110
0010000010101000101000101010000000101010100010101000101000001010101010101010001010101010100010101010101010101010101010001010101010101010100000101000101010101010101000100010101010100010001010101000100010101010101000001010001010101000101010101010101010000010101010100000101010101010101010101010101
0101101011110111100011111111111110110000011111110111001111111101111011111111001111111111110111111110111111101111111111001111111110111010011111111111111100111111111101111111001010011111010101111010101010011111111111111111110100010011101110111111011111011110100111111111101111110111111111111111011
1010100010001010100000000000101010100000100010000010101000001010000010101010101000100010101010101000101010101000101000101010001010101010101010101000100010100010101010100010100010101010101010101010100010001010001010101010001010101000001010100010001010101010101010101010101010101010101000001010001
1011110110110111011111011111111100111111111011101110101111101110011110011010101111011111111000100100101111111111101110111101101110101101111101111010011100011000110110111110101111111111111010111111111111110111101111011111010110111111111111111111111110111110101111101001011111101101011110110111111
0000101010101010100010101010001000101000001010000010100000101000101010001010100000101000000010101010001010101010101000001010101010100010100010101010101010001010101010100010101010001010101000100010101010100000001010101000100010100010101000101010100010100010101000100000101000100010100010101000101
0111010111111111000010111101011110110101111011110111011111101111110110101110101001011011010101111111011001001111001101111110111000111111111011111111101101111101110011111101110101101001011111111011011111111011111010011011101011111110110111111111111111100001110010111100010111011111011111011100110
0010100010000010101010101010101010100010101010100010101010101010101010101000001010101010101000101010101010101010101000100010101010101010101010100010100000100010100010100010001000101010000000001010100010101010100010001000001010101010101010101000001010101000101010101010101010000010101010101000000
1111011101101111101111101111111111101101010111111111011101101111100101011001111000011111011110111010101111101111110110111111101110101001111111111011111110111110100011010111110110111000111110111011111100111101011111110101010111111111110111111111111101111111101111101111101001111110111111011100010
0010101010001000101010101010001010001010100000101010100000001010100010100010101010101010101010101010001010101000101010101000100010100010101010001000101000101010101010100010101010101010001010101000101010101010101010101000001010100010001000101010001010001010101010100010001000101010000010101010001
0011011010001011111111110100011110011111111111111110000001110111011111110101101110111110111111110111111111101111010101110111101111011101111110100111110110000111001111111111111001111101111001011110011101111111111111111111101110101111111011101111101111111111111110101111111101101111111101111101111
1010101010100010101010101010101000001010101010001010101000101010100010100010100000101010100010101010101000101010101000001010101010101010101010100000101010101010101010001010101000001010001010101010001010101010101010001000101010101000001010100010001010101010001010100000101010101010101010101000101
1111111111111011111011111101000000011111011110100111011001111110010101101110111111111110101111111111010111111011100111111111101011101111111110111001011010110101111111111111111111111111001111110110110111111110011111111111111101111010110111111011101101111011011111110111101110110111111000111111111
0000100000100000100010100010101000101010100010100010101000000010000010101000101010101010101010101010100010101010100010101000101010101010001010101010101010100000100010000010101010101010100010101000101000101010001010101010100010100010101000001010100010101010101010101010001000101010101010100010101
1111111101110101111111101111101111111110111101001111100111110111011111101111111110111111111110001010010110111111110111101001011110111010111111111101111010111110110011111101111111011111111010101111111111001011111111111110110011001001111111110111111111111011111011111111110011101100111110101111001
0010100010101010101000100000101010101010101010101010101010001010100010100010000010100010101010101010100000100010101000000010100010100000000000101010101000001010101000001010101010100010101010101010001010101010000010101010101000000010101000100010001010100000100010001010100010101010101000101010001
0010111000011101101111101111111111110111011111110011100111101111111101111111010011010110111111101111111111111011111101100101110111111111111111101110101111111011110111110011010111011001111011110111111010100001110101111111111101011111111111110111111111111001111100001011111111011111111100111000110
1010001010101010101000101010100010101010101000101000101010101010101010001010101010101000100010101000101010101010001010101010101010101010000010101000101000100010101000001010000010100010101000100010001010101010101010000010101010101000101010100000001010101010000000100010101010001010001010000010101
1111111001101111011110111101111111110101011011101101001110111010110111110001111111010101011111000110101100111111111011010100100110111011110000001011010111111111111101111111001101111111101000011100111111011111000101010011111011110111101101111111111010111011111101110101110110111110000011101010110
1010101000101000100000101000101000101000100010101010101010101010001010101010100010101000100010101010101010101010101010001000101010101000101000001000100010100000100000001000101000101010101000101010101010101000101010001010001010101010001010100010101010100010101010001010101000100010000000001010101
1111111011101001101110101110111110110101111111111101111011111110011110111111111101011011010111111011011100011111101110011101101011011111111111100101011110011111111010111011111001101111110111101011011111111111111111101111110100011101111101111101111111110101011101111110111011011010111110111011101
1010101010100010101000001010001000101000000010101000100010101010101010100010100010001010101010101000101010000010101000001000100010101010101000100010101000100010001010101010001010101000101010100010000000000000101010101000001010101010001010100000101000101010101010101010001010101010001010100010101
1111101101101110101111101101110100111111010110111111011011101011111101010111111011111111111111111111101011110111001101011111011111111101011111011101111101110100111101111110111110111011110010111111101101111001111111111111011111010111011111110101111111101101100101001110111111111111111111011111101
1010101010100010101010101000100000101010101000101010101010001000101010101010000010100010100010101000101010101010100010100010001010101000101010101010101000100010101010001010101010100000101010000000001010101010101010001010100010101000100000101010101010001010001010000010101010101010100010101010001
1101111111111001100000111111011111111010111111111011101111111110101110110111101011111111011111010111110110111111111111111100011110101111001011111011111011111000100110111111011011110011111101100110111111011101111001101111101101110100011101110111110101011110111110011111110111101011110011111011110
1010001010101010101010101010101010100010001010001010101010100010101010100010100010101010100010001010101010000010000010101000101010101010000010000010000010101010101010001010001010101010101010101010100000000010101010100000100000101000100010101000101010101010101010101010000010101000001010101010101
1101001111111110011111111111110101111100111010110110101001110111011011011111001001011010100000101110011001101110111111111011111100111101111111111111110111111111111100111011010100101111011111110111111001111111111111011110110000110001001100000111111111001110111111110011100111101101001111101111011
1010001010101010101010101010001000100000101010101000001010100010101010101010101010001000001010100000101010101010100010001010001010101000101010101000101010101010101010100010101010101010101000101010100000000010001010100010001010100010001010101010101000101010101000101010100000101010100000101010000
1101111100101011111101011111011111111111110001111111111111101111111110111110100111111111011111110111111111111101110000111011111010111110111010111001110111101101011011101111110111111111111111011111111011111111111111111111110111110100111111011111001001011111110111111110101101011111111111011011111
1010001010101010101000100010100010001010101010101000101000101010101010101010101010101010101010001010101010101010000000101010100010101010101010101010101010101010001010000010100000100010001000100010101010101010101000101000101010101010101010101010101000101010101000101010101010001010100010101010001
1100111011111011110110111111111111101011111110010111101101001011011110111101011000111010010111110011111111110100111111101110111101111111110100111111111101111001110110000001100101100010110011011111010110010111011011111100100110011011111111111111111101101110101111011111111110111110101111111101111
1010100010000000001010101010101010001010000010100010101010101010100010101010001010000000000000100010000010000010101010101010101000100010101010100010100010101000001010101010101000101010100000001010100010001010101010000010100010001010101010001000100000101000101010100010100010101000101010101010001
1111111101111111110111011111010111101101110011111111111101110111111011000111110101111010110110101111110011101111111111111111111110011111010111111101111111111111011111111111111111111111101111010100101101111111001111011110101110111110110010001111111010101101101011110111101110111101011111111110111
1010101010100010101010101000101010101010100010101010100000101010100000101010100010100010101010101000100010101010101010100010101010101010101010101010001000001010101010101010000010100010001000101010101010101010101010001010101010101010101010101000100010101010001000101010001010101000101000101010101
0111011111101100111111011110111111100111111101111110001011101101010111111110100101111110101111110110101111100011111011111001111001001011111111111011101111110111010101010111101101111111010111111010110011100001111111001010111110111111000111111111111100111011110001111111100111101111100011011101110
0000101010101010101000100010101000101000101010100000101010101010100000000010101000101010001010101010000000101000101000101000100000101010100010000010100000101010101010101010101010001010001010101000101010000010001010101010101010000000101010101000101000001010101010001010101000101010100010101010100
1111111111111111111111110011101001111011111101110111111100011111011100110100000001111111110111111111101100111100110111111010111111001011111011011111111110100011010101111101100110111011100111000011001111011110001111111100111110111111111101011111010100111101101111011101111101101111111011111011100
1010101010101010101010101010101010001010101010100010100000101010001010001000101010001010100000101010101010001010101010101010001010100000000000101000101010101010101010101010101010101010101010001000101010001010101010100000101010101010101010101010001010001010100010101000101010101010101000101010001
0011011011111111101011100111110011111111111111111101101011111101110011111110101000101111111111110101110101000011110111111111111000111111101111101111011111111001101011011110111111111111001101111111011111111100010111101101111010011111100111111011001101101110101011111111111111001010100111001111010
0000100010100010101010100010101010101010101010101000001010101010001010101000100010101010101000101010101000001010101000101010101010101010101000000010101000101010101010101000101010101010001010001010101010101010101010101010101010101010101010101000101010001010001010100010101000101000101010101010001
1111111100111011001111111111100000111111001111111110111111111110111111111111110001111101011111101111101100011101111111011101111111101111110111101111101010111001110111111101110111110111010100111111111111011101011000110100111010100011111010111111101101111101101111001110111111011101111110110111110
1010101010101000100000101010100010101010001010000010000010101010100010101010101010101010101010101010101010101010101010001010000010101000001010101010000000001010101000001010101010101010101010101010101000101010101010001010101000101010000010101010000010100010000000001010001010101010100010101000101
1110010010011110110111100101011001111101111111010110111101100011111111001101111111101111111111100111111101110111111101111111111100111100101111110100111110011010110111111101110101011011111010110100111011110111111111111001100111111011110010011111111101111010111111111011101111111101111010111111101
1010000000001010101010000010100010000010100000101010000000101010101010101000000010001010100010000010101000100010100010001010101010101010101010101010101010101000100010001010001010101000101010000000101010101010101010001010000010001000100000100010101010101000001000100010101010101010001010101010101
1111110111111111001111101111111111011111111111111110111111101011101111111110101111110101111110011111111111111011110111111011111111111011111011110111111110100111111110101111111001101111111110101111001011100101111011111111111110010111101111111001111111011111010111101111001101101110111111110011011
0010101010101010001010100010001010001000101010001000100010101010001010101000101010101010000010100010100000101000101010100010001010001000101010101000000010101010001010100010101000101010101010000010101010100010100010001000101010101010101010101010101010001010100010001000101010100000100010101010101
1111011110011111100011110010110111011111111111111000101110010111000111101110111111011011111011110110111111101011011101111110110111011111011111111111111111111110111110111001111100111010111011110111110111111111110111101101010110111101011010011010011100111101111101111010111110010101011100110111111
1010101010101010101000001010001010101010101010001000101010101010101010101010001010101000001010100010001010101000001010101010100000001010000010001010101010000010101010101010101000101010101010101000001010101010100010100010101010101010100010101010101010101010001010000000101000101010101000101010001
1111101111011111111101101011010101111110101011101111011111011000111110111111111111001101101111111111111110111011110010011011111111111010101111111010101000111011111110010111101110111101111011101111101111111111001001011011111111111111101011111111111111000001010101111101001100111111111110110101111
1010000010001010101010101010101010101000101010100000101010001000000000101000101000000010101010001010100010001010001010000000101010101010001010101000100000001000101000101010001010101010101010101010101010101000001010100010100010101010101010001010100010101010101010001010101000001010000010101000001
1011111110111101111111100110001111011101111100110101111111110001011101111101110111110110011111111111110101111111110010111101110110100110110111110111000111011110111111001111101111111111111011101101011011101011111110101111101111100111101111111110111110110101110011101101110101011111010111111111110
1010101010101010001000000010101000101000101000101010101000001000101010001000001010101010000010101010100010100000101010101010001010000010000010101010000000001010001010101000100010101010101010101000101010000010001010101010000000101010000010101000101010101010001010000010100010100000101010101010001
1110101111111010101110000110110101111010110111101111111111001111011101111101111001101011111110111100111111111110110111001111111101011101101111110011101110111001011011111011101011101110111110010011111110001010101111010111111111110011101111111111001111111111101101011101101010111000111110101110101
1010101010100010101010001000100010101010100010101000101000101010101010100010101010001010101000101010101010101010101000100000101010101010101010101000101000101010100010101010101010101010101010101010000010101010100010101010101000001000101010101000101000100010101010100010101010101000101010101010101
1001001000111111111011111101110110111111111111110111101110011011111110101011111110100111110101111111111110111111011011111011101111111111110110011111101111111111011111010011111110111111110101101111101011111011111111111101110101011111111111111111100111101010100100111111011110111111101110111011011
1010101010101010101000100010100010101010100010100000001010100010001010101010101010101010100010101010101010001010100000001010001010000010001010101010001000101000101000101010101000100000101010101000101010101010101000100010101000101010101010001010000010100000100010001010100010100010101000101000101
1111101111111001101101101111110111111111110101011110101110111011011111110111011111101110111110111111111100111111001111111111110011111111111101110110111111000110110001111111011110011110111000011100111110011110111101110111100111101101111111111010101001111011111111011011111111111011010100111001110
0010000000100010101010100010101010000000101000101010101010100000100010101000001010101000100010101010101010101010001000001010101010101010001010101010101010101000101010101010101010101010100010100010101010001000101010100010101010101010101010000010000010101010101010000000101010101010101010101010100
0010001101111111111111001110011111101111111101111011111111111101011101011011111011010101101110111001011111111011111101111101101011100011110110111110100110111111110110000101001100100111111111111111111111111011111010111101111111111001111011001111101111111011111110111111111110101101111110010111111
1010000000000010101010001000101010001010101010101010000000001000101000101000100010101010001010101010001010000010101010100010101010001010101010101010101010001010100000101010001010101010101010001010101010001010000010001010101010000010100010101000101010101010101010101000100000101010101010001010101
1110100111011100101101000110101011101011010101111111100111111011111010111111110010110111111111010111110010101111111000110110111010011011111011011110110110111011111111010101111111011100111110111111010010101011100110011111111011101101111111011111101101101101011111111111111000101011111011001010101
1010101000101010001000101010101010101000100000000010000010101000101000101010101000101010101010101000101010001010100010101010001010100010101000100010101010101010101010101010100000101010101010101000100010101010101000101010101010101000101010101000101010000010101010101000101010100010001000101010001
1010111101011011111111100111100101110100011011111101101111011111010111101110110011111110010111111011011111100101111110110011111111100111101110101100111011001111111111110101101100100011110011111111111111111110111111111110011111011111111111100111100111110111111010010111101111010111101010011111010
1000101010001010101000000010001000101010101010101010000000101010100010100000101000101010101010001010101010000000101000101010000000101010001010101000101000100010101000100010000010101010100010101010101010100010100010101010101010101000001000100010100000101000101010101010001000101010101010101010101
1011001111011101111110000111111111111101111111111111111011010011101101111100000011011011110111101111110101110011011011111110110011101111011110110110110111111111100111111110011000011111111010001111011111111011111111101111110111111111000101111101101011110111111111001111111111011101111111111111111
1000101000101010101010100010101010001010101010101010100010101010101000101010101010101010101010100010101000100010101010100010101000101010100010101010101000100010001010001010101000000010101010100010100010001010100010100010001010101010001010101000101010100010101010101000100000101000101000100010101
1101111010111111110101111001011100101111111111011101111101000110111111111100011101111101101111111111111101110011111111111111011011110111011100100111111110110101110111000101011101110101111111011111011111110011101111111100111111111111110110011011011111100101110010000101110111001011110111001010111
1000101010100010101010101010101000101010101010000010101010101000000010101000100010101010000010100010101000100000100010101010101010101000001000101000001010100010101000001010100010101010101010101000101010101010101010100010001010101010001010100010101010101010101010101010000010101010101010100010100
0110011101011110111101101101111011011111101101011111101001111101111111111101011111111111111111011011011101111111011110111011101111101011110111110111111100011101110101111110011111111111111101111110011101111001111111011011111111101111111111111011011111011001111010101111101111011011111110111111111
1010101010001010101010001010101010101000101010101010101010001010001010101000101010100010001010101010100000100010101000101010101010001010001010101010101010001010101010001010101010101010001010101000001010101010000010101010001000101000101010101010101010001010101010101010100000100010101010101000001
1101111111101111111101111111110111101001011011111111111101111111111110110100111001101110111111011111101110101111010111110101110111101101111111011110111101110110110111111000011111111100111110111111010110011110000101101111111111100111100011011111111111110110110111111111111001111111110111011111111
0010101010001010100010101010101010100010101010101010101010100010101000100010101010101010101010001010100010101010101010001010000010001000101010100010101010100010101000001010101010101010101010000010100000001010101010101010100010100010101000100000100010100010001010101010001010100010100010101010101
1111111111111001111111110101101111101110110111111111110111111111000110111111111101111100100000101101110001111000110001111111011111111110011111001011111010111110011100001101111001110111010101111011111011111111011111111111111111000111111101100111111111110111111101111011001111011111110111110011011
1010101010001010000000101010101010101010100010001000001010101010101010101010101000101010101010001010000010000010001010101000101000101010001010001010101010101010101000101010101010101010100010101000000000101010100000101000001010101000001010001000101010101000001010100010101010100010101010001000001
0111111111001101111000011011111001101101110111011110111111111101101111111011011101111111111111101110111101011011111111111011111111101010110101111110111110011011011110111011010110100110110111101111111101111100101111100111111100111100111111011110111111110111111011111011110111110101010111001111101
0010101010100010101010001010101010101010101000001010101010001010001010101000001010101010101010101010101010101010100000101010001010101010101010001010101000101010100010000010101010101000101000000000001000001000001000101010101000001000100010101010101010101010101010101000101010101010100010001010101
1110111011111111001101111011111101111111111111100111110011101001110001111101110110100110101011100011111111110100101110101111111101110101010011111011100100001011111111111011110110111111111111111101011110011110101111111101111111011111110100101110111011111101101101111100101110001101111000110111101
1010101010001010001010001010001010001000001010101000000000001000101010101010101010100010101010101010001000100000101010101010101010101010101010100010001010101010101000001010101010101010101010101010101010101010001000101000101000101010100010100000100010001000101010101000101000101010101010100000101
0101110110101100100011001111010011011101110101001011111111000111111111101111111110111111111001100110111011001011011111110111011111011101111111111111110101111110101011111101111111110111111110111011111101010111111101101110111111110011101111101010111101111011111101111111111011111100111110011011101
1000101010001010001010101010101010100010101010101010100010000010001010000010101010001000101010001010101010101010101010101010100000101010101000101010101010100010101010101010001010100010001000101010101010101010101010101010101010101010100010101010101010001000101010101000100010001010101000001000100
1111111101101110110011111001110101011111010101111011110111111011011111111100111111011110110110111111100111111111111111111111011010111011111111111111101111011101110001111011111110101110010101111101111000111011001111101011101110110101110010111011111001110111110101111100111111110111111101111111111
1000100000100010101010101010001010100010001010101000101010101010101010100000101010101010100010101010101010101010100010100010101010001010001000100000101000000000101010101010101000101000001010100000101010100010100010101010001000101010000010101010100010001000000010000000101010101010100000001010101
1111110111111110110111111111101111100111111011110010011011111111111001111110100110110111101111111010011101111111101101101011111011111001011110101110110111111110111110111100011011111011101111111110111111110111111010111111101110001111110101001111111111101111111111011011111010011111110111101111111
1010101000101010100010101010101010101010100010001010101000101010101010101010100010100010101010101010001010101010000000101000101000001000100010100010001010101010101010100010100000001000101010101000101010000010101010101000100010100010100010101010101010101000000010001000101010101010001010101010000
1010011111011111111101111100111011111111111100101110101111111011101111101001111011011111111011110111010111011110111111101111100111111111111111000011011111010111110111111100111111111011111101110111010111111111010111001111110111011111110111111111010101000101011111100011101111010101111101111011011
0000101010100000001010101010001010101010101010101000100010100000000010100010100010101010101010101010101010101000100000101010101010101010100000101010101010101010001010101010101000101010101010100010101000001010100010001010001010101000101010101010001010001010101010001010101000101010001010101000101
0100111111011110011100110110010111111101111001011110111111111111101100111111011101100111011000011011111110011111101100110011111111110001111111011111111111111011101110011101110111100000101010111101010011111101101111001111111111101101110100111011111011111101101001111111111111011110000010111100111
1010100010101010000000101010101010000010101010001010100010101010000010100010000010101000101010101000101000101010001010100010001010100010101010101010101010000000101010100010101010100010100010001010001010001010100000101010101010100000101010101010101010101000101010101010100000001010101010101010101
0110111111111011010111111111111001110011011110001010011110111111011111111111111111110101110111011110011111111111111010110111011011011110101010111111100111111111111111101101111011011111100110101100010111100011110111111110110111001100001101110110111100001111111111011111100101111101010001100111011
1010101010101010101010100010000000100010101000100010101010001010001000101010100010000010101000100000101010001010101010101010101000101010100010101010101010101010100010101010001010001000101010001010101010100010001010101010101010101010001010001010100010101000101000001000101000001000100010000010001
1001110111110111011011111011111100111111110001111101011111011011101111111011000111111111101111111101111110011111111011001111111011011110011111011110110011100010111011100010111111101100011111001101001101010111111111101011011011101011110011110010110101111001110111110011111111111100111101110010010
1010101010101010001000001000101000101010101010001010101010000010101010101010101010100010100000101000101010101010001000101010100010001010101010101000101010101010101010101010101010101000100000101000001010101010101010101010101010000010101000000010000010101010100010101000100000101010101010001010101
1101001111101111100011111011001111101110111100111011111110110110111111111011101101111110100011110011101111111101101111111001011110111111101011011001111111101111011110101010001111111111111110110111010111111011111101011001111011111010010111101110111110111011011111011100100010111111111100110111101
1000100000101010101010101000101010001010101000100000101000000010101000101010001000001010001000100010100010001000101010100010001000101010100000001000100010100010100010000010100010101010101000001000101010101010101000101010001010101010101010000010101000101010001010101010101000101010100000101000101
1010111111101011111000010111111101001111001111111111110011111111111101101111011110111111101011111011011111011101111111111011111101001111100110110110111101011011101001011111111110010111111111001111110111101110010111111111101011111110111110101111110111010111010111010111011011111110111111110101110
1000101010101010101010001010100000101010001000101010101010100010101010101010001010101010101010100010101000100010101010001010100010100010101010100010101000100010101010001010001010101010001000101010100010101010001000101010101010000010101010101010101010101000100010101010101010100010000000101010100
1011010111101011011011111001110111111111111001101111111110111111110101111111011110011111110111111001001011011111110110101110111111111110011111110110111101101010101110011111001110110111001100111111111101011111110101111101011110001011111100100011001111100000111110111110101111111010001100111111110
1010101000101010000010001010100010101000101010001010101010101010001010101000101010101010101000101010100000101010100010101010100000101010101000001000101010101010100010101010100010100010001010101010001010101010001010101010101010000010101010101000001010101000000000001010101000101010101000101010000
0111100011111111101010000101011111010111111001110111101100110100111111101100001111111111111111101001110101111011100110111001011011111111101111111111011101111110101101111111011110011111110001111110001111101101111010111001101001111011111111111010110111011011100101111111110000100110110111101111111
0010101010101010101010001010100010100010101010100000100010100010101000001010101010101010101010100010001000101000101010101010101010101010101010101010000000101010100010101010101010101000001000101010001010101010000010101010101000101010101010101000001010101010101010101000101010101010001010100010101
1111111101111011111101111110010111011110011111101111111010101101110101111111011011011111000101011110111011101111101011110111111101101010111110111011011111111011110100000100011011101111011110111111111111111011111111011111111110111011010110110111001110111111110110110111111111110111111110111011111
1000101010101010001010100010100010101000101000101010001010101010101010100000100000100010100010101010101010000010101000001010000000101010001010101010101000101010101000101010000010101010001010101010001010101010101010101010100010101010101010100010100000100010101010101000101010101010101010001010101
1101111111111100010111110011111110101111111111110111101011101111001110110111101111110110111011111111111111110110011110001011111111101001111100111111110001111111101111110111111101100011111101001101111011100111011111001011101111110111001111100110001010011000011110000111101110111111111111011100111
0010101010001010101010101000101010101000101010101000100010001000100010101010101010101010100010001010101000100010001010101010101000100000001010101010101010101010101010001010101010100010101010100010101010101010101010101010001010000000101010101010000010101010101010000010100010001010100010001010001
1011101110111110111111111100101101011101111111111110010011111110011101111011111001111111011111111111011010111101111110010111111011110111110111101011111110111111111110101111011111010101000101101010111111111100111110110011111011111011111001011110111111110010100011111111101111111011111101011111111
1010100000101010100010101010100010001010101010101010101010001000101010101000101000100010101010001000001010100010001010101010101010101000101010101010001010001000101000101010001010101010001010100000101010001010100010001010100010101010101010101000101010101000101010101010101010100000100000101010101
0101101111100111111110111111111110001110111110100111010111111111101101111110001111010111001111011111001011111111101111011111111110111111111101111100001110111011111101001011111011110110101111101111100111110100011111111101110010011101111111111011101001100111111011011111110100111011010110111111110
1010001010101010101010101010000010101010101010101000101010101000101010101010101010100010101000101010101010001010100000101010101010100010100000101010101010101010101010100000101010101000101000101000101010101000101010101010101000101010100010000010101010100010100010101000101010000010001010001000101
1001001011110011011111111111111110011101110110110011001111011111110111111111111110001111111011100101110111111111011011100010111011101110001111110101101010111101111111101101001011101111110110110110101111111111110011101111111010011111111001010110111000011110111011110011111110011011111110110011111
1010101010001010001000100010100010101000100010101010001010001010001010100010001010101010101010101000101010000010101010101010100010001010101010101010101010101010001000101010001000101010100000100010100010101010100000100000100010101010001010101000100010001010101010100000101000000010101010101010101
1100111110111011011101101001011111111110111101010111111111111111111101111111110111011001111111111001100011111111101011111111111011001101011101011111111101101111110111011001011101111111111111111111011101011011111111111101101111101110011010001111101101100110011001111101101101101111111101101101010
1010101010101010101000100010101010101010101000100010101010101010101010101010101000101010101010100000101010101010101010101010000010101010001010101010001000001000101010101000000010101010101000101010001010101010101010101010101010101010001000101010100010100010100010101010101010101010001010100010101
1011011001111010011110110011111101001111011110111100011111011111010111010011010111101001111111101110111011111111101110111000111111111110011111011011111111111010111011111001110111111111010011111111110110001111111001111111101111111110011110111111010111101111111101011111111101101110111010101111011
1010001000101010101000101010101010101010101010101000101000100010101010101000101010101010101000101010101010101010101010000010101000100010100010001010101010001010100010001010101010001010100010000010001000101010100000001010001010101010101010101000101010100000101000100000001010100010101010000010101
1111110101111111111110011101101101111011111101110001011101011011111011001111111011011100111111101001100101111111111111010111111111110111111011011011111110111110111100011111101101110111011101111111111101101111011101111111111111111111111110110111001101111101111011111100111110111111111111111110101
1010100010101000101010101000101010101010001010000010101010001010101010100010000000100000101010100010101010101010000000101010000000101010001010101010000010101010101010000000001010101000001010001000101010101000101010101010000010001000100000101010001010001000001010101010101010000010101000100000101
1010010101110111111111110111101111110111101111101101010110010010010001101111110101011110010001010111001101101101111010110000101011111110101100101101111110110101111111101111011111111111111010101110111101011011111101011101111011111111111111011101111111111111110101111111111110101011111111110011100
1010101000101010101010101010101010000000100010001010101010100010001010101010101000101000101010101010101010101000100000101010001010001000101010100000101010101010101010100010101010100010001010101010101010000010101010000010100010001000100010101010101000101000100010101000101010101010100010100010001
0011011111110101111111101111111111101111101110111100111111010011111111111111111011111100010011111111011111001110111101111110110111111011011001101101001111111110110000011111110101101111110011110110111010110110111101110101011111111111111111110111111100111111001111011111110000111111101011011000010
1010101010101010101010001010101010101010101010000010101010101000101010001000101010101000101010001000101000100010101010101000001010101010000010101000000000100010101010100010101000001010101010100000001010101010101000101010101010000000100010001010001010101010101000100010101010000010101010100010100
1111111111111110111011111101110101011101110011110110011010111111111011111111111111111101001011111111111110110111111111101110111011111111111100111110101011111111011011100111111001101011001011101111001111110001101010101111110101011101111011101011111110110111111001011011010111111110101111101111001
1000101010101010101000001010100010101010100010100000001010100000101000101010001010101010101010101010100000101000100010101000101000001000000010101000101010101010100010101010100010101010101010101010001010100010001010101010101000101010101010101010101010100010101010100000101010001010101010001000100
1110011101011011001111111100111101111011000011111111101101111101111011101111111011111111100011111011110001001111111111011111111111111110111111011111011111011101010001110111011110101110101010101111101001011111011111111111101101101111111111011101111001100111111101101111010110110111011111111111111
1010100010101010101010101000000010001000101010100000101010101000100010100010101000100010001000001010101010001010100010101010100010001010101010100010001010000010101010101010101010101010101000001010001000101000001010101010100010101010001010101000100010001000001010101010101010001010101010101010101
1111111111111111111010110110011010101001101111111011010111011111111111111111111111100111110101111111011111101111111000111000011111111101111101111111011110111111101010111010011111110110011011101111111001111001110110101011101100101011111110011011111100111011111101010011111111111111110110101001011
1010001010001010101010101000100010100000100000101010001010101010100000100010101010100000101010100010001010101010001000001000100010000010101010100010100000100010101010001010001010001010101010101010000010101010100010101010101000100010000010100010101010001010101010101010101010101010001010101010100
0011111011111000110110101101111111111101111011011111111111011111011101001111101111100011110111111101111101001111101110101111011011101100110101110001010010110110111110110100111000011111111111111011100111000111111100111001110101101111111111011110011111111111111110101110101110010011011101111111110
1000101010101000000010100010101000000010001010101010001010001000100000101010101010101010101010001000101010101000101000100010101010000010101000100010001010001010101010000010101010101000100000101010100010001010101010100010001010101010100000100010101000101000101010101010100010101010101010100010001
0111110101111011101110111111111111111011101010110111111111111111101111111011110011101111110011111111111111111011111011111111110100111000111011011011111101111111011111111111111011111011011001110101111111111110110011110011111110100111010011110111111111111111111111111010101110111111110010111111111
0010001010000010101000101010101010101010101010101010101010101010101010101010101010100010001010101010101010001010001010001000100010001000101000001010101010101010101010101010101010001010100010101010101010101010101010101010001000101000001010000010101010101000101000000010101010101000001010101010101
1111111111010110101111100000111010101000111111101110110111111111011000100011011110110110101010111110110011001111001111101011101010101111111011111111111011100101010111111110101111110111111111111111110100101100111010010101010111110011111111011111100101111011111111011101001101011111111101111101111
1010100000101010001010001010101010101010100010101010101010001000101010101010101010101010101000101000100010101010101010101000101010101000101000001010101010001000100010101010101010100010101010101000101010101010101010101010100000100000001000101010101010101010101010101010001010101000001010001010100
1100111011111011110111111011110111100111001111101111110101111111111011011101111111101010001010111111111111111011110111111111111010110111111111011111101111001111110101111110011111111100101001011111101111111111111110100010101001111101111101101011000111110011111111011001011111001101001101110100111
1010101000000010001010101010101000101010100010100010001010100000001010100010100010101000001010101000101010001000001010001010101010101010101010001010101000101000101010100000101010100000101010001000001010101000100010101010101010001010101010101010101010101010001010101000101010000010101000101010100
1110110111111110111111010010111111100111110111100101101111011110101111101000111100111001111111111111110110111101111011111111111110110110111010111111011100111101110011111111111011111111101011110111111110110110111111111111111100011011111101100110110100000111010110111110111000011011111101011010111
1010101010101010101000101010101010101000100000100010001010000010001010001010000000100010001010101000101010101010001010101010001010100000100010101000101010001000101010101010101010101010101010101000101000101000000000101010101010101010101010101010100010100010100010101010100010000010101000001010101
1111010011101111111100110110101111011001111110011111101110011111111111111110011111101110101011110111111110110111011011010100010011111011111100111011111110111111111111100111111111110111111110010101011110111111011011111101101110111101111111111011111101101111110111011100110101110100110110011111111
1000101010101000101010101000101010100000101010101000101010100010101010101000001010101000101010101010101010101010100010001010101010101010101010101000101010100010101010100010100010001000100000101010101010101010000000101000100010101010101000001010100010000010101010000010101010100000101010100010100
0001111111111001111111011111101001111111110100011111111111111101010111111101011101011101111111111111101111010111101111101011111101111110011011101001011000001111111111111111111011111110101111111111011100110010111111111110111101011011011101011100110001111010010111010011111101111010110110111110100
0000100010001000001010101010101010101010100010101010101010001010101010101010001010101010101010101000101010101000000010100010000010101010100000101010001010001010101000101010101000101000101010101010100000101010100010101010101010100010101000101010100000000010101010101010001000101010101010100000101
1110111111101100111111110111110111010111111110101111101011111111000111111111111111001110011011111010011101111111111000111011110111010111110110010110011111111001011111011111101111101100111111111011110111111011011101110111111010111011110011101111010011100110111011111100111111111111110011111111011
1000101010101000101010001010000010101000101000101000001010100000101010000000100010101000101000101010100000101010100010001010101010100000101010101010101010100010101010101000001010001010101010001010001000000010101010101010100010101010101000000010101000000010001000101010101010101010101010101010101
1101111100111101000111010111111111111101111111110101111111111110110110100010100110001111111111000110111110111111010110111010111111111110111111111111010101011011111110100001110011011110101101111010011101110110110111111111011100110111111011100110011111110101101011111011111010101111101111111011001
0010101010101010101010100010101010101010101010101000101010000010001000100010100010101010101000101010000000101000001010100000001010101010001000001010000010100010101010100010101000101010101000101010101000101010101010001000001000101010001000101000101010001010100010101000101000101010001010000010001
1111011111101101010111111111011110110101101101111000011101110111111011100111011101111010101110100011111001010111111011101111110111001101111111111011101111011111101100111101101111111011001111111101111111111101011111011111111110011111110110111011111001111111101111111111001111111001111011100001100
1010100000101010101000101010001010101000101010101010100010001010101010100010001010101000101010000010100010001010101010000010101000101000101010101010101010101000101010101000100010101010100010101010000010101010101010101010101010101010001000101010101010101010000010100000101010100010101000101000100
1110111101101111111101111101101010111111111111011110101110111110110111111111001111111111101111010111111110111011111111101111111111001110111111011110111100000011110011010110010111111101111111111111010111011111101110111011111110111101110111110110101011111110111100101011001111111111110110011101101
1010101000000010101010000010100010001010101010100010101000101010001010101010001010100000100010101010001000001000100010101010001010100000101010100000101010100010101010000010001010101010101010101010101000101010100010100000001000100010101010101010101010001000101010101010101000101010101010101010101
1111111011110011111111111101011010101011110101011111011111111111111110110111111011011011101111111111011100110111111111111110111101101110111111111101111111111010111111011111101101111111111011111111110101111111111000101100111111011100111111111111110011111111111101111011111111111111111111011011011
1010101010001000100010100000101010000010101010001000101010001000101010100000101010001010100010101010100000101010101000101010100010101010101010001010101010001010000010000010101010101000101010101000101010101010001010101010101010101000101010000010101010001010101010000010100000101000101010100010100
0111111111111111110111011111110110110110011111011000110111101011001111011110111001111001001111001110011101111011110010110010101111111111101001101010110111100111101010101110111011001010101101010111110101111011011111111001011111111001111111111001101111001101111101111110110111110111101111011111101
1010001010101010001010101010101010101010100010100010101010100010100010100000101010001010101010001010101010101000101000001010101010101010101000101000101010001000101010100010101000101010101010001010100000101000101010101010101010100010000010001010100010101010101010101010101010101010101010001010101
0110110111110111110111111100101111000111101011111111100111100111111011011011110111010101101100110110111111111111001111111011110001111111101111111011111111100111010011111111111111111101001010111111110111111101001111000101111110101000111110111001011111110101100011101111011111111101111011101111110
1010101000001000001010001010101010101010001010101010101000001010100010100010101010100010101010100010101010101010001010101000001000101000101010001010100010101010101000001010100010101000101010101010101000001000101010100000101010001010100010100000101010001010101010101010101010100000101010001010101
1111111101010110011110001110100100111101011111110000011111111011011111110111111110100111111110010101110111101101110111111111110111111101110111111011111111101101111111000011111111111011011111111101110111100101011111110111111011111100110101011101110111111001111111001011111111101011111111111111111
1000101000101010100010100010101000101010101010100010101010101010001010101000101010101010101010101010101010101010000000101010000010101000000010101000101000101010101010000010000010101000101010001000101010100000001010101010001010100010001010001010000010001010101000101010101010001000101010001010101
1111110110111110111111111111101101111011111111100111111111111111111110110111111111000010111111111111111010111010000011010110010111111010001111110101111101011011101111110011111011010011111110111000111010111011111001100011010111111110111111011110011111110101110110111111111100010110101011110111111
0010101010100000101000001010001010000010101010100010101010001010001010101010100010101000101010000010101000100000000010001010001010101010101010101010001010000010100010100010000000100010101010100000001010101010100010101010101010101000101010100010001010101010101010100010101000100010001010100010101
0111111011000111111001000011111010111110111110111111101011001011001001101111010111101111101111100111101111111111111011110101111111111100000111011110110011111011011011111111110111111011111101111101101001110111011111111111001111001110110110110111110110101101000111111111111101110111110011111011101
1010001010101010001000100010100010101000000000100010101010101010101010101000101000101010101010101010101010101010101010101010000010001010001000100010001010000000100000101010101010000010000010100010101010100010001010001010001000101010101010001010100000101010101010000010001010101010001000101010101
0101111111011111001001100011010111011101010011111110111010110111111101100111101111001111011110111011110100010111111011011111111111101110101111111111101111011110100111011101111010101110011111111111111110011011110101101001111101111101101111011101111101100111111111111001011111011111011111111110111
0010101010101010100010001010001000000010001010100010101010101000101010100000101010100010101010001000100010100000000000101000101000101010101010101010001000101010001010101010001010101000001000001000101010101010101010101000101010101010101000101000101000100010001010101010100010100010101000101010101
1111101110011011111111001010111111001100111111111111111111011111111111110111111110101101011101000111111111111111111110011111110100110111110110101111001101111111101111111110111110111110101111111011111110111010110101101010111010111010111101110011101101011111011111111111111011000111101111001101111
1010101000100010101010101010101000100010100010101010101010001010001010100010101010100010001000101010101010001000101010101010101010101010101010001010101010101010001000001010101010101000101000100010101000100010000010100010101010101000101000101000101010101010101010101010001010101010101010001010101
0111101110111101101111111011111100101110100101010110111101011011011101011000111111101011101101011110011110101001101111100011111011111101011101111011111101111111010110111011110111011100101101111001110111111011111111110111111101101101111110111101111001110111100111101011111101111111111111111011111
0010101010101000101010100000100010001010101010101010101010101010001010101010100010001010100010001010101010101010100000101010101010101010101010100010101010000010101010100010101010101010101010001000101010101000101000101010001010001010001000000000000010101010101010000010101010101010101000101010101
1111111111101110111101111111011111111001100011111110111101111101011111111111001100111111011110111111100110100110101111111111111001111101110110111011111100011111101111111101110101111011111111011101111111111000101110111101111111111001111111110011111100111111011000110110010101101011111101101111101
1010001000100010100010100000101010100000101010000010101010101000101010101010101010101010001010101010101010101000101010001010101010101010101010101010100000101000101010101010101000101000001010001010101000101010101010101010100010101010100000101010100010101010101000101010101010101000001000101000101
1100111111110111111111011011111111111101111101001001101111100101110101001101111111101101111111001111111001001111011011111111101101111001101000101011110111101111111111010111111011011111111111110110111111110110111111100101011101101101101100111111011010110111100000110111111001111110101111111011101
1010101010100010001010001010101010101010101010101010100010100000001010101000001010101010001010000010100010100010100010001010100010100000001000100010101000001010101010101000001000100010001000101010001010101000001010101010101010101010101000100010001000101010101010101010101010100000100010100000101
0111101011101111111010111111111110100111011110001111001011000110011111111111111110110110110110111110101011111101111110111011111011101101111010110111110111101111110111110110111101001101111111100110111010111011110111101111111111100110100111100110111101111111101111010100111110111111111001011101111
1010101010101010100010101010101010101000001010101010100010101010100010101010101010101000101000101000101010000010001000001010101010101010001010101000101010101010001010101010101010101010101010101010100000101010101010101000101000001000001010101010101010100000001000001010000000101010101010101010100
1011110111101111101111010111111100111111111101111111111010011111001111111111101101101101011101111011110011100111010111101011111110111111011101111011100111110011101111011011111110111011111011111100010111111111110110010001101111001111110001111100111111101011111011111001101101111011111110101011111
1000101010101000001000000010101010101010101010101000101010101010001010100000001010101010101000100010101010001010000010101010101000001000101010000000001010100010101010101010101010101000000010100010101010101010100010100000101000100010101000101010101010101010101010000010101000001010001000100010100
0001001101011111111111101111101111110011110111010011110101110011111111111111110011110011110111001101011111001111110101100011111101011111111011111111111111111111110000111101111111101011100111111011110111111111111111011111001110111110100001001111010100101110111011001110100111111111111110101011111
0010100010101010100000101010001010000010101010001010101010101010100010101010101010101010001010101010101010101010101010101010100010100010001010101000101010001010101010001010101010101010101010101000001000001010101010101000001010000000001010101010001000001010101000101010101000101010000010101010100
1111011111111101001011011111111101111010011111100011110111110011000111011111111110110111110001111010101111101111110111111101101011101111010101001111111111101111111001111111110101101111101111111110010001100111111111111010111110011101110111110001000111111111111011111110101111111111000110111000111
0010101010101010101010001010001010101010001010100000101010100010000010101000101010101010101010100010100010101010001010000000101010100010101010101010101010000000100000101000101000101010101010100010100000101010100010101010001010101000101010101010101010001010100000001010101010101010001010101000101
1001101111101101001111101110100111111110010111011101110110111111100111111101101011111111101110111100100111011011111101111011110010111111101111010111101111111111110111111111111111011101001001110011111110101011110111101011111101011111101111111111101111111111101101011101111001011111111110100110111
1010101000100000001010001010001000101010101000100000100010101010101010101010001000000010101010001010100010100010001000101010101010100010001010101010101010101010101000101010001010000010001000001000101010101010100010100010101010101000101010000010100000101010100010101010100010101010101000101010100
1111111010001111111011011111110011110100110111111100001111101110001111111110101111111110111101111101101110011111011111101111101110111111111011111011111111111101110011111111111101101100010010111111011111111101111101111111111111110101111100111101111101111111111101111111110011110111111110110010001
1010100010101010101010100010101010001010001010101010100010000010101010101010001010101000000000000010000010101000001010001010100010101010100010001010100000100010101000001000101010101010101000101010101010001000101010101000100010101010100010100010101010101010101010101010101010001000101000000010001
1111111111100100110001111111101100101011111111111111101000110111011111111111111011111011111111111111111110101110111111111101110100011111101110101011111111111011100011011011010011111110101101101111111111100111111110111011111110111110011111101111010101011010000100111111101111001111011011011100111
1010101010001010101010101010001000001000001010100010101010001010101010001010001010001010101000100000101010101000101010100010101010001000001010101010101010101010001010100010100010101010100010101010001010101010100000101000101010000010101010001010001010101010101010100010101010100010001000000010101
1111111111111111111111110011001111101110110111000111010111111101011011110101111111101111111111101110111110111101101111010111011111101011111010011101111111110111110111110010100111111110111010111111101111111001000111011101111011011111010111111001111011011011110011111111111110111101111101111011101
1010101000001000101010101010100010101010101010000010101010101010101010101010101000100010101010101010101010101010101010101000101010001010100000101010001010101010001010100010101000100000001010101010101010000010101000100010101010101010001010000000101010101010100010001000100010101010001010101010101
1111010110111111010101101111011111000011111011011110110110111110110111101111111110010110011001111111110111011000111101110011101110110110011011110111111011110111000001111111101011011110101110110011100111111101111100111011111111110111101111111111010111110110111111111001101011010111101111011111111
1010001000100000001010101010100010100010101010001010101010101010100010101000101000100010100010001010101010101010101010100010001010101010101000101010101000000010100000100010000010001010101000101000101010001010101010001010101010100010101000000000101000101000000010101010001010101010000010001010100
1111111101110010110001101110011111110111010110011011110101110011111101101110011010111111101111111111110111111111101111110111111111111100011111110110110111111011011101101010010111011111111101011111110011111110101111111111110101101111001111110111110111111011100111111011110011111111101110010111111
1010101010001010101010101010101000100000001010001010001010000010000000101010101010001010100000101000001010000010100000101010000010101010101000001010100000101010001000101010100000001010101010100000101010001010001000101010101010101000100000101010001010101010101000101010101000100000101010001010100
1111111111111011000011101000011110110111111111111111111111111100110111111111011011111101101011111111111111001100111100111001100111100111111111111011101111101110101101111010111111110111011111110011111110111111110111111101111001010010111110110111101011001000101111011110111101010101110111111100101
1010101010001010001010101000101010101010101010100010101000101000001010001000100010101010101010001010101010101010101000101000101010101010001010101010101010000000001010101000101000101010101010101010100000101000101000001010100010000010000000101000100010100000001010101000000010101000101010100010101
1111111111111010111110101111010001100101011110111111111111001111001111010111111001111100100101111111110011111001111101011100111101111110111111110000000101110111101111110001111111111011110111000111111011111011111111111101111111111101101101101011111110110101101101111111010001011111111011111011001
0010001010001010101010101010101010100010101010101010101000101010000010001010001000101010101010001010101010001010101010101010101010100010101010101010101010101000101000100010100010101010100010100000100010101010001010101010101010101010101010101010101010101010000010100010001010101010001000001010100
0111011011011111111111111111010011110101101111101100110111111001011011011111011111010101110111010111111111110001111111111111010101110110111110111011000000111101001111110111011101111110101111111011111101011111111111101010011111111100111111111110000101011001111111111111111101111111111111111101011
1000101010101010101000100010101000101000101010101010101010101010001000101010101010101010101010100010001010100010101010100000101010101010101000001000100000101010101010101010101010100010000010101010100010001010101000101010000010101010101010001010101010101010101000100010101010100010101010001010101
1011010101111001100011011001011110011101110101111111011010101111111111111111111001110111011100111011111101001110011111111101110110111110111010110111011111111011110101101011100110110010110111011101011101111110111100101000110010101111010110010111111010111001010000011111011011111111110010011111101
1000001010100010001010101010001010101010001000101010001000101010100010101010101010101010101010100010001010100010100010101010100000100000101010001010000010101000100000101000100010101010001010101000101010100010101010100010101010001010101010101010101000101010100000100010100010101010101000100010100
1000110011111111111111110110111111110111111111011110101111111111100011100110001100110111111111011100111101010111111111101111111101111111111111101100111110111001111011110011010011011111100111101011101101011011011110010010101111011111110111111111111111111111111111001111010101010111101110011111111
1010101000101010101000101010101010001010101010101000101010101010100010000010101000101000101010101010100000101010001010101010000000001010001000101010101010001010100000101010001000101000101010001000101010101010101010100010001010101010000010101010101000101010101010101000101010000010101010101010001
1111011110111011110111111011011011101101011100111110110011111101101111001111100111110111111100011111100111110010111111111110001011111111001011100111111111100111111111111110110100010110111111101011001111101110110001011110111111111111101100000010111110011111110111111011101111111111111111001111011
1000101010101000101000101000100000100000100010000000000010001010000010101010101010100000101000100010101000001010101010000010000010100010101010101010101010101010001010101010001010101010101010100010100000100000001010000000000010101010101010101000101010100010001010100010101000001010100010100000101
1111011110110101111101100111110111111110101010101011111101111001011110010000111111110010100111111110101110110111111111111111000101101011011111111101101010001010111000101111110111110101001111011101111101110111100101011101111111110011111111110111111101110111111101100111101010000111001111001111001
1010100000101000101010000010101010001010001010101010000000100010001010101010000010001010101010001000101010100000100010101010101000100010101010001010100010001010101010100000100010101010101010101010101010100010001000100010001010101010000010001000101010101010101000101000001010101010101010101010100
1111101111110111001101010101010011100111101011111111111011001001111011111001101011111010111110011100110011110111101111111110111111101101100011010111101111011111111101111010111111111011111111101111011010110100010010111110111011011111101111011101111010111111111011111101110100111011101111101110101
0000101010101010100010101010100010101010101010000000101000101000001010101010101010101010101010101010100000101010101010101010101010001010100010001010101010000000001010101000101010001010100000101010101010101010000000000000001010100010001010101010001000001000100000101010101010100010101010101000001
1111011101100111111010000111100100110010110010111111111011011111000111111101011011101011110011101100000111110011101101111100011111111111010111101011100111011110111011101000101011101110011111011110111101001001111111110110110111010101010110111111011110111110110111111111111010111110011111011101011
0010100000101010101010101010101000101010101010101000101000100010001010001010100000000010101010001010101010001010001010101010101000101000001010100010101010001010101010101010101000101000000010001000100010101010101010101010101010101010100010100010101000101010101010101010101000100010001010101010000
0111110001111011010111011100101111111011010111111011111111100010111111111011111011110111111010111111111110101110111011111011111111110111011111111110101101111111010111111111111111111000101011010110111111110101101101100111011111111110101111101110101101111010111000101111011111011100111111100011111
0010001010101000101010101010100010000010000010100010000010101000101010001010101000001010101010101010100010100000100010101010100010101010000010101010101010101010101010001010100010101000101010100000101010100010100010001010100010101010101010001010101000101010101010000000101000101010100010101010001
1010110101011111101101111111011011100101111111111110011110111110001111011101011111111111110111111111101110111111010011111111111111101111111111110101111101101111111101111011101111111111111111111011110011111110101111101110111101111100101111111111101101101111111110111101001011101110110111111111011
0010101010101010101010101010101010001000001010101010101010101010101010101010101010100010101010100010101010001010000000101010101010001010101010101010101010101010100000101010101010101000101010101000001010101010101010101010101010101000101010101010101010101010101010101010001010100000101010101000100
1111111001111101101111111101111011111010111111101110010110110111111011111101110111111111011111010110111110001001110011101011111000111111110001111001111111101011111100100111111111110111111111110001101111000100111011111000111100110001111011111111111110101101111101111001011111111010011010101111111
1000101000100000101010101010000010100010101000100010101010101010101010101010101010101010100010100010100010100010000010101010101000100010100000101000101010101000101000000010100010001010101010101000001010001010101000101000101000101010101010101010001000100010100010101010000000100010101000101010101
1111111111010100111011101101111011111011111101111111111111111001011111111100001111111101111001110110001010100001110101111011111011111110111010101111101011000111011101111110111001010110101101101101111111011111111111110111101111110011111111110111110101110111100111111111011001110110111111111111110
0010101010100010101010101010101010000010100010001000101000001000100000101010100000101010101010101000101000101010101000101000101010000010000000001010101010101010101010001010101010101010001010100000100010101010101010000000101000100010101010101010001010101010001000001010101010101010100000001000001
1111111111011010100111110000100100001011111111011111111111111111010101111111011111110101111111111111011110111011111111111111100101111111101011111111001101001111111011111011111001011010100010111111101110111111110100001010101010111111000101110111010111111101110111110111110101101110111111111111011
1000101000101010101010000010100010101010101010101010101010101010101010100010100010001010101010100010001010001000001010101010101010100000100010101010101010001000101000101010001010001010101000100000101010100010101010101010000010001000001010001010000010101010101010100000101010101010100010101010100
0011011101011111001111110111110110110110101101011101110110111101110110111110101110100011011010111101111111101111110110011111110111101111011111111001110110011011110111101110111011100101101111111111100111111100111111101011111111110111100110111001101011111011100111101111111111110011111101001111101
1010001000100010101010101000001010101010101000101000100010101010101010101010000010001010101010100010000000100010101010000010101010101010100010101000000010101010101010101010101000101000001010001000001010100010101010100010101000001010101000100010101010101010001000001010100010101010101010101010101
1011111101101011110000011111110110110111111101111111011111101010100111110101110111101101110111010111011101100111111001111110111110110111110011111111111101011111111011111111111110011111110011111111101010101000111011010101111111111111100100011101110011111111100111011010111111110111100111111010100
0010101010101010001010001010101010000010101010101010101010100000101000101010100010001000001010101010001010100000101010101000101010001010100010100000101010101010101010101010101010100010100010001010001010101010101010101010101010101000101010100010101010001000101010100000001010100000001010101010101
1011110110111110111001110111101111101011111011111111101101111111101010110101110110111111100111111111101111011011101001111111100110110111111111111111110101111010111011011111011110111110111111110111011001101011111101011101101110101111011111100010110110111101110110111011111111011110101110101111011
0010001010100010101010001010101010101010101000101010101000001010101000101010001000100010101010101010101010101010101000101010100010101010101000101010001010101000101010101010101010001000100010101010001010100010000010101010101010101010100000101010101000100010001010101010101010101000101000101010101
1111111110110111011011110101101010100110101111111111110111111111111101011110110101110110011011110111111101010111101101010111111110111111111101101101111111111010111111011111001010000110010010111110111011111001111111101111111111111111101010101110010111111111110110111101110011111110111011111011111
1010100010101000100010101010100000100010101010001010101010001010101010101010101010101010100000100000100000100010101010100010001010100010101010100010100010101000101010101010101000101010101010101000101010101000101010101010001000100010101000101010000000101010101000101000101010101010101010101010101
1011011111101100011011101011111011111110011101111001111101111001111111011010111111111111111011101110111110101111111011110011101111011011111101110111001011111101100101111111111110011111101110100111010111101100011111111110101001101111011110101111111011000111101100110011111001111111110111011100101
1000000010101010101000101010100010101010000010101010001010101010001000101000101000101010101010101010100000101010001000001010101000101010000010001010101010001000000010101010101010101010101000101010101000001010001000001010101000101000101010101000100010101010100010100000101010101010100010101000001
1110110101110101101111111111101111110111111110111101101010011111111100011011111101111110011110011010101111111101110011111111111110111101111100100110111111011011111111111111101011101111111100110110111111111111001011111011101110011111011111111110101111101111111110011111111101100111111111110101111
1010101010101010101010001010101010001000101010001010101000101000001000101010101010101010101010001010101010101000001010101010101010101010001010001000001010001010101010101010000010100010101010101010100010101000101010100000001010101010101010101010000010101000101000101000101010100010101000001010001
0110101011111001111111111111110111111101011111011110011100010111100011111111101101111110110111110101111111111111011111111010110011110111110111111101111111101011111111110100101110111011110011110110101011111111101011110101110111011110111100101111101110111111111111001011011111010101001100111111111
1000000010101010001010101000100000101000001010101010001010001010101010101010101010100000101000000000100010101010101000101010100010101010101010101010101000101010001000100010001010100010101000101010000010101010101010001010101010001000101010101010101010101010100010101010101010101010101010000000100
0110111111101011111111100111010010101110111101110111110010011111111000111111111111111110111011110110010111110111011111011110110101011111101111101111110111110110101111111111100110110110111111111111101111011111111100011110110101011101111010110011110101101111111011111111111011011110010111010111101
1010101010101010101010101010101010000010001010001010100010101010100010001010101010101010001010101010101010101010101010101010101000101000001010101010101010100010101000101000101000001010101010001010101010001010101000101010001010101010100010001010101010001010101000101000001010101010101010100010101
1111111010111111111111110111111011110111111001111100111111111111110010111010110101111011011110101110111111111111111111111011111011111111101111111010111110010011100010101011101111111110100111111110110000100101011111010010111011101101101101011110100100111111111111100010111111110011110111110111111
1010100010001010001010100010101010101010101010101010101010001010101010101000101010101000101010001010101010001000100010100010000000100010101010101010101010101000101000100010101000101010000010101010101010100010001000101010101010101010101000101010101010101000101010100010101010001010001000101010000
1111010011100101110111101110111111010101111111101111101110111110111101101111111111110111111111011111011111111111111001101011111100010111111011010111011011001101111111101111110111111111111110111111011111111101001111111110011111011110111101111100111011111111101111011111010101111110110110111011101
1010101010001010101010101010000010101010000000101010001010001010101000101010101010101010100010101010001010101010100010101010001010101010100010101000101010101010000010101010101010001010001000101010101010101010101010101010101010101010101010101010101010001010101010000010100010101010101010000000001
1111101111111111011111111111111101111101111111111111011010110111001111100100111011100111111110111010111110111110111000101110110111101111111111111111111111101011111101010111111111111111111111110111110011001111010111100111111111001111101110111101111111010111111110111101111011111100111111111111111
1010100000101010001010000000101000101010001010100010100010101000101000101010101010101010101010101010101010100000101010001010100010101010101010101010101000101010101010101010100010001010000010001010001010101010101010000010101010101010101010101010101010001010101010001010101010101000101000100010101
1111110111111011101011111100111100111010111010101011011011111101110011111011111110111100110001110111111110011000101101001110110110110111111001111010110010011111111111001111111111011111110110111110111111111111101111111011011100111011111101100110011111111111111111111011011101111011010111010110000
0010101010101010101010101010100010101010000000101010000010001010100010001010101010001010101010101010101010100000100010101010101010100010100010100010101000101010001010001000001000100010101010101010101010100010101000101010101010101010100010101010101010101010100010000010100010100010101010100010101
1101110110101111111011000010110101011110111111111111010111011110111001101111100111010111111111111110111110010111010011011011110110111100101011001011100111111111111011110110011011111111111101011111111011011111110111101110111010101011110111100111110101111011111110111010001111101111111001001110110
0010001010101000101000101010101010100010101010001010100010001000101010100010001000100010101010101010000010101000000010101000101000001000101000101010100010000010101010101010000010101010100000101010100010001010101010101010001010100000101010001010100010101010101010000000101000101010001010101010101
1101101101111110011110110111111111111111101011110111111011001110101101111110100001101111011100100011101101111110111111111110101111101011101111110111010011111111011110111000101110101111011101111111101011110011101111101111011110111011111111111111110001111011101011111111111011101111001101110111111
1010101010101010101000000010101010101000101010101010100010101010001010100010001010101010100010100010100010100000100010101000101010101010001010100010101010001000001010001010101010101010101010101000101000101010101000100010101010100000101010001010101010001010000010101010101010001010100010100010101
0111110010111110111101111100111110111111100011011111110010111110011111110111111111010101001011111111001111101101111111111010100101111011101111011111110110111111110111101111111111111111111010100111110111111111111101111111111001011110110111111110111111001111110111111111111111010101111111111111101
1010101000101000101010101000100010100010101010101010101000101010101000001010100010101000101000101010101010001000001010101010100010000010101010101010101010100010001010100010100010101010101000001000001010101010100010100010001000101010001010101010101010101010101010101000000010101010101010101000101
1111011110101111101111111101111110111111011111110011101010110100111101011111110000011000101101111111111111011111111111101101101111111111111111011111011110010111101101011101111111111101100111110111111111101111111111011111011001111011111111110010100111011011011011101111111110111001111011000111011
0010101010001010100010101000101010100010001010001010001010100010001010101010000010101010101010101000101010100010001010101000001000101010101010101010101010101010000010001010001010001000101010101010101000101000100010101010001010101010101010100010101010101000100000101010101000101010101000101010101
1100011101011011011110111101111001110000101111111101111111111011100101010111101101101111101000100110111111110111101111111101111110110101110111111001110101011110111111101010110101000111111111111111111111011111111111111111111111111100111111111111101010010111111100111111011111111111101011111111111
1000100000100010100010001000001000101010101010001010101010101010101010101010100010101000001010101010001010100010101010101000101000101010101000001000000010101010001000100000101010001000001010001010101010101010100010101000001010101010101010100010101010001000101010101010101010101010101000100000000
0110110110101111111110111101111111110011111100010011010111111111111000101111011101111011101101111101111111101101111000001110001101110110111111111111101110110010111011101011111110111101011001110111111111110111111110101111110111111010111000101111111111111110110111101110111101011111111100110101011
1010101010101010101010101000101010101000101010101010001010100010100000101010001010100010101000101010001000100010101010100010001000101010101010100010101000101000001010100010001010101010101010101000101010000010101000101010101010101010000000100010001000101010101010101010101010100010000010101010100
1011111101001110111101111111110110111111001101100001101101111111111111111110001110010111111111001111011101001111101000111001001000111111111110001100101110001101110111011110111111010110111111111011111110111110100111101001111111101101001111101101011011011111001111111111111110111111111011111111110
1010101000101010101010101010001000101010101010101010101010101010001010101010101010101000101010101010101000101010101000001000101010101010101000101010101010100010101010100010101010101010101010101010100010000000101010100010000010101000101010100010101010101010001000101010101000001010100010001000001
1111100110111101111011001110101110101111011111111111110101001100110111111111011101111111111111111111010111111111111001111110111111111111011110111011001100011100111111011101001100011011110111001111010111011111101110101101111101100110111011111111011110101111011001111111111111111111101100111000011
1000100000001000101000101000100010101000000000101010101010101010101010001010001010101010101010001010101010101010101010101000100010101000101010101010101000101000001010101010100000001010101000000010101010001000101000101010101000101010101010101010101010101000100000000000101010101000101010101010101
1111101100111101101110010111100101111111111111110111111101001111110111011110110111111011101111101111111011111010111110111011011111111100111111111111111100111011111111011101111111110111111010111111110011111010111111010101111111000101110010111110001111101101111111101001001111110111111100101011111
1000100010101010100000101010101010101000101010101010101010101000001010101010101000101010000010101000101010000000101010101000100010101000001010101010101010101010100010101000101010100000101010101010001010101000001000100010101010001010000000101010101010101010101010001010101010100000100000101010101
1011111111101011110101111001111111101111010110111001101110100111111011011101111111111111111101111101101111011110110111011101100010101011110101111010111001110101111111110001111111110011110110101111110110110111101101101111111111101011111111101110111111101111111011111110111111110011101110111100111
1000001010101010100010101010101010101010101010001010000010001010101010101000001010101010101010101000100010101010100010101010101010100010101010101010101010101010101010101010101010100010100010101010101000101010101000101010101000001010101010101010101010101010101010001000100000101010101010101010101
0011111111011111010111111111110011111111101111110110110111110101110111110111011111111101101011000011110011111110111001011101111110010011101111001011000101011100010111111011111011110001111101011111111111111111111111111111111101100111110011101111111101110011111111110110101111101111011110001110111
1010001010100010001010100010100010101010001010100010101010101000100010101010100010001010101010101010000010101010001000101010101010101010100010101010101010101010100010100010100000001000101010100010101010101000101010101010101010101000100000001000000010100000001000101010101010101010001010100010101
1110111001110110001001111111111111110111111111111111111001010111111011001001101111110101111011101111101101111101110111011111101101110101110111110011101101101111111010111011011110110111111101011111100111011111111010010111011101110110111011111110011100111111111101110111111110111111011011110011110
1000101010101010001010001010000010101010101010101010101010001010101010101010101000001010001010001010101000100010001010101000001000101010101010101010101000101010100000101010100000001000100010001000100000001010101010101000101010001010101010101010101010101010101010101010101010100010101000101000001
1111111011111100011111011001011000111110101111110110011101110011011111010101011000001011011111011110011010110001101110010101110001111101010111011110101110101011011110011111111111010111111111110111110110111111001111100101101011111111111110011011101101111110111111101111010010111101001111110011111
0000101010001010100000101010100010100010001000001000101000100010101010000010101010001000100010101010101010101010001010000000100010001000001010101010101010101010100010101000101000000000001010101010000010100010001010101010001000101000100000101010000000001000101010100010100010001000101000100010101
1101111011111101111111111111111111111111101110011110011001111010101111011101101111110111111101101111101011111111110011101111111100001111110101010111111110000111111101111110111111111110111111011001111101101111111111111110110111001101111111111011110101111111111011011011110100111101111111111010111
1010101000100010101010101010101000101010101000101010101010100000101010101010101010101010100010101010101010101010101010101010101010101010001010100010101010101010101010000010101000001010100010001010101010101010101000101010001000100000100010101010100010101000101010101010101010101000100010100010101
0010111010111011011100111111010111111011111111101111011110111110001011111110011011111100011101101111111111100101111011111110111011101111100111101101111111101011101111110111111111111110100111011110011011110111111101101111010101101101111010101011100111111101010111010111111110101111110111011111101
