297 1
101000101010101010101000101010101010101010101010001010000010001000101000101000001010101010101010101010000010101010001000100010101010001000001010101010001010100010001010001010101010001010101010101010001010001010101010101010100000101010100000001010001010101010001010100010100010101010101010101010101
000000000000000000000000000000000000000000000000000000000000000000000000000000000000000000000000000000000000000000000000000000000000000000000000000000000000000000000000000000000000000000000000000000000000000000000000000000000000000000000000000000000000000000000000000000000000000000000000000000000
101010101010001010101000101010101010001010100000100000001000100010101000001010101000100000100010100010101010101010101010101010101010100010101010100010101010101010101010101010101000001010100010000010101010101000101010101010101000101000101000101000101010100000101010101010001010101010100010101010101
000000000000000000000000000000000000000000000000000000000000000000000000000000000000000000000000000000000000000000000000000000000000000000000000000000000000000000000000000000000000000000000000000000000000000000000000000000000000000000000000000000000000000000000000000000000000000000000000000000000
001010100010100010101000101000001000001000001010001010101000001010001010101010000010100010000010000000100000100010101010101000101010101010101010101010101010101010100010100010100010101010101010100010001010101010001010101010000010001010101010101000001010101010100000100010101010101000100010101010001
000000000000000000000000000000000000000000000000000000000000000000000000000000000000000000000000000000000000000000000000000000000000000000000000000000000000000000000000000000000000000000000000000000000000000000000000000000000000000000000000000000000000000000000000000000000000000000000000000000000
101010101000001010100010100010001010101010101000001010001010100010101010101010101010101010101000101010101010100010101010100000101000101010101010101000100010100000101010101000100010101000101010101010001000001010100000101000101010001010101010101010100010101010000010101010000010101000001010101000100
000000000000000000000000000000000000000000000000000000000000000000000000000000000000000000000000000000000000000000000000000000000000000000000000000000000000000000000000000000000000000000000000000000000000000000000000000000000000000000000000000000000000000000000000000000000000000000000000000000000
101000101010001010101010101010101000101010100010000010101010101010101010101000100000100010001010100010101010100010101010101010001010101010101010101010101010101000101010101010101010101010101010101000101010101010101000000000000010001010101010100010101010001010001010101010100010101010001000101010101
000000000000000000000000000000000000000000000000000000000000000000000000000000000000000000000000000000000000000000000000000000000000000000000000000000000000000000000000000000000000000000000000000000000000000000000000000000000000000000000000000000000000000000000000000000000000000000000000000000000
101000101000101010101010001000001000101010001010101010100010101010101000000010101010101010101010001000000010101010101000000010101000000010101010101010101000101010001000001000101000101010101000001010001010100010001010001010101010101010001000101000101010000010101000000010101010101010100000000000101
000000000000000000000000000000000000000000000000000000000000000000000000000000000000000000000000000000000000000000000000000000000000000000000000000000000000000000000000000000000000000000000000000000000000000000000000000000000000000000000000000000000000000000000000000000000000000000000000000000000
100010001010100000100010001010101010100000101010001010101010001000101010101010000010101010101010101000001010101010101010101010101010101010100000101010101000101010101010001010101010101000000000101010101010101010101010101010000010001010100000100010100010101010100010100000101000000010101010000010101
000000000000000000000000000000000000000000000000000000000000000000000000000000000000000000000000000000000000000000000000000000000000000000000000000000000000000000000000000000000000000000000000000000000000000000000000000000000000000000000000000000000000000000000000000000000000000000000000000000000
101000101000101000101000101010101010101010101010001010001000001010001000100010001010001000000010101000000010101010101010101010101010100010001010101010101010101010101000101000100010101000101010100010101000101010101000100010101010101000100010100010101010100010001010101000100010101010100010100010101
000000000000000000000000000000000000000000000000000000000000000000000000000000000000000000000000000000000000000000000000000000000000000000000000000000000000000000000000000000000000000000000000000000000000000000000000000000000000000000000000000000000000000000000000000000000000000000000000000000000
101010101010000000001010101000000010101010101000101000100010101010101000001010101010101010101010101000100010101010101010101010101010101010001010001010101010100010101010101010000010100010101010101010101010101010101010101000101010001010100010001000101000001000100010101010101010101000101010001000001
000000000000000000000000000000000000000000000000000000000000000000000000000000000000000000000000000000000000000000000000000000000000000000000000000000000000000000000000000000000000000000000000000000000000000000000000000000000000000000000000000000000000000000000000000000000000000000000000000000000
101010001000001010001010001000001010101010001000100000100010001010100000001010101000100000101010101000101010101000001010100010101010101010000010101000001010001000101010101000101010101010101010101010100010101000101010000010101010101010101010001000101010100000001010100010001010101000101010101010100
000000000000000000000000000000000000000000000000000000000000000000000000000000000000000000000000000000000000000000000000000000000000000000000000000000000000000000000000000000000000000000000000000000000000000000000000000000000000000000000000000000000000000000000000000000000000000000000000000000000
101010100010101010001010101000001000101010101000101010100010101010101000100010101010001010101010001010001010100010100010100000101010100000101010100000101000001010101010101010101010101010101010101010101000100010001010100010000010101010101010000010101010001010101010100010001010001010001010001010101
000000000000000000000000000000000000000000000000000000000000000000000000000000000000000000000000000000000000000000000000000000000000000000000000000000000000000000000000000000000000000000000000000000000000000000000000000000000000000000000000000000000000000000000000000000000000000000000000000000000
101000100000101010000000001010101010101010001010101010101010101010101000001010001000101010001010000010001010101010100010100010101010101010100000000010000010100010101010101000101010101000001000001010001000001000101010100010101010101010101000101010101010100000100010101010001000001010000010101010101
000000000000000000000000000000000000000000000000000000000000000000000000000000000000000000000000000000000000000000000000000000000000000000000000000000000000000000000000000000000000000000000000000000000000000000000000000000000000000000000000000000000000000000000000000000000000000000000000000000000
101000100010001010000010101000000010101010001010101010001010100000101000101010100010100010100010100010100010101010101010100000101010000010001010000000101000101010100010101000101010000000101010001010101000101010100010100010001000101010101010100000001010101010101000100010101010101010101010101000101
000000000000000000000000000000000000000000000000000000000000000000000000000000000000000000000000000000000000000000000000000000000000000000000000000000000000000000000000000000000000000000000000000000000000000000000000000000000000000000000000000000000000000000000000000000000000000000000000000000000
101010101010100010001010101010101010101010100010100010100010101010101010100010100010101010001000000000100000001010101000001010100010100010001010101010101000001010101010101010101010101010101010100010100010101010001000101000101000101010101010100010101010101010000010101010101010000010100000100010001
000000000000000000000000000000000000000000000000000000000000000000000000000000000000000000000000000000000000000000000000000000000000000000000000000000000000000000000000000000000000000000000000000000000000000000000000000000000000000000000000000000000000000000000000000000000000000000000000000000000
100010101010000010100010001010100010101000100010001010000010101000101010001000100010101010000010001010000000101000100010000010101010101000100000000010101000101010000000001010000010101010101010101010000010101010001010100010100010101000101010101010101010101010101010001010001000101010101000100000101
000000000000000000000000000000000000000000000000000000000000000000000000000000000000000000000000000000000000000000000000000000000000000000000000000000000000000000000000000000000000000000000000000000000000000000000000000000000000000000000000000000000000000000000000000000000000000000000000000000000
101010101010101010101010100010101010000010100010101010101010101000101000001000000010101000001010101010001010101010100000101010100000000010100010001000100010001000100010000010001010101010101010101010001010001000100000101010101000001010101010100010101010100000001010101010001010100010000010000010001
000000000000000000000000000000000000000000000000000000000000000000000000000000000000000000000000000000000000000000000000000000000000000000000000000000000000000000000000000000000000000000000000000000000000000000000000000000000000000000000000000000000000000000000000000000000000000000000000000000000
001010100010100000101010101010101010001010100010101010001010001010101010101010101000101010001000101010101000101010101010101010101010101000100000101000100010100000101010100010001010000000001010101010101010100000101010001000101010001000101010101010000010000010001010100010101010101010101010101000100
000000000000000000000000000000000000000000000000000000000000000000000000000000000000000000000000000000000000000000000000000000000000000000000000000000000000000000000000000000000000000000000000000000000000000000000000000000000000000000000000000000000000000000000000000000000000000000000000000000000
001000101010101010101010001010000010101010101010001000101000101010101010101000101000100010101010101000001010101010101010101010101010001010100010001010001010101000101010100010101010101010100010001000101000001000001010101000100010100010101010100000000010100010101010100000101000101010100010101010101
000000000000000000000000000000000000000000000000000000000000000000000000000000000000000000000000000000000000000000000000000000000000000000000000000000000000000000000000000000000000000000000000000000000000000000000000000000000000000000000000000000000000000000000000000000000000000000000000000000000
100010100010101010101010001010001010101010101010101010101010100010101010101000101010101010101010001010101000101010101010101010101010000010001000101010000010001010001010101010101010101010001010001010001000101010101010101010100010100000101000101010101000101000001010101010101010101010101010101010100
000000000000000000000000000000000000000000000000000000000000000000000000000000000000000000000000000000000000000000000000000000000000000000000000000000000000000000000000000000000000000000000000000000000000000000000000000000000000000000000000000000000000000000000000000000000000000000000000000000000
001010101010101010101010101010000010101000101000101010101010101000101000100010101000100010101010101010101010001010101010001010101010100010001010100010101010001010101000101010000000100010101010101000001000101010001010101000101000101010101000101010101010101010101010001010001010101010101010101010101
000000000000000000000000000000000000000000000000000000000000000000000000000000000000000000000000000000000000000000000000000000000000000000000000000000000000000000000000000000000000000000000000000000000000000000000000000000000000000000000000000000000000000000000000000000000000000000000000000000000
100010100010100010101010101010101010101010101000101000100010101010001010001000101000100000001010001010101010100010101010101010101000101010101000101010101010101010001000000010001010001010000010101010001010001010101010101010101000101010101000100010101010100010101010101000101000101000101010101010101
000000000000000000000000000000000000000000000000000000000000000000000000000000000000000000000000000000000000000000000000000000000000000000000000000000000000000000000000000000000000000000000000000000000000000000000000000000000000000000000000000000000000000000000000000000000000000000000000000000000
100000101010100010101010101010101010101010101010101000001010100010101010100010101000101000001010101010101010100000100000001010001000100010101000101010101000001000101000100000100010001010101010101010101010101000101010101000100010101010101010101010100010000000100010101010001010101010100010100010101
000000000000000000000000000000000000000000000000000000000000000000000000000000000000000000000000000000000000000000000000000000000000000000000000000000000000000000000000000000000000000000000000000000000000000000000000000000000000000000000000000000000000000000000000000000000000000000000000000000000
001010000010100010101010101010101010100010101000101010101010101000100010100010100000001000101010101000101010101010101010100010101010001000101010101010101000101010100010101000001010000010000010100010001000101010001010001010100000100000001010100010001000100010101010001010101010100000101010101010000
000000000000000000000000000000000000000000000000000000000000000000000000000000000000000000000000000000000000000000000000000000000000000000000000000000000000000000000000000000000000000000000000000000000000000000000000000000000000000000000000000000000000000000000000000000000000000000000000000000000
101010101010001010101010101010100010001010100010101010100010001010100010101000000010101010101010101000100010101000101010101010100010101000101010001000101000001010100000001000001010101000100010101000101000101000101000100010101000100010101010101010100010101010101010101000101010100010001010101000000
000000000000000000000000000000000000000000000000000000000000000000000000000000000000000000000000000000000000000000000000000000000000000000000000000000000000000000000000000000000000000000000000000000000000000000000000000000000000000000000000000000000000000000000000000000000000000000000000000000000
001010000010101010101010101000101010100010101010101010101000101010101010101010100010100000101010101010000010100010101010101010101010101010001000001010101000001010101010100010101010000000000010001000100010101010001010101010000010101010100000101010100010001010101010001010101010101000101010001000100
000000000000000000000000000000000000000000000000000000000000000000000000000000000000000000000000000000000000000000000000000000000000000000000000000000000000000000000000000000000000000000000000000000000000000000000000000000000000000000000000000000000000000000000000000000000000000000000000000000000
001010101010001010001010101010101010101010101000101010100010101000101010101000100010000000100010101010001000101000101010101000001010101010101000001010001010101000101010001010101010000010101000101000101010101010101000100010101010101000101000101000000010001010101000001010101010000010101010101010101
000000000000000000000000000000000000000000000000000000000000000000000000000000000000000000000000000000000000000000000000000000000000000000000000000000000000000000000000000000000000000000000000000000000000000000000000000000000000000000000000000000000000000000000000000000000000000000000000000000000
100010101000101010101010101010101010101000101010100000101010101010100000100010101010101010001000101010101000101010101010000010001000101010101000000010101010001010100010101010101000001000101010101010001000101010101000101010101010101010100010101010100010101000101010101010100010101010001010101010100
000000000000000000000000000000000000000000000000000000000000000000000000000000000000000000000000000000000000000000000000000000000000000000000000000000000000000000000000000000000000000000000000000000000000000000000000000000000000000000000000000000000000000000000000000000000000000000000000000000000
101010001010101000000000101010101010101010101010100000101010001000001010101000001010101010101010100000101010101010100010101000000010100000100000100010101010000010101000000000001000001010100000001010100000101010101000101010101000101000001010101000101010001000001010001000101010100000101010101010101
000000000000000000000000000000000000000000000000000000000000000000000000000000000000000000000000000000000000000000000000000000000000000000000000000000000000000000000000000000000000000000000000000000000000000000000000000000000000000000000000000000000000000000000000000000000000000000000000000000000
001000101010101000101010101010001000101010101010001010100010001010101010101010100000101010001000101010101010001000100000000010101010101010101010001010101010100010001010000010000010000000101010100000100000101010101010100010101010101010101010101000101010100010101010101010101010101010001010100010101
000000000000000000000000000000000000000000000000000000000000000000000000000000000000000000000000000000000000000000000000000000000000000000000000000000000000000000000000000000000000000000000000000000000000000000000000000000000000000000000000000000000000000000000000000000000000000000000000000000000
101010001010101010100010100000101010001010101000101010101010101010101000101000101010001010101010001010101010100010000010101010101010101010101010001010001010101010100010001010100010101010001010100010101000101010000010101000001010101010101010100010101010001000100010101000100010100010101010101000100
000000000000000000000000000000000000000000000000000000000000000000000000000000000000000000000000000000000000000000000000000000000000000000000000000000000000000000000000000000000000000000000000000000000000000000000000000000000000000000000000000000000000000000000000000000000000000000000000000000000
101010101000101010101010101010001010101010101010101010001000001010001010001010001010101000101010100010001000101010100010000010100010000010101010101010101010101010100010101000001010001010100000001010101010101010001000100010100000101010001010101000001010001010101010101010101010101010001010101010101
000000000000000000000000000000000000000000000000000000000000000000000000000000000000000000000000000000000000000000000000000000000000000000000000000000000000000000000000000000000000000000000000000000000000000000000000000000000000000000000000000000000000000000000000000000000000000000000000000000000
100010100000101010001010101010101010101010101010100010001010001000100010101000001010101010101010101010101010101000101010100010101010101010101010001010000000001000100000101000101010100010101000101000100010101010100000101000100010100010101010101000100010101010101010101000000010101010001010101010101
000000000000000000000000000000000000000000000000000000000000000000000000000000000000000000000000000000000000000000000000000000000000000000000000000000000000000000000000000000000000000000000000000000000000000000000000000000000000000000000000000000000000000000000000000000000000000000000000000000000
000000101000100010000010101010101010101010101000000010101010101010100010101010101010101010001010101010100010101010000010101010101010100010101000101010001000101010001010100010101010101010101010101000101010001000001010001010001000101010101010100000100010101010101010101010101010101010001000101000101
000000000000000000000000000000000000000000000000000000000000000000000000000000000000000000000000000000000000000000000000000000000000000000000000000000000000000000000000000000000000000000000000000000000000000000000000000000000000000000000000000000000000000000000000000000000000000000000000000000000
100010100010101010101000101000100010001000000010001010101000001010101010101010101010101010100010101010101000101000001010101010101000101010101010101010101000101010100010001010101010101010101000101000001010001010101000100000001010100010101010100000101000001010101000101010000000100000101010101010100
000000000000000000000000000000000000000000000000000000000000000000000000000000000000000000000000000000000000000000000000000000000000000000000000000000000000000000000000000000000000000000000000000000000000000000000000000000000000000000000000000000000000000000000000000000000000000000000000000000000
001000101010101010001010101010101010000010101010001010101010101010000000101010100000101010101010101010101010001000100010101010101010001010101000101010101000101010101000101000001010101010101010000010000000101010101010001010101000100000101010001010101010101000001010101010000000001010101010000010101
000000000000000000000000000000000000000000000000000000000000000000000000000000000000000000000000000000000000000000000000000000000000000000000000000000000000000000000000000000000000000000000000000000000000000000000000000000000000000000000000000000000000000000000000000000000000000000000000000000000
100010101000100000101000100010100010101010101010001000100010101000101000100010100010100010101000001010100010001000001010001010101010100010101010101010100000101010000000000010101000100010001010101010101010101010000010100010101010101010001010101010100010001010101010100000101010100010101010001010101
000000000000000000000000000000000000000000000000000000000000000000000000000000000000000000000000000000000000000000000000000000000000000000000000000000000000000000000000000000000000000000000000000000000000000000000000000000000000000000000000000000000000000000000000000000000000000000000000000000000
101010100010101000001000100010001010101010101010101010101010101010101010101010100000100010101010100010101010100010101010101010101010001010101010001010001000100000101000101010101010001010101000001000101010100010100010101010001010001010101000101010000000000010001010101010101000101010101010101010101
000000000000000000000000000000000000000000000000000000000000000000000000000000000000000000000000000000000000000000000000000000000000000000000000000000000000000000000000000000000000000000000000000000000000000000000000000000000000000000000000000000000000000000000000000000000000000000000000000000000
001010101010001000001010101010101000101000000000101010101000100000101010001010100000001010100000101010101010000010001010101010101010100000101010100010101010101010101010101000101010101010101010001010000010100010101010101010100010001010101010101010101010101010101000101010101010101010101010101010101
000000000000000000000000000000000000000000000000000000000000000000000000000000000000000000000000000000000000000000000000000000000000000000000000000000000000000000000000000000000000000000000000000000000000000000000000000000000000000000000000000000000000000000000000000000000000000000000000000000000
101010000010101010001010100000101010101010101000101010100010001000101010001010101010101000101010001000100010101010101010101010101000000010101000001000101010101010001000101010101010101010000000001010001010101010101010001010001010101010100000001010101010001010101010100010101010100000001010101010100
000000000000000000000000000000000000000000000000000000000000000000000000000000000000000000000000000000000000000000000000000000000000000000000000000000000000000000000000000000000000000000000000000000000000000000000000000000000000000000000000000000000000000000000000000000000000000000000000000000000
101010100010001000101010101010101000000010001010101010101010100000101000101010101010000000101010001010101010100010100010001000101010000000101010100010101010100010000000001010001000101010001010100010101010001000100010100010101010101010101000101010101010101010100010101010001010101010101010101010101
000000000000000000000000000000000000000000000000000000000000000000000000000000000000000000000000000000000000000000000000000000000000000000000000000000000000000000000000000000000000000000000000000000000000000000000000000000000000000000000000000000000000000000000000000000000000000000000000000000000
100010101010100010000010101000001000101010101000101000001000101010001010101010000010101010101010101000101010100000101000101010001010100010101000001000101000101010101000101010001000101000000000001010101010000010101010101000001010100000101010100000101000101000101010101000101000101010100010101010101
000000000000000000000000000000000000000000000000000000000000000000000000000000000000000000000000000000000000000000000000000000000000000000000000000000000000000000000000000000000000000000000000000000000000000000000000000000000000000000000000000000000000000000000000000000000000000000000000000000000
001010100010101010101010101010000000101010101000101010101000001000100010001010101010101010101010100010101010101010101000101010101010100000100010101010101010101010101010001010101010001010101010101010001010101010001010101010101010101000000010001000001010101010101010001010101010001010100010100010100
000000000000000000000000000000000000000000000000000000000000000000000000000000000000000000000000000000000000000000000000000000000000000000000000000000000000000000000000000000000000000000000000000000000000000000000000000000000000000000000000000000000000000000000000000000000000000000000000000000000
101010001000101010101010101010101010101010100010101010101010000010101000101010100010101010101010101010101010101010101010101010001010001010100010000000001000101010101000101010001010001010101000101010101010101010101010101010101000100010101000101010101010101010101000101010101000001010101010100010100
000000000000000000000000000000000000000000000000000000000000000000000000000000000000000000000000000000000000000000000000000000000000000000000000000000000000000000000000000000000000000000000000000000000000000000000000000000000000000000000000000000000000000000000000000000000000000000000000000000000
101010101010001000001010101010001010000010100010101010101010001010001010101010001010101010101000101000101000100010100010100010101010001000100000101010001010101010001000100000100000101010001010000000101010100010100000101000101010100010101000000010101010101000001010101010101010101010101000101010101
000000000000000000000000000000000000000000000000000000000000000000000000000000000000000000000000000000000000000000000000000000000000000000000000000000000000000000000000000000000000000000000000000000000000000000000000000000000000000000000000000000000000000000000000000000000000000000000000000000000
101010100000000010101010101010001010000010101000001010100010100010100010101000000010101010101010101010100010101000100000100000100010100000001010101010100010000010101010001010100000100000101010101010101000100000101000101010100000101010101010101010101010101010101010101010101000101010100010001010100
000000000000000000000000000000000000000000000000000000000000000000000000000000000000000000000000000000000000000000000000000000000000000000000000000000000000000000000000000000000000000000000000000000000000000000000000000000000000000000000000000000000000000000000000000000000000000000000000000000000
001000101000000010101010101010101000100000001010001000101010101010101010101010100010101010100010001010101010101000101010101010001000100010101010101010001000100010001010100000101010100000001010100010101000100010101010001000101000101010101010101010001010000010001010100010101010101010100010101000101
000000000000000000000000000000000000000000000000000000000000000000000000000000000000000000000000000000000000000000000000000000000000000000000000000000000000000000000000000000000000000000000000000000000000000000000000000000000000000000000000000000000000000000000000000000000000000000000000000000000
101010101000100010101010101010100010100010100010101010101010101000101000100010001010101010101000101010101010101010101010101010101000100010101010100010000010101010101010101010001000101010101000001010101000100010101010100010101010001010001000001010101010101010101000100010001010001010101010001010101
000000000000000000000000000000000000000000000000000000000000000000000000000000000000000000000000000000000000000000000000000000000000000000000000000000000000000000000000000000000000000000000000000000000000000000000000000000000000000000000000000000000000000000000000000000000000000000000000000000000
101010101010101010101000001010101010101010100000101010001010101010001010101010001000101010101000100010101010100000001010101010101010101010001000000000101010001010000010001010101010100010101000001010001010001010100010101010001010100010101010101010001010101010101010101000101000101010100010101010101
000000000000000000000000000000000000000000000000000000000000000000000000000000000000000000000000000000000000000000000000000000000000000000000000000000000000000000000000000000000000000000000000000000000000000000000000000000000000000000000000000000000000000000000000000000000000000000000000000000000
101000001010100010101010101000101010000010101000101010101000101010101010001010101010100010101010001010101010100000101000100010101000101010001000100010101010100010101000100010001010100010101000100010100010101010001010101000101010101000101010001000001010000010101000101010100010001010001010101010101
000000000000000000000000000000000000000000000000000000000000000000000000000000000000000000000000000000000000000000000000000000000000000000000000000000000000000000000000000000000000000000000000000000000000000000000000000000000000000000000000000000000000000000000000000000000000000000000000000000000
101010100000001000100010101010101000100010101010101010101010101010001000001010101000101010101010101010101010101010101010001010101010101000101010101010101010101000101010101000101000101000101000101010100000001000100010101010101010101010101000001010101010101010100000000010101010001010100010001000001
000000000000000000000000000000000000000000000000000000000000000000000000000000000000000000000000000000000000000000000000000000000000000000000000000000000000000000000000000000000000000000000000000000000000000000000000000000000000000000000000000000000000000000000000000000000000000000000000000000000
000010101000101010101000000010101010001000101010001010100010101010101010101000101000101010101010101010001010100010100010101010101010101010001000100010100010100010101010001000001010001010100010101000101010100010100010100010101010101000101010000010101010101010101010101010100010101010101010101010001
000000000000000000000000000000000000000000000000000000000000000000000000000000000000000000000000000000000000000000000000000000000000000000000000000000000000000000000000000000000000000000000000000000000000000000000000000000000000000000000000000000000000000000000000000000000000000000000000000000000
101010101000101010100010101010101010101000000010101000000000101000001010101010101010101010101010000010001000100010100010101010001000101010001000101010001010101010101000101010101010101010101000101010101010100010100010101010001010101010101000001000101010101010100010100000001010001010101010101010100
000000000000000000000000000000000000000000000000000000000000000000000000000000000000000000000000000000000000000000000000000000000000000000000000000000000000000000000000000000000000000000000000000000000000000000000000000000000000000000000000000000000000000000000000000000000000000000000000000000000
101000100010001010001010000010100010101010101010001010101010101010001010100000101010001010101000100010001010101010000000001010101010101010101010101000101000100010100000101010101010101010100000101010101010001010101000101010001010101010101010000010101010101000100010101010101000101010100010001010101
000000000000000000000000000000000000000000000000000000000000000000000000000000000000000000000000000000000000000000000000000000000000000000000000000000000000000000000000000000000000000000000000000000000000000000000000000000000000000000000000000000000000000000000000000000000000000000000000000000000
001000101010000000000000000010001010101010101000101010101010101010101010101010101010100010101010000010101000101010101000100000101010100010101010101010101010101010101010100010101010101010101010101010100010101010101010101010101010101000101010101000101000100010101000101010001000101000101010101010100
000000000000000000000000000000000000000000000000000000000000000000000000000000000000000000000000000000000000000000000000000000000000000000000000000000000000000000000000000000000000000000000000000000000000000000000000000000000000000000000000000000000000000000000000000000000000000000000000000000000
100010001010100000101010101000000000101010001010101010101010101000001000101010101010101010000010101000100010101010100000101010101000101010001010100010100010101010000000101000101010001000001010101010101000001010101010001010000010001010100010101010101000101000101010100010100010100010101010101000101
000000000000000000000000000000000000000000000000000000000000000000000000000000000000000000000000000000000000000000000000000000000000000000000000000000000000000000000000000000000000000000000000000000000000000000000000000000000000000000000000000000000000000000000000000000000000000000000000000000000
101000101010000000101010101010100000100000100010101010001010101000001010100010001010100010101010000010000010101010100010100010100000101000001010101010100010101010101000100000100000101000101010101000101010001010101010101010101010101010001010100010101010101000101010101010101000100010101010101010001
000000000000000000000000000000000000000000000000000000000000000000000000000000000000000000000000000000000000000000000000000000000000000000000000000000000000000000000000000000000000000000000000000000000000000000000000000000000000000000000000000000000000000000000000000000000000000000000000000000000
101010000000101010100000001000100010001000001000101010100010100010000010100010101010101010101000101010101010101010100000000010100010101000100010101010001000000010100010001010101010001010101010101010001000001010100010100010101010101010001000101010101010101010101010101010101010100010101000101010101
000000000000000000000000000000000000000000000000000000000000000000000000000000000000000000000000000000000000000000000000000000000000000000000000000000000000000000000000000000000000000000000000000000000000000000000000000000000000000000000000000000000000000000000000000000000000000000000000000000000
100010101010101010101010101010101010001000001010001000101000101010000010001010001010101010101010101010101000000010101000101010101000101010101010000010001010101010101010101010101010101010001010101010101010100000100000101010101010101000101010001000101010100010001010001010100010101010100000100010100
000000000000000000000000000000000000000000000000000000000000000000000000000000000000000000000000000000000000000000000000000000000000000000000000000000000000000000000000000000000000000000000000000000000000000000000000000000000000000000000000000000000000000000000000000000000000000000000000000000000
000010101010101010001010100010101010100010101010100000101010101010100010101010001010100010101000101010101000100010100000100010100000101010101010100000101010001010101000101010101010101010001010100000001010000000101010100000100010000010001010001010101000001010101000101010101000001000101010101010101
000000000000000000000000000000000000000000000000000000000000000000000000000000000000000000000000000000000000000000000000000000000000000000000000000000000000000000000000000000000000000000000000000000000000000000000000000000000000000000000000000000000000000000000000000000000000000000000000000000000
100000101010101000101010101010101010101010001010100010101010101000101010101010101010100000101010000010101000101010100010101000101000101000001010100000000000101010100010101010001000101010100010101000101010001000001010001000101000100010100010100010101000101000001010100010101010101010101010101010100
000000000000000000000000000000000000000000000000000000000000000000000000000000000000000000000000000000000000000000000000000000000000000000000000000000000000000000000000000000000000000000000000000000000000000000000000000000000000000000000000000000000000000000000000000000000000000000000000000000000
001010100010101010101010001000101010101010101010001010101010101010101010101000001010100010101010101010100000001010101000001000001010101010101000101010101010001010101010101010101010101000100010100000101010101000001010001010001010101000100010101000100010100010100010101010000010101010001010001010101
000000000000000000000000000000000000000000000000000000000000000000000000000000000000000000000000000000000000000000000000000000000000000000000000000000000000000000000000000000000000000000000000000000000000000000000000000000000000000000000000000000000000000000000000000000000000000000000000000000000
101000101010101010101000000010000000100010101000101010001010000010100010100010101010101010101010001000101010100010001010001000101010101010101000101010100010101000101010101010000010100010101010100000100000101010100000101010100010001010100010001010101010101010100010101010000010101000101010101010001
000000000000000000000000000000000000000000000000000000000000000000000000000000000000000000000000000000000000000000000000000000000000000000000000000000000000000000000000000000000000000000000000000000000000000000000000000000000000000000000000000000000000000000000000000000000000000000000000000000000
100010100010001000101000101000101010001000101010001010101010101010000010001010101010000010100010101010101010101010101010101000101010101010101010101010101010101010101010101000101000101010101010100010100000101000101010101000100010101010001000000010101010101010101010100010101010101010100010101010101
000000000000000000000000000000000000000000000000000000000000000000000000000000000000000000000000000000000000000000000000000000000000000000000000000000000000000000000000000000000000000000000000000000000000000000000000000000000000000000000000000000000000000000000000000000000000000000000000000000000
000000101010001010001010101010100010000010101010001010000010101010101010101010101010101000000000101010001000101010101010100000001000101010001010000010001010001010100000101010001000101010101000001010101010101010101010100010000010001000100000101010101010001010100010001010100010101010000010101000001
000000000000000000000000000000000000000000000000000000000000000000000000000000000000000000000000000000000000000000000000000000000000000000000000000000000000000000000000000000000000000000000000000000000000000000000000000000000000000000000000000000000000000000000000000000000000000000000000000000000
101010100010101010101010101010101010100000001000101010000010100010001010101000100000101010101010001000101010001010101000100000101010100010000010101000101010101000101010101010101010001010101010101010001010101010101010101010101010101010100010101010100010001010100010101000100010101010101010101000001
000000000000000000000000000000000000000000000000000000000000000000000000000000000000000000000000000000000000000000000000000000000000000000000000000000000000000000000000000000000000000000000000000000000000000000000000000000000000000000000000000000000000000000000000000000000000000000000000000000000
101000101010100000101010100010101010101010100010101010101010101010101010001010101000101010101010000010101010101010101010101010101010101000100010001010101010101010001000000010100010001010101010101000000010101010101000001000101010101010101010001010100010101010101000101010001000101000101000101000100
000000000000000000000000000000000000000000000000000000000000000000000000000000000000000000000000000000000000000000000000000000000000000000000000000000000000000000000000000000000000000000000000000000000000000000000000000000000000000000000000000000000000000000000000000000000000000000000000000000000
001010101000001010001010101000101010100010001000101010101010101000100010101010101010101010101010100010100000001010101010001010101010101010101010101010001010101010100010101010101010000010101010101010100010101010100010101000101010101010101010101010101000100010101000101010101010101010001010100010101
000000000000000000000000000000000000000000000000000000000000000000000000000000000000000000000000000000000000000000000000000000000000000000000000000000000000000000000000000000000000000000000000000000000000000000000000000000000000000000000000000000000000000000000000000000000000000000000000000000000
101010101000101010101000101000100010001010101010101010101000001010101010001010100010101010101010100010100000000010101010100010101010001000100000101010101000101010101010101010101000101010000010001010101010100000100010001010000000101010101000001010101010101010100000101010101010101000000010101010100
000000000000000000000000000000000000000000000000000000000000000000000000000000000000000000000000000000000000000000000000000000000000000000000000000000000000000000000000000000000000000000000000000000000000000000000000000000000000000000000000000000000000000000000000000000000000000000000000000000000
100000101010100000101010101010100000101010101010001010101010101010101000001000101010001010101010000000101010100000000010101010101010101010101010100010100000000010101010001000100010101010101010000000101010101010101010101010101010101000001010001000001010000010000010101010101000001010101010100010001
000000000000000000000000000000000000000000000000000000000000000000000000000000000000000000000000000000000000000000000000000000000000000000000000000000000000000000000000000000000000000000000000000000000000000000000000000000000000000000000000000000000000000000000000000000000000000000000000000000000
101000101010001010101010101010000000101010101010100010001010100010101010000000101010101010101010101010101010001010101010101010100010100010100010100010001010001010101010101010101010100010101010101010101010101010101010101010001010101010101010101010000010101010001010100010101000001010101010001010001
000000000000000000000000000000000000000000000000000000000000000000000000000000000000000000000000000000000000000000000000000000000000000000000000000000000000000000000000000000000000000000000000000000000000000000000000000000000000000000000000000000000000000000000000000000000000000000000000000000000
100000100010001010101010101010101010101010001010101010101010101010101010001010101010101010101010001010100010101000101000100010001010001000101010001010100010101010100010001010100010100010100000101010101010101010100010101000101010000010101010100010001010001010000010100010101010101000101000101010101
000000000000000000000000000000000000000000000000000000000000000000000000000000000000000000000000000000000000000000000000000000000000000000000000000000000000000000000000000000000000000000000000000000000000000000000000000000000000000000000000000000000000000000000000000000000000000000000000000000000
100010001010101010101010101010101010101010100000101010101010101010101010101000101000101010101000101010101010001010001010101000100010101010001010101010101000101010101010101010001000000010001010101010101000100000100010100010101010001010101010101010001010101010001010000010001010001010100010001000101
000000000000000000000000000000000000000000000000000000000000000000000000000000000000000000000000000000000000000000000000000000000000000000000000000000000000000000000000000000000000000000000000000000000000000000000000000000000000000000000000000000000000000000000000000000000000000000000000000000000
101010100000001010101010101010101010001010100010000010001010101010000010101010100000101010100010101010101000101000101010001010101010001010101010101010101010001000001010101010101000101000101010101010101010101010101010101010100010101010000010101000100000101010000010101010101000001000001010101010001
000000000000000000000000000000000000000000000000000000000000000000000000000000000000000000000000000000000000000000000000000000000000000000000000000000000000000000000000000000000000000000000000000000000000000000000000000000000000000000000000000000000000000000000000000000000000000000000000000000000
101010001010101000000010101010101000100010101010100000000010101010101000101010101010100010001000101010101000100000001010101010101000001010100010101010100000000010101000100010100010000010001010101010101010101010000010000000101000000010101010100010101010101000101000000010101010101000101000101010100
000000000000000000000000000000000000000000000000000000000000000000000000000000000000000000000000000000000000000000000000000000000000000000000000000000000000000000000000000000000000000000000000000000000000000000000000000000000000000000000000000000000000000000000000000000000000000000000000000000000
101000001010101000001010101010101010101000101010101010001010100010001010101010101000101010000010101000001010000010101010001000101010001010001000001010101010100010101000100010000000101010101000001010001010100000001010001010001000101000101010101010100010101000101010001010101010101010101000101010100
000000000000000000000000000000000000000000000000000000000000000000000000000000000000000000000000000000000000000000000000000000000000000000000000000000000000000000000000000000000000000000000000000000000000000000000000000000000000000000000000000000000000000000000000000000000000000000000000000000000
101010101010101010001000100010100000000010001010101000101010001010001010101010001010000010000010101010101000001000001010101000101010100010000010101010101000101000101000000010100000101010101010001010101010101010101000101010001010101010100010100000100010101010101010101010001010101010101010101010100
000000000000000000000000000000000000000000000000000000000000000000000000000000000000000000000000000000000000000000000000000000000000000000000000000000000000000000000000000000000000000000000000000000000000000000000000000000000000000000000000000000000000000000000000000000000000000000000000000000000
000000100010101000101010000010101010101000000010100010101010001000101010100010101010101010001010101010101010101000101010001000101010100010101010001010100000100010001010100000101000101010000010000000100010100000001000100010001010101010101010101000101010101000101010101010101010101010100010101000001
000000000000000000000000000000000000000000000000000000000000000000000000000000000000000000000000000000000000000000000000000000000000000000000000000000000000000000000000000000000000000000000000000000000000000000000000000000000000000000000000000000000000000000000000000000000000000000000000000000000
101010001010001000101000101010101010101010001010000010001000001010101010100010100010000010101010101010001000101010101010101010001010100000101010100000101000100010101000101010101000101010001010101010001010001010101010100010001010001010001010001010101000000010100010101010001010100000001010101010000
000000000000000000000000000000000000000000000000000000000000000000000000000000000000000000000000000000000000000000000000000000000000000000000000000000000000000000000000000000000000000000000000000000000000000000000000000000000000000000000000000000000000000000000000000000000000000000000000000000000
101010000000001000101000101010001000101010100000000010101010101010101010100010101000000010101010101010001010101010101000101010001000000010101000100010100000000000101010101010100010101010000010100000001000001000101010101000101010100000100010101010100000101010101010001010100010101010101010101010101
000000000000000000000000000000000000000000000000000000000000000000000000000000000000000000000000000000000000000000000000000000000000000000000000000000000000000000000000000000000000000000000000000000000000000000000000000000000000000000000000000000000000000000000000000000000000000000000000000000000
101010101010100010101010101000101010101010101000101010100010101010101000101010101010000010101010100010100010001000101010101000000000001010100010100010101010100010001010001010100010101010101010001010101010101010101010100010000010101000101010000010100000000010100010101000100010101010101010100010001
000000000000000000000000000000000000000000000000000000000000000000000000000000000000000000000000000000000000000000000000000000000000000000000000000000000000000000000000000000000000000000000000000000000000000000000000000000000000000000000000000000000000000000000000000000000000000000000000000000000
100010101010100010101010101010101010001010001010101010101010000000101010101010100010001000101000101010101010101010101010101010100000001010101000101010101010001010101010100010000010101000101010101010101010101010100000100010001000101000100000101010101000101000000010100010101000101010100010001010100
000000000000000000000000000000000000000000000000000000000000000000000000000000000000000000000000000000000000000000000000000000000000000000000000000000000000000000000000000000000000000000000000000000000000000000000000000000000000000000000000000000000000000000000000000000000000000000000000000000000
001010101010001010000000100010101010101010000010001000100010101010101010101000101000101010101000100010001010100010101010001000001010100010000010101010001010101010101010101010101010101000101010000010101010101000101010000010000000100010101010001010000010001010100000101010101010101010101010101010001
000000000000000000000000000000000000000000000000000000000000000000000000000000000000000000000000000000000000000000000000000000000000000000000000000000000000000000000000000000000000000000000000000000000000000000000000000000000000000000000000000000000000000000000000000000000000000000000000000000000
100000101010101010101000101000101010001010100000100000100010100010101010101010100000001010000010101010100010101010101010101010101010101010101010101010101010101010101010101000100000001010101000101010100010100010000010100010100010101010101010101010101010100010001010101000100000001010101010101010101
000000000000000000000000000000000000000000000000000000000000000000000000000000000000000000000000000000000000000000000000000000000000000000000000000000000000000000000000000000000000000000000000000000000000000000000000000000000000000000000000000000000000000000000000000000000000000000000000000000000
100000001000001010101010101010101000101000101010101010101010100010000010101000101010101010101010001010101010101010101010001000100000101010100010001010000000001000101010101000101010101000101000100010001010001010100010101010001000101010000010101000101010001010101000101010100010101000101010001010101
000000000000000000000000000000000000000000000000000000000000000000000000000000000000000000000000000000000000000000000000000000000000000000000000000000000000000000000000000000000000000000000000000000000000000000000000000000000000000000000000000000000000000000000000000000000000000000000000000000000
101000100010001010100010001000100010100010101000101010101010100010100000101010101010001000101010101010001000101010101010101010101000001010001000101000000010001010001010100000100000101010100000101010100000101000101010101010101010100010001010001000101010101010100010101010101000101010100010101010000
000000000000000000000000000000000000000000000000000000000000000000000000000000000000000000000000000000000000000000000000000000000000000000000000000000000000000000000000000000000000000000000000000000000000000000000000000000000000000000000000000000000000000000000000000000000000000000000000000000000
000000100010101010101010001010101000001000101010101010101010101000101010101010001010100010101010101010001010101010000010101010101000101000001010101010101010101010101010101010100010101010001000001010101010101010001010100000001010101000101010101010100000001010101010101000101010101000100010100000001
000000000000000000000000000000000000000000000000000000000000000000000000000000000000000000000000000000000000000000000000000000000000000000000000000000000000000000000000000000000000000000000000000000000000000000000000000000000000000000000000000000000000000000000000000000000000000000000000000000000
001000101010100010100010101010100000101010100000101010001010001010001010100000101010101010101000101010100010001010001010101010100010001010101000100010100010101010001010101010001010100010100010101000100010101010001010101010001010001010101000001010001010001000001010101010100010001000101010101010101
000000000000000000000000000000000000000000000000000000000000000000000000000000000000000000000000000000000000000000000000000000000000000000000000000000000000000000000000000000000000000000000000000000000000000000000000000000000000000000000000000000000000000000000000000000000000000000000000000000000
101010101010101000101010101010101010101010001000001010101010101010101010100010001010001010100010001010001000101010101010001010101010101010100000001010100010101010001000100000101000101010001010101010101000001010100000101010101010101000000010101010101010101000100010001000101010101010001010100000101
000000000000000000000000000000000000000000000000000000000000000000000000000000000000000000000000000000000000000000000000000000000000000000000000000000000000000000000000000000000000000000000000000000000000000000000000000000000000000000000000000000000000000000000000000000000000000000000000000000000
101010101010000010101010100010101010001010001010001010001010101010101010000000001010101010101000000000101000101010101010101010001010101010101000001010101010101010001010101010101010001010101010101000001010001010100010001010101010101010101000101010100010100000101000101010101010101010101010100010101
000000000000000000000000000000000000000000000000000000000000000000000000000000000000000000000000000000000000000000000000000000000000000000000000000000000000000000000000000000000000000000000000000000000000000000000000000000000000000000000000000000000000000000000000000000000000000000000000000000000
101010101000101010100010101000101010001010101010100010101010100010100010001000101010101010101010101000001010101010101010000010101000101010101000101010101000101000101010101010101010101010101000100010000010000010101000101010001010101010001010001010101010101010101010101010100000101000101010101010001
000000000000000000000000000000000000000000000000000000000000000000000000000000000000000000000000000000000000000000000000000000000000000000000000000000000000000000000000000000000000000000000000000000000000000000000000000000000000000000000000000000000000000000000000000000000000000000000000000000000
100010101000100010101010001000001010001010001010101010101010101000101010100010101010101010101010101010101010101010101010101010101010100010101010101000101010101010101010100000100010101000001010101000101000101000101000101010100010100010101000101010001000000010101000101010001010001010101010100000101
000000000000000000000000000000000000000000000000000000000000000000000000000000000000000000000000000000000000000000000000000000000000000000000000000000000000000000000000000000000000000000000000000000000000000000000000000000000000000000000000000000000000000000000000000000000000000000000000000000000
001000101000001010101010001000101010100000100010001000100010001000001010100010101010100010000000001010100010001000100010001010101010101010001010101010100010101010001010000010101010101010101010101010000010101010101010101000001010000010100010101010001010101000101000101010001010101010101000101010000
000000000000000000000000000000000000000000000000000000000000000000000000000000000000000000000000000000000000000000000000000000000000000000000000000000000000000000000000000000000000000000000000000000000000000000000000000000000000000000000000000000000000000000000000000000000000000000000000000000000
101010100010101010101010101000101010101000001010101010101010000010101010001000101000100000101010101010001010101010101010101010101010101010001010101000101010101010101000100010100000000000101010101010001010101000100010101000001000101010101000001010100000101010001010100010101010101010101000101010101
000000000000000000000000000000000000000000000000000000000000000000000000000000000000000000000000000000000000000000000000000000000000000000000000000000000000000000000000000000000000000000000000000000000000000000000000000000000000000000000000000000000000000000000000000000000000000000000000000000000
101000100000001000101010100010101010101010101010101000100000101000101010101010101010101010000000101010101010101010101010101010101010000010001000101010101010100010101000101010101010101000101000101000001010101010001010101000100000101000001010100010001000001010100010100000100010001010001010101010100
000000000000000000000000000000000000000000000000000000000000000000000000000000000000000000000000000000000000000000000000000000000000000000000000000000000000000000000000000000000000000000000000000000000000000000000000000000000000000000000000000000000000000000000000000000000000000000000000000000000
000010101010101010100010100010101010100010101010000000101010001010001010100000101010101010001010101000101010101010101000101010000010101000101000001010100000101000101010100010101000100000101010101010101010101010101000100000101010101000100010101010101010001010101010100010001010100010101010101000100
000000000000000000000000000000000000000000000000000000000000000000000000000000000000000000000000000000000000000000000000000000000000000000000000000000000000000000000000000000000000000000000000000000000000000000000000000000000000000000000000000000000000000000000000000000000000000000000000000000000
100010101000000000100000101010100010101000100000100000000010001010101010101000100000001010101010000010101010100010001010000010100000000010101010101010001010101000101000101010100010101010101010101010001010101000101010001000100010101010101000101010101010101000101010101010001000001010001010101010101
000000000000000000000000000000000000000000000000000000000000000000000000000000000000000000000000000000000000000000000000000000000000000000000000000000000000000000000000000000000000000000000000000000000000000000000000000000000000000000000000000000000000000000000000000000000000000000000000000000000
100000101010101010001010100010001010001010101000101000101000101010101000101010101010101010001000001000100010100000100010001010101010101000101010101010101000101010001000101000101000100000101010000010000010101010101010101000100000100010101010101000101000001010100010001010000010001010101000101010101
000000000000000000000000000000000000000000000000000000000000000000000000000000000000000000000000000000000000000000000000000000000000000000000000000000000000000000000000000000000000000000000000000000000000000000000000000000000000000000000000000000000000000000000000000000000000000000000000000000000
101000101000101010000010101010100010101010101010101010101010101010101010100010100000101010101000101010000010101010101010101010100010001010101010001010001000101010101010101010101010101010001010001010100010001010100010101010100000101000001010101000101010101010101010101000101010101010000010101010100
000000000000000000000000000000000000000000000000000000000000000000000000000000000000000000000000000000000000000000000000000000000000000000000000000000000000000000000000000000000000000000000000000000000000000000000000000000000000000000000000000000000000000000000000000000000000000000000000000000000
001010001010101000001000001010001000100010101010101010100010101010101010101010100010001000101000101000101010101010101000101010100010100000100000101010101000101010101010101000000000101010101010101010100010001010101010101010001010101000101010101010101000001010101010000000101010101010101000001010100
000000000000000000000000000000000000000000000000000000000000000000000000000000000000000000000000000000000000000000000000000000000000000000000000000000000000000000000000000000000000000000000000000000000000000000000000000000000000000000000000000000000000000000000000000000000000000000000000000000000
100010100000001010101000101010101010101010101010100010001010101010101010100010101010101010100010101010001000101010101000001010101010101010001010101010101010101010001000101010100010101010101010001000001010101010100010001010101010000010001010001000100010101000100010101010101010100010100010101010101
000000000000000000000000000000000000000000000000000000000000000000000000000000000000000000000000000000000000000000000000000000000000000000000000000000000000000000000000000000000000000000000000000000000000000000000000000000000000000000000000000000000000000000000000000000000000000000000000000000000
101010101000101010101010100000101010101010100000100000101010101010101000101010101000100000100010100010101010101010101010001010101010100010001010001010100000001000101010101000101010101010101010101010101010101010101010001010001010000010100010001000101010001010101010101010000010001010101010101010000
000000000000000000000000000000000000000000000000000000000000000000000000000000000000000000000000000000000000000000000000000000000000000000000000000000000000000000000000000000000000000000000000000000000000000000000000000000000000000000000000000000000000000000000000000000000000000000000000000000000
101010101010100000001000100000101000100000101010001010101010001010101010101010001010101010101000101000001000001000101000001010101000100000100010101010101010101010101010001010101010101010100010100010001000100010101010101010100010101010101010001010100000101000100010001010001000101010001000101000101
000000000000000000000000000000000000000000000000000000000000000000000000000000000000000000000000000000000000000000000000000000000000000000000000000000000000000000000000000000000000000000000000000000000000000000000000000000000000000000000000000000000000000000000000000000000000000000000000000000000
101000001010101000101010101010101010000000101010100010100010101010001010101010101010101000101000101010100000101010100010101010101010001000101000100000101010101010100010101010100010001010100010101010101010101000001010101000100010101010100000001010101010000010001000101010001010101010001000001010101
000000000000000000000000000000000000000000000000000000000000000000000000000000000000000000000000000000000000000000000000000000000000000000000000000000000000000000000000000000000000000000000000000000000000000000000000000000000000000000000000000000000000000000000000000000000000000000000000000000000
101010101010101000101010100010001010101010101010101010101000001000101010101010000010101010101010000010101010101010101010101010000010101010000010101010101010100010001010100010001010100010101010001010101000001010000000001010001010101000101010101010100010001010100010001010100010100010101010100000001
000000000000000000000000000000000000000000000000000000000000000000000000000000000000000000000000000000000000000000000000000000000000000000000000000000000000000000000000000000000000000000000000000000000000000000000000000000000000000000000000000000000000000000000000000000000000000000000000000000000
101010101010100010101010100010101010101010100010101010100010101000100000101000101010101010101010001010100010100000101000101010101010101010101010101010001010001010100010101010101000101000001000101010101000000010101010101010100010101000000010101010001010101010101010001010101010100010101010101000000
000000000000000000000000000000000000000000000000000000000000000000000000000000000000000000000000000000000000000000000000000000000000000000000000000000000000000000000000000000000000000000000000000000000000000000000000000000000000000000000000000000000000000000000000000000000000000000000000000000000
101010001010101010101000101000000000001010101010001010101010101010101010001010101010001000101010100010101000001010100010000010001010001010001010101010101010101000100010100000100010001010101000101010101010101010100010101000101010101000101000101010101010001000001000101010101010100010101010101000101
000000000000000000000000000000000000000000000000000000000000000000000000000000000000000000000000000000000000000000000000000000000000000000000000000000000000000000000000000000000000000000000000000000000000000000000000000000000000000000000000000000000000000000000000000000000000000000000000000000000
101000101010001010100010000000101010101010000010101010101000101010101000001010100010101010101000100000101010100010001010101010000010101010100010101010101010101010100010101010101000000010001010001000100010101000101010101000100010001010101010100010101000100010000010101010101010100010101010101010100
000000000000000000000000000000000000000000000000000000000000000000000000000000000000000000000000000000000000000000000000000000000000000000000000000000000000000000000000000000000000000000000000000000000000000000000000000000000000000000000000000000000000000000000000000000000000000000000000000000000
101000101000101010100000001000101010101010100010101000100010101010001000101010100000000000101010000010001010001010001010101010001010100000001000101010100010101000101010101010101000001000101010101010001010101000100010101010101010101010001010000010001000101010101010101000000010101000101010101010101
000000000000000000000000000000000000000000000000000000000000000000000000000000000000000000000000000000000000000000000000000000000000000000000000000000000000000000000000000000000000000000000000000000000000000000000000000000000000000000000000000000000000000000000000000000000000000000000000000000000
101010101010100010001010001010001010001010101010101010101000101000101010101010101010100010101010001010101000100010001000000000001000000000101000101010101010001000100000000000101000100010101010101010101010100010101010101010100010101010000010100010100010101010101000001010100010001010101000000010100
000000000000000000000000000000000000000000000000000000000000000000000000000000000000000000000000000000000000000000000000000000000000000000000000000000000000000000000000000000000000000000000000000000000000000000000000000000000000000000000000000000000000000000000000000000000000000000000000000000000
101010101010101010001010001010001010100000100000001010101010101010101010101010101010101010001010001010101010101000101010101010101010000010001010101010001010100000101010100000101010101010101010101010101010100010101010100010001010101010001010101010101010000010101010101010101010100010101010101010100
000000000000000000000000000000000000000000000000000000000000000000000000000000000000000000000000000000000000000000000000000000000000000000000000000000000000000000000000000000000000000000000000000000000000000000000000000000000000000000000000000000000000000000000000000000000000000000000000000000000
101010000010100010101010101010101010000000101010101010100000000010001010001010100010101010101010101010101010001010001010101000001010001010001000001000101010001010101000001010001010101000101010100010001010101000101010100010000010100010101000101010101000101000100010101000101000100000101010101010100
000000000000000000000000000000000000000000000000000000000000000000000000000000000000000000000000000000000000000000000000000000000000000000000000000000000000000000000000000000000000000000000000000000000000000000000000000000000000000000000000000000000000000000000000000000000000000000000000000000000
100010101010101010101000101000101000101010100000001010001010001010001010101010100000100010101000101010101010100010101010100010100000100010100010101010101010000000101010001010001010101010101000100010100010101000100010000010101010101010100010101010001010001010101010101010101010101010001010101010101
000000000000000000000000000000000000000000000000000000000000000000000000000000000000000000000000000000000000000000000000000000000000000000000000000000000000000000000000000000000000000000000000000000000000000000000000000000000000000000000000000000000000000000000000000000000000000000000000000000000
101000101000101010100000101000000010001010000010100010101000101010000000100000101010100000101010101010100010001010101000101010100010101010101010101010101010101010100010101010001010101000101010101010101010100010101010101010100000101000101010100000101010101010101010100000000010001010101010001010100
000000000000000000000000000000000000000000000000000000000000000000000000000000000000000000000000000000000000000000000000000000000000000000000000000000000000000000000000000000000000000000000000000000000000000000000000000000000000000000000000000000000000000000000000000000000000000000000000000000000
101010100010001010001010101010101010100010101010100010001010101010101000100010101000101010101010101010101000001010100010001010100000100010101010001010100010101010001010101010101010100010101010101010101010101010101010001010000000101010000010100010100010100000001010101010101000001010000000001000101
000000000000000000000000000000000000000000000000000000000000000000000000000000000000000000000000000000000000000000000000000000000000000000000000000000000000000000000000000000000000000000000000000000000000000000000000000000000000000000000000000000000000000000000000000000000000000000000000000000000
100010100010100010100000000010100010101000101000101010101010101010101010101010001010101010000000100000101010001010101000101010101010101010001000101010101010101010001000001010101010100010101000100010101000100000100010001010101010101010100000101000101010001010101000001000100000101000101010101010101
000000000000000000000000000000000000000000000000000000000000000000000000000000000000000000000000000000000000000000000000000000000000000000000000000000000000000000000000000000000000000000000000000000000000000000000000000000000000000000000000000000000000000000000000000000000000000000000000000000000
101010101010101010101010001000100010101010001010101010101010001010101000101000101010101010101000101010101010101010001010101010001010101010101010101010101000100010101010101000001010100000001010101010100010101010101000101010101000101000001000100010100010101010101010100010100010101010101000101010101
000000000000000000000000000000000000000000000000000000000000000000000000000000000000000000000000000000000000000000000000000000000000000000000000000000000000000000000000000000000000000000000000000000000000000000000000000000000000000000000000000000000000000000000000000000000000000000000000000000000
001010100010001010100000101010101010001010001010101010000010101010101000001010101010000000101010101010001010100010000000101010001010101010001000100010101010101010001000001010100010001010101010101000001010101010101010101010101010101010001010001010101000101010100010101010101010101010101000100010100
000000000000000000000000000000000000000000000000000000000000000000000000000000000000000000000000000000000000000000000000000000000000000000000000000000000000000000000000000000000000000000000000000000000000000000000000000000000000000000000000000000000000000000000000000000000000000000000000000000000
100010001010100010100010100000101010101010101010101010101010001000101010101000101010101010000010101010101010101010001010101010100000001010100010101000101010101010101000101010001010101000100010101000101010001010100000000010101010101010101000101010100010100010101010101000101010100000001010101010100
000000000000000000000000000000000000000000000000000000000000000000000000000000000000000000000000000000000000000000000000000000000000000000000000000000000000000000000000000000000000000000000000000000000000000000000000000000000000000000000000000000000000000000000000000000000000000000000000000000000
101010001010101000101010101010001010001010001000101010001010101010101010101010101010001010101010100000101010101000001010101010101010100010001010100000101000101010100010101010101010100000001010101010000010001010101010101000101010101010101010101010100010101010101000101010001000101010100010101010101
000000000000000000000000000000000000000000000000000000000000000000000000000000000000000000000000000000000000000000000000000000000000000000000000000000000000000000000000000000000000000000000000000000000000000000000000000000000000000000000000000000000000000000000000000000000000000000000000000000000
101010001010100010001000001010101000101010101010101010101010001000100000100010101010101010100010001010101010101010101010101010101010001010101010100010001010100010100010100010001010101000100010101010101010101000100010100010000000100000101010101000101000100010101000000010101000101010101010101010100
000000000000000000000000000000000000000000000000000000000000000000000000000000000000000000000000000000000000000000000000000000000000000000000000000000000000000000000000000000000000000000000000000000000000000000000000000000000000000000000000000000000000000000000000000000000000000000000000000000000
101010101000001010101000001010101010101000000010101010000010100000101000100010101010101010101010101010100010100010100010101010101000101010101000100010100010101010101010001010101010001010000010100010001010001010001010101010001000001010101010101000100010100010001010101010101000101000001010101010101
000000000000000000000000000000000000000000000000000000000000000000000000000000000000000000000000000000000000000000000000000000000000000000000000000000000000000000000000000000000000000000000000000000000000000000000000000000000000000000000000000000000000000000000000000000000000000000000000000000000
100010001010101010100010100000101010100010101010101010101000101010101000101010100000101010101010101000100010001010101000101010100010100010101010000000101010101010101000100000100000101010101010101000101010000010101010001010100010101010101000101010000010101010100010001010100000101010101010000000100
000000000000000000000000000000000000000000000000000000000000000000000000000000000000000000000000000000000000000000000000000000000000000000000000000000000000000000000000000000000000000000000000000000000000000000000000000000000000000000000000000000000000000000000000000000000000000000000000000000000
101010000010101000001010101010101000101010101010001010001010001010101000101010100000101010101010100000100010101000100010000000001010101010101010101010101010100010001000101010000010101000000000101010101010101010101000101010001000000000001010000010001000001000000010001010100010001000101000100010100
000000000000000000000000000000000000000000000000000000000000000000000000000000000000000000000000000000000000000000000000000000000000000000000000000000000000000000000000000000000000000000000000000000000000000000000000000000000000000000000000000000000000000000000000000000000000000000000000000000000
100000101000101010101010101010101000101010101010100000101010101010101010100010000010101010101010100000101010101010001010100010101000100000101010101010101010100010101010101000101010000010101010001000101010001000100010101010101010000010101010101010101010101000101010101000101010101010101010101000001
000000000000000000000000000000000000000000000000000000000000000000000000000000000000000000000000000000000000000000000000000000000000000000000000000000000000000000000000000000000000000000000000000000000000000000000000000000000000000000000000000000000000000000000000000000000000000000000000000000000
101010001010101010101010101010101010101010101010001010001010101010101000101010101010000010001010101000101000100000101010001000100010001010101000101010101010101010100010101010101000101010100010101000001010001000101010101000001000001010101010101000101010001010001000000000101000001010101000101010100
000000000000000000000000000000000000000000000000000000000000000000000000000000000000000000000000000000000000000000000000000000000000000000000000000000000000000000000000000000000000000000000000000000000000000000000000000000000000000000000000000000000000000000000000000000000000000000000000000000000
101010100010100000101010001000101010001010000010001010100010101010001000101010101000101000100010001000001000101010100000101010000010101010000000101010101010101010101010101010101000100000101010101000101010101010101010101010101010101010100010101010101000000010101010100000100000101010101010101010001
000000000000000000000000000000000000000000000000000000000000000000000000000000000000000000000000000000000000000000000000000000000000000000000000000000000000000000000000000000000000000000000000000000000000000000000000000000000000000000000000000000000000000000000000000000000000000000000000000000000
001000101010000010001010101000001010101010000010101010101010101000001010101010101010101010100010100010101010101010100000001010100000101010001010101010001010101010001010101010001010101010101000101000101010100010101010101000100010101010101010100000100010101010101000001000100010001010101010001010101
000000000000000000000000000000000000000000000000000000000000000000000000000000000000000000000000000000000000000000000000000000000000000000000000000000000000000000000000000000000000000000000000000000000000000000000000000000000000000000000000000000000000000000000000000000000000000000000000000000000
101010100010001010101010101000101010100010100010101010101010001010100010101010101010101000101000101010101010101010101010101010001000101010100010101010101010101010100010101010000010100010101010101010100010100010001010101010100000101010101010101000101010100010100010000000101000001010001000000000101
000000000000000000000000000000000000000000000000000000000000000000000000000000000000000000000000000000000000000000000000000000000000000000000000000000000000000000000000000000000000000000000000000000000000000000000000000000000000000000000000000000000000000000000000000000000000000000000000000000000
101010101010101010000000101010000010001010100010101010001010001000101000101010100000001010101000101010001010101010101010001010101010101000001010101010101010101010101010101010100000100010101010100010001000001010001010000010101010101010001000101010101010101010101010101010101010000010101010000000100
000000000000000000000000000000000000000000000000000000000000000000000000000000000000000000000000000000000000000000000000000000000000000000000000000000000000000000000000000000000000000000000000000000000000000000000000000000000000000000000000000000000000000000000000000000000000000000000000000000000
101010101010101010101000100010001000100000101010100010101010101010101010101010101010100010100010001010101010100010101010001000100000101010101010101000101010101010001000100010101010101000101010100010100000100000001010001010101010101010101010000010000010100010101000100000101010001010101010000010000
000000000000000000000000000000000000000000000000000000000000000000000000000000000000000000000000000000000000000000000000000000000000000000000000000000000000000000000000000000000000000000000000000000000000000000000000000000000000000000000000000000000000000000000000000000000000000000000000000000000
101010100010101010100010100010101010101000101010100000101010101010100010100010001010001010101000101010101010100010001010101000100010001010101000001010000010100010000000100010101010001010101000101000100010101000101010101010101010101000101000101010101010100010101010100010101010101010101010001010001
000000000000000000000000000000000000000000000000000000000000000000000000000000000000000000000000000000000000000000000000000000000000000000000000000000000000000000000000000000000000000000000000000000000000000000000000000000000000000000000000000000000000000000000000000000000000000000000000000000000
101000001010100010101010001000101000101000100010101010100010101010101010101000101010101000101010101010101000001010100010100000101000101010101010000000101010101010100010101000101000101010101010101010100000100010000010101010001010101000101010101010101010101000100010000010101000101010101000001010100
000000000000000000000000000000000000000000000000000000000000000000000000000000000000000000000000000000000000000000000000000000000000000000000000000000000000000000000000000000000000000000000000000000000000000000000000000000000000000000000000000000000000000000000000000000000000000000000000000000000
101010100000101010101010101000101000101000101010101000100000100010101010101010000010101010101010101010101010101010101010000000101000101010101010101010100010101000101000101010101000101000101010001010101010100010101010100000100000001010100010000010101010100010101000101010100000101010101010101010101
000000000000000000000000000000000000000000000000000000000000000000000000000000000000000000000000000000000000000000000000000000000000000000000000000000000000000000000000000000000000000000000000000000000000000000000000000000000000000000000000000000000000000000000000000000000000000000000000000000000
100010100000101010100000001000100010100010101010101010001000101010001000001010001000100010001010101010101010100000101000101010101000101010101010101010101010101010101010101010101010100000001010101010001000101010101000001010100000101000101000101010000010101010100010101010101000101010101010101010101
000000000000000000000000000000000000000000000000000000000000000000000000000000000000000000000000000000000000000000000000000000000000000000000000000000000000000000000000000000000000000000000000000000000000000000000000000000000000000000000000000000000000000000000000000000000000000000000000000000000
101010101010001000001010101010100010101010100010100010101000100010101000100010101010001010101000101010100000101010001010101010001010101000101010001010100010100010001000101000101010101010101010100010101000101010101000100010101010000010101010100010101010101010100010100010101010001010000000101000101
000000000000000000000000000000000000000000000000000000000000000000000000000000000000000000000000000000000000000000000000000000000000000000000000000000000000000000000000000000000000000000000000000000000000000000000000000000000000000000000000000000000000000000000000000000000000000000000000000000000
101010101010001010101010001010101010100010101010101010001000100010101000100010101010001010100010101010001010101000101010101010101010101000001010101010101010100010101010101010101010101010001010101010100010101010001000000010100010001000101010001010101010001010100010000000101010001010100010001000101
000000000000000000000000000000000000000000000000000000000000000000000000000000000000000000000000000000000000000000000000000000000000000000000000000000000000000000000000000000000000000000000000000000000000000000000000000000000000000000000000000000000000000000000000000000000000000000000000000000000
101010000010000010101000001000101010100010100010101010100010101010000010101000100010100010101010101010001010101010101010101000001010101000101010100010100000101000101010101010101010001010101010101010100010001000101010100010100010001000101010101010101010100010001010101010100010101010001010101010101
000000000000000000000000000000000000000000000000000000000000000000000000000000000000000000000000000000000000000000000000000000000000000000000000000000000000000000000000000000000000000000000000000000000000000000000000000000000000000000000000000000000000000000000000000000000000000000000000000000000
100010001000101000101010100000101010101000101010101010101010101010001010001010101010001010101010000000101010101000100010101010000000100010001000001000101010100010100010001010101000101010101000101010101010100010100000001010100010101010000000001010100010101010100010101010101000101010101010101010101
000000000000000000000000000000000000000000000000000000000000000000000000000000000000000000000000000000000000000000000000000000000000000000000000000000000000000000000000000000000000000000000000000000000000000000000000000000000000000000000000000000000000000000000000000000000000000000000000000000000
101010100010101010000010100000101000101000100000101000101000101010001010100010100000101010101010101010101010000010001010101010101010101000101010101010101000001000101010001000101010101010100000101000001010101010101010100010001010101010001000101010000010100010100000101010000010101010100000001010000
000000000000000000000000000000000000000000000000000000000000000000000000000000000000000000000000000000000000000000000000000000000000000000000000000000000000000000000000000000000000000000000000000000000000000000000000000000000000000000000000000000000000000000000000000000000000000000000000000000000
101000001000100010101010001010001000100010001000001010101010101010100010101010101010101010101010101010000010101010101010101000101010001010100010000010101010101000101010001010001010101000101010101010101010100010001010101010101010101010001010101010101000101010101010100010100010101010101010101000001
000000000000000000000000000000000000000000000000000000000000000000000000000000000000000000000000000000000000000000000000000000000000000000000000000000000000000000000000000000000000000000000000000000000000000000000000000000000000000000000000000000000000000000000000000000000000000000000000000000000
101010101010100010000010101000000010101010001010101010101010100000101010101010101010101010101010101010000010101010101010101010000010001010101010000010100010101010101000101010101010101010101000100010001010101010101010101000101010101010101000101010101010101000101010100000100010101000101010101010101
000000000000000000000000000000000000000000000000000000000000000000000000000000000000000000000000000000000000000000000000000000000000000000000000000000000000000000000000000000000000000000000000000000000000000000000000000000000000000000000000000000000000000000000000000000000000000000000000000000000
101010100010001000001000101010101010101010101000100010001000101010001010101000101010101010100010101010101000101000101000101010100010001010101010101010100010001010001010101010101000001010101000101000101010101010101000101010101010101010100010101010101010100000100010000010001010101000100010101010101
000000000000000000000000000000000000000000000000000000000000000000000000000000000000000000000000000000000000000000000000000000000000000000000000000000000000000000000000000000000000000000000000000000000000000000000000000000000000000000000000000000000000000000000000000000000000000000000000000000000
101010100010101010101010101010101010101010101000001010100010001010101010000000101010100010101010101010101000101000101000101010101010101010101000101010001000101010100010101010101010100010101000100010101010000000101000101010000010001010100010100010101010101010101010101000100000101010001010101010000
000000000000000000000000000000000000000000000000000000000000000000000000000000000000000000000000000000000000000000000000000000000000000000000000000000000000000000000000000000000000000000000000000000000000000000000000000000000000000000000000000000000000000000000000000000000000000000000000000000000
001000100010101010101010101010100000000010101010001010100000101010101010101010101000101010100000100010101010001010001010000010100010101010101000101010100010100010101010100000101010101000101000101000100010101010101010101010100010101010101000101000100010101010100000100010101010101010101010100010001
000000000000000000000000000000000000000000000000000000000000000000000000000000000000000000000000000000000000000000000000000000000000000000000000000000000000000000000000000000000000000000000000000000000000000000000000000000000000000000000000000000000000000000000000000000000000000000000000000000000
101010101010001010100010101010101010101000101010101010101010001010100010001000001010001010101000001010101010101010001010101000101010101010001000101010101010100010101010001010101000100000001000001010101000101010001010101010101010001010101010001010101010101000101010001010101000101010100010100010101
000000000000000000000000000000000000000000000000000000000000000000000000000000000000000000000000000000000000000000000000000000000000000000000000000000000000000000000000000000000000000000000000000000000000000000000000000000000000000000000000000000000000000000000000000000000000000000000000000000000
000000101010101000101000100010001010101010101010101000100010100010001010101010001010101010100000101010100000101010101000001000101010101010001010101010101010001010000010001010101010001010101010100010001000101010101010100010100010101010001010101010101010100010101000001000101010101000000000101010000
000000000000000000000000000000000000000000000000000000000000000000000000000000000000000000000000000000000000000000000000000000000000000000000000000000000000000000000000000000000000000000000000000000000000000000000000000000000000000000000000000000000000000000000000000000000000000000000000000000000
001000100010001010101010101010101010000000001010101010001010001010000000101000000010001010001010100010101010101000101010101010101010000010101010001010101010001010100010001010001000001000101010101010101010101010100010001010101000101000001010100010101010101000101010101010001010101010101010001000001
000000000000000000000000000000000000000000000000000000000000000000000000000000000000000000000000000000000000000000000000000000000000000000000000000000000000000000000000000000000000000000000000000000000000000000000000000000000000000000000000000000000000000000000000000000000000000000000000000000000
100010100010001010101000101010001000101000101010000000101000101000100010001010101000101000101010101010101010001000101010100010001000101010101010101000101000101010101000101010100010101010100000000000101010101010101000001010100010101010100000001010101010100010101010001010101010100000001010001000100
000000000000000000000000000000000000000000000000000000000000000000000000000000000000000000000000000000000000000000000000000000000000000000000000000000000000000000000000000000000000000000000000000000000000000000000000000000000000000000000000000000000000000000000000000000000000000000000000000000000
101010100000100010100010101010001000100000101000101010101000001010000010001010100010101010101010100010100000101000100010001000100010001010101010100000101010101000001010100000001010101010000010001010000000101010001010101010101000100000101010101000101010001010101010001010101010101010101000100010100
