99 2
101110111011111111101101100110101110101111110111001111001101100111111110110011011101111111111111101
000000000000000000000000000000000000000000000000000000000000000000000000000000000000000000000000000
111111111101110110110001011111110011101010011111111111111111110110000110101111111111101111111011111
000000000000000000000000000000000000000000000000000000000000000000000000000000000000000000000000000
011101111110111110111111101011111010111110011011110001101100111011111011001111111111111110011111111
000000000000000000000000000000000000000000000000000000000000000000000000000000000000000000000000000
111110111110111110100111111111111111011110101011011111111111111010110011011101101110001111101100101
000000000000000000000000000000000000000000000000000000000000000000000000000000000000000000000000000
101011111110111010011111111011110010110111111110011111111110111011110111111001110110011110111111011
000000000000000000000000000000000000000000000000000000000000000000000000000000000000000000000000000
111111011110111101111001111111111111001111001111101111011101101111101111111111110110100011101110110
000000000000000000000000000000000000000000000000000000000000000000000000000000000000000000000000000
111110111111101011111101111111110010111111101111101110111110101101100011110101111111100110011110100
000000000000000000000000000000000000000000000000000000000000000000000000000000000000000000000000000
011110011111101111111111111111110101101011000101110111111111011011111101111101011011001100101011111
000000000000000000000000000000000000000000000000000000000000000000000000000000000000000000000000000
110111111011111111101111111011111101110011110011011011001011010111010110101001011100101010111111001
000000000000000000000000000000000000000000000000000000000000000000000000000000000000000000000000000
101111011101011111110111111110001101111011111011010001111111111101011111110011001001111101111111111
000000000000000000000000000000000000000000000000000000000000000000000000000000000000000000000000000
111010110011110110011001011111010111111111101101111010100110101111100110101010011110011011111111111
000000000000000000000000000000000000000000000000000000000000000000000000000000000000000000000000000
111110100101110111111011111111101110110111111101011111111110010011110101111010110111011011111100110
000000000000000000000000000000000000000000000000000000000000000000000000000000000000000000000000000
111110110111111001000111111111111010111110110110110101110111010001111111111110010111110100110001111
000000000000000000000000000000000000000000000000000000000000000000000000000000000000000000000000000
001111101110111011110011000111111101010111001111111110101011111111111111111010101110111111001111011
000000000000000000000000000000000000000000000000000000000000000000000000000000000000000000000000000
111111101101110010110111110111101111111111110111111111000111101101110111111111110011001110111111001
000000000000000000000000000000000000000000000000000000000000000000000000000000000000000000000000000
111111011111110111001011110001110111111111111111111111111011111111110011111100111111011101111011011
000000000000000000000000000000000000000000000000000000000000000000000000000000000000000000000000000
110111101000001111111111101001010110011110101001101001111101011011010010111110111111111111111110110
000000000000000000000000000000000000000000000000000000000000000000000000000000000000000000000000000
011010011100011111101011111101111101010011111111110101101010111010111111100111110100110111111100111
000000000000000000000000000000000000000000000000000000000000000000000000000000000000000000000000000
111111100101110111111001011111111111001011101110110011011101111111111111010101010110111100111100111
000000000000000000000000000000000000000000000000000000000000000000000000000000000000000000000000000
010010111110101001101111001011101111111101101111101011010111001101111001011011111110010111100110111
000000000000000000000000000000000000000000000000000000000000000000000000000000000000000000000000000
111011110101001101111110100011111110101111111111111010110111110011110110100111111101111011110111110
000000000000000000000000000000000000000000000000000000000000000000000000000000000000000000000000000
111111101011111001110111111111111111111110110110111011101111011110111010001111101111111001011100110
000000000000000000000000000000000000000000000000000000000000000000000000000000000000000000000000000
011111101111110111110111110100111010110111111011111111001110101100111001011111111110011110111100111
000000000000000000000000000000000000000000000000000000000000000000000000000000000000000000000000000
110001111111011010010111110111011011011111101000000101101111111011111111111110111111111001110111111
000000000000000000000000000000000000000000000000000000000000000000000000000000000000000000000000000
110111001111111111011110011111010111111111111100111111111100111110111101011100111111001101111111011
000000000000000000000000000000000000000000000000000000000000000000000000000000000000000000000000000
010100110011111111011111111011101110000101111011101010101000111110111110111101111111011111111111101
000000000000000000000000000000000000000000000000000000000000000000000000000000000000000000000000000
001011011011011001111101110111011111011110001111001110101011111111110011101001111111011101111001111
000000000000000000000000000000000000000000000000000000000000000000000000000000000000000000000000000
100111111011111111111011111111111111010101101111100101000111111111111111111110111101101111111010111
000000000000000000000000000000000000000000000000000000000000000000000000000000000000000000000000000
111110111111101101101110110101011011111101011111110111111111111011111111111111111111110111111111011
000000000000000000000000000000000000000000000000000000000000000000000000000000000000000000000000000
101100110111111111111111000011100110011011010110011101110101110101111011111110110111011111011111111
000000000000000000000000000000000000000000000000000000000000000000000000000000000000000000000000000
101111011011110000011011110001101111111101100011111111110111110011011010011110011111011101010111010
000000000000000000000000000000000000000000000000000000000000000000000000000000000000000000000000000
010111001101111111110111100111011111111001100111111100100101111111111101011101010110110111110011101
000000000000000000000000000000000000000000000000000000000000000000000000000000000000000000000000000
111101100110111110111111101011111111111111111101001101111001111011111111011111111001111111100101100
000000000000000000000000000000000000000000000000000000000000000000000000000000000000000000000000000
000111111111111110111111110111000111010001111011101110011001000101111010101010100111101110111111111
000000000000000000000000000000000000000000000000000000000000000000000000000000000000000000000000000
101111000011111110011110111011111111111100010100110011100111111110000101111101011111111101101101011
000000000000000000000000000000000000000000000000000000000000000000000000000000000000000000000000000
110110101011110110011110101111111111111111111101101001110111110111111101111111110110111111100111101
000000000000000000000000000000000000000000000000000000000000000000000000000000000000000000000000000
110110011010111111010011011100101110111010100010110111111101110011111001111110010111100111111100001
000000000000000000000000000000000000000000000000000000000000000000000000000000000000000000000000000
001010110111000101001101001011010111111011011111111111010101110101010001101111011111011011011110101
000000000000000000000000000000000000000000000000000000000000000000000000000000000000000000000000000
101111011111111110111101101011111111101001111011111011100111111011101110111011001110100111010001110
000000000000000000000000000000000000000000000000000000000000000000000000000000000000000000000000000
111110011111111100110111111001111111101110111111111011101011111111111111101110110110111110110011111
000000000000000000000000000000000000000000000000000000000000000000000000000000000000000000000000000
111111011110001000111101111111001001011010111111111111011111101111110111111111110111110101111111001
000000000000000000000000000000000000000000000000000000000000000000000000000000000000000000000000000
111001111111100110111111010101011100111111111111111110011101101100110111110101111111011101110111011
000000000000000000000000000000000000000000000000000000000000000000000000000000000000000000000000000
111101010100110111111110111111111110111110111011111101011011111101111111111110010111110111010111010
000000000000000000000000000000000000000000000000000000000000000000000000000000000000000000000000000
110111101111111010111111011111101011111111101011111011011101111101011001011100111111110101101111101
000000000000000000000000000000000000000000000000000000000000000000000000000000000000000000000000000
100011011001111100011110010110101101111110101111011111101110001011010110100101110110010111011111011
000000000000000000000000000000000000000000000000000000000000000000000000000000000000000000000000000
111100101011111111110010101110011111111011011111101101111111111111111111111000110111111111111000000
000000000000000000000000000000000000000000000000000000000000000000000000000000000000000000000000000
111111101110111011001111110011111010101101011101111011111111011101111110110110101111111011111111011
000000000000000000000000000000000000000000000000000000000000000000000000000000000000000000000000000
110010011111111010111111011100011101111101010111111011111111111111110001101011101011001110111110100
000000000000000000000000000000000000000000000000000000000000000000000000000000000000000000000000000
101111011111111110111110111011101110000101110100111011101011111001000101111001011011101101111111010
000000000000000000000000000000000000000000000000000000000000000000000000000000000000000000000000000
011110001111010000101101111100111111111011001000111011111011100011111110100111111110011110000111111
