261 2
110011011111111011010110111011110011001111111100111111111111111010111101110001111111011111101111010111111111111111011111111111101111101101011111111001111100011110101111001101111010110100010111101110110111111101111111111001100111111111111111110110110100011000111
000000000000000000000000000000000000000000000000000000000000000000000000000000000000000000000000000000000000000000000000000000000000000000000000000000000000000000000000000000000000000000000000000000000000000000000000000000000000000000000000000000000000000000000
111011010100111111101111110001011101111011100010101110111111011011111111011011011110111110100100011011011111111111011111111011111101111011011011100110110011111001101111100111110111100111111110000111011111111111111010110111110111111111010111111110110101111111011
000000000000000000000000000000000000000000000000000000000000000000000000000000000000000000000000000000000000000000000000000000000000000000000000000000000000000000000000000000000000000000000000000000000000000000000000000000000000000000000000000000000000000000000
101001111101110111101110011111111111110111101111111110101111111111110111101111111110110010011111110011001111111011111110110111001100110110111111101111111101111011111101111111101111111111101111111111101011111111111111111111110001101111111111111101111001111110111
000000000000000000000000000000000000000000000000000000000000000000000000000000000000000000000000000000000000000000000000000000000000000000000000000000000000000000000000000000000000000000000000000000000000000000000000000000000000000000000000000000000000000000000
111001111110011011011111111011111011110011111111101011101011011011111011100011111111011111111011111111110111011001111100011011111111111111111011111011111111110111111110001001001111101111111111010110011001111111111010001101011111001111101101101111101011111001010
000000000000000000000000000000000000000000000000000000000000000000000000000000000000000000000000000000000000000000000000000000000000000000000000000000000000000000000000000000000000000000000000000000000000000000000000000000000000000000000000000000000000000000000
101010101101000011101111111110001111000111111111110110101111111111011111110011111111111111101101011111110001011111011011011111111101101111101111010111111111111111111110111111011111111111000110101111000011111100111111111011111101101011111111011000101100110111011
000000000000000000000000000000000000000000000000000000000000000000000000000000000000000000000000000000000000000000000000000000000000000000000000000000000000000000000000000000000000000000000000000000000000000000000000000000000000000000000000000000000000000000000
101010111111010101101110111101111100110101111110011011111001001111111101111111011111111010111111110010100110111011111110111111000100111001111111111110110111111111000111111111110011111111111110111010001111111011101111100011111010011000111101111111110001111101111
000000000000000000000000000000000000000000000000000000000000000000000000000000000000000000000000000000000000000000000000000000000000000000000000000000000000000000000000000000000000000000000000000000000000000000000000000000000000000000000000000000000000000000000
111111101111110110111111110011111111110110111111111101011101101000111001111110110101011111011110110001111011001111110111011110111011111101111011111110011111110111110110111111011111101100011101110001111110101111111111100111111111111011111110100111011111111111011
000000000000000000000000000000000000000000000000000000000000000000000000000000000000000000000000000000000000000000000000000000000000000000000000000000000000000000000000000000000000000000000000000000000000000000000000000000000000000000000000000000000000000000000
111101111111010011011111111111111100101101111111111111011111111101111111111111110110111011111011111000100111111111111001111100111011110111111111011111011111101111110001000110110110110111111100101111011111001111111101111111011100101111110110111001110010001101111
000000000000000000000000000000000000000000000000000000000000000000000000000000000000000000000000000000000000000000000000000000000000000000000000000000000000000000000000000000000000000000000000000000000000000000000000000000000000000000000000000000000000000000000
101111010111101111111111111101111111011001101111111011110111110101000011111011110111101111001001111111010011101111111111101011111011111111011101001110010110011111101111111111101111111010111110111011101101010010111111001111110110111011111111111111111110111111111
000000000000000000000000000000000000000000000000000000000000000000000000000000000000000000000000000000000000000000000000000000000000000000000000000000000000000000000000000000000000000000000000000000000000000000000000000000000000000000000000000000000000000000000
111011111111101111100111111000111111111001110101100111101111001111101111110011111110111011110011101001011111100101111110111011101101111111111110111101101110110111001110111100011110011101111111111111010111101011111101101101111111000010101111000111110111111111100
000000000000000000000000000000000000000000000000000000000000000000000000000000000000000000000000000000000000000000000000000000000000000000000000000000000000000000000000000000000000000000000000000000000000000000000000000000000000000000000000000000000000000000000
111110110011111111110111001010111111111001111111111110110011110111111111111001000101111011101101111001011101111011111110111110000111010000001101111011101110101011001110111111111111110111010101010111110000111011111101001111111111111101110111111011110010001111111
000000000000000000000000000000000000000000000000000000000000000000000000000000000000000000000000000000000000000000000000000000000000000000000000000000000000000000000000000000000000000000000000000000000000000000000000000000000000000000000000000000000000000000000
111111011011010111111011111111101111111011111101111111111111101111011101101010111111101111111111111111111101111111111011111101011011110011111001111111011111101011011100111111111011111111111011010111101101111010101111111001110101111111010111111001111111011011001
000000000000000000000000000000000000000000000000000000000000000000000000000000000000000000000000000000000000000000000000000000000000000000000000000000000000000000000000000000000000000000000000000000000000000000000000000000000000000000000000000000000000000000000
101111110100110111010101111011111100111111111001011111111111111111111010111101110111101000011001101110101111010110111111111001111110111011111111111101111011011110111110111110111111110111110111000111100111111101011101111100111011100111011111110111111111011111011
000000000000000000000000000000000000000000000000000000000000000000000000000000000000000000000000000000000000000000000000000000000000000000000000000000000000000000000000000000000000000000000000000000000000000000000000000000000000000000000000000000000000000000000
000100011111111111011111010010111110000001111100111011110111101111111111111111111111101111110010111111111111001111101000101111100011111011111010011111110111001111010110000111010111011010001011111001111111010011011110110100111011010111001101100111101101110100101
000000000000000000000000000000000000000000000000000000000000000000000000000000000000000000000000000000000000000000000000000000000000000000000000000000000000000000000000000000000000000000000000000000000000000000000000000000000000000000000000000000000000000000000
011111101011011011001010111100101111111111110110011111011001110110011100011101111101011101101111101110111110111110011110111110101101101011111111011111001011110011111101011111111011101111111111010111010101111101111111011111101010011011100111001010111001111111111
000000000000000000000000000000000000000000000000000000000000000000000000000000000000000000000000000000000000000000000000000000000000000000000000000000000000000000000000000000000000000000000000000000000000000000000000000000000000000000000000000000000000000000000
101111101010111111101000111111101111101011110111111111101101110111100111101001101101011111111001111001110111110101011111101110111100111110111111110011110111111011010110101011110111111011111110110101111101000111101011111111101111001111111011111110111111001111101
000000000000000000000000000000000000000000000000000000000000000000000000000000000000000000000000000000000000000000000000000000000000000000000000000000000000000000000000000000000000000000000000000000000000000000000000000000000000000000000000000000000000000000000
111111101100001110011111010001011100010101001110111111111101001111111111111111111110111111110101111111010111111111111011100100111011111110101101101111000111111111101111000110111001011010110111101111011111111100110011110111111111101110101111111111111111101001101
000000000000000000000000000000000000000000000000000000000000000000000000000000000000000000000000000000000000000000000000000000000000000000000000000000000000000000000000000000000000000000000000000000000000000000000000000000000000000000000000000000000000000000000
111101111111000111101000011110001111011111010111101011110011111100111111101110011000110100110111111110111011110101111011100110111111011111101101111111110111111101110101111101100011011110110111101011011111000010101111111101111111111011111111101111110110110111110
000000000000000000000000000000000000000000000000000000000000000000000000000000000000000000000000000000000000000000000000000000000000000000000000000000000000000000000000000000000000000000000000000000000000000000000000000000000000000000000000000000000000000000000
111101110111111111110111111110111100111110110011100000011110111111011111111111110110111111111000111111011111111111111101011111111110000101010000110111111001111111110111101111101111111101101011111011111101111010111011111111111110111011111011101111111111111011001
000000000000000000000000000000000000000000000000000000000000000000000000000000000000000000000000000000000000000000000000000000000000000000000000000000000000000000000000000000000000000000000000000000000000000000000000000000000000000000000000000000000000000000000
111111110111101111001100111111010111111101011111111111011111101011001111101111111111111011110001001110111110111111111111111100111111111011011111111110111001111111111110111100111101011100011111111110111101101011111110111100111001101011000111011111100011111011110
000000000000000000000000000000000000000000000000000000000000000000000000000000000000000000000000000000000000000000000000000000000000000000000000000000000000000000000000000000000000000000000000000000000000000000000000000000000000000000000000000000000000000000000
011111111101011011111011111111111011111011110111110111101110011111111111111111111101111111011101111111101011110101100111101110111011100011101111111111011111010000101110111100010110001011111101101101010111111111101111111101010011111101110110011111101111011101001
000000000000000000000000000000000000000000000000000000000000000000000000000000000000000000000000000000000000000000000000000000000000000000000000000000000000000000000000000000000000000000000000000000000000000000000000000000000000000000000000000000000000000000000
111111000011110100111010011111101011101011111111111011111111101110001010111110101101111101101110111110101111111010111111110111010001111011111011111111111111110111111010011111110101101101110111111011111100111000001111111111101111101111111111001110111101100011111
000000000000000000000000000000000000000000000000000000000000000000000000000000000000000000000000000000000000000000000000000000000000000000000000000000000000000000000000000000000000000000000000000000000000000000000000000000000000000000000000000000000000000000000
111111111000111111110111111011011110111110111100010110001110111110110101111111001101010111111101100011001110101101100010110001111110010010101111101011101111111101101111110111110100111111110101100101110110100101111111011101011111111011111111010111101101100111111
000000000000000000000000000000000000000000000000000000000000000000000000000000000000000000000000000000000000000000000000000000000000000000000000000000000000000000000000000000000000000000000000000000000000000000000000000000000000000000000000000000000000000000000
110111111111110111101111000101111111111110111111111100011011110111111101101111111111101111111111010010111101111100111011111110111111101111011111011011111111001010111011101111111110001010111111111011111100101111101110111110110101101000111110011010111010110011011
000000000000000000000000000000000000000000000000000000000000000000000000000000000000000000000000000000000000000000000000000000000000000000000000000000000000000000000000000000000000000000000000000000000000000000000000000000000000000000000000000000000000000000000
110100111101101111111111111011011111111101011110111101111111111111111101111101111011110011111111111111101101111101111110011111111011111011111111010111111011101111010111011110001111111111111011001111111111111010110111011110111111111111010010110001111111111101110
000000000000000000000000000000000000000000000000000000000000000000000000000000000000000000000000000000000000000000000000000000000000000000000000000000000000000000000000000000000000000000000000000000000000000000000000000000000000000000000000000000000000000000000
111101111110111011101010111011010101110111111110011101111111111111111111111101010111111101111111011111101011101110111110111011111010111011111110111111111111011011011011101111111011111111111101101100001111111110110110001101000101100110110010011111101101111100011
000000000000000000000000000000000000000000000000000000000000000000000000000000000000000000000000000000000000000000000000000000000000000000000000000000000000000000000000000000000000000000000000000000000000000000000000000000000000000000000000000000000000000000000
100011001111010101111011011110111111101111111101111111000001111111101110111111111110011111110010100111100110111011111011011100100011111111111100011101110111110111111110111110111011111111101011111110101111110011110111001111110101101011111101011101111110011111110
000000000000000000000000000000000000000000000000000000000000000000000000000000000000000000000000000000000000000000000000000000000000000000000000000000000000000000000000000000000000000000000000000000000000000000000000000000000000000000000000000000000000000000000
111011001011100111111101111011110111111111111011110111111011011011110101110111110001011100111110110100101101101010001101101110110111111111101010011101110110111101101111111101111111011110001111101111101011111111011111111111111010111111101111111110111101011101011
000000000000000000000000000000000000000000000000000000000000000000000000000000000000000000000000000000000000000000000000000000000000000000000000000000000000000000000000000000000000000000000000000000000000000000000000000000000000000000000000000000000000000000000
011111000111110010111101111011111001011101101110111011110111111111110001110111001101111101111111010111111001111101111110001100011111111111110000111111111101011111111111011100010001101111101111011111111110110111111110111111000101111110111000010110111011110011111
000000000000000000000000000000000000000000000000000000000000000000000000000000000000000000000000000000000000000000000000000000000000000000000000000000000000000000000000000000000000000000000000000000000000000000000000000000000000000000000000000000000000000000000
111101111010111111100011111001100111101101111101111010011010111111111111110010011101111110100001010011111101110001101111111011110110111010111110111011111101010101101110111111101110111011011101101011111111100011101010010111111111001111111111010111101000101111011
000000000000000000000000000000000000000000000000000000000000000000000000000000000000000000000000000000000000000000000000000000000000000000000000000000000000000000000000000000000000000000000000000000000000000000000000000000000000000000000000000000000000000000000
111111110011110111110000111011111111111111111110101011101111101001011011101110111101111011100011101110001011010111110111011111111111011111111110111100011111011111110101111110101111001011111100011110110001110101111111111101111011111111111101111111011110111101000
000000000000000000000000000000000000000000000000000000000000000000000000000000000000000000000000000000000000000000000000000000000000000000000000000000000000000000000000000000000000000000000000000000000000000000000000000000000000000000000000000000000000000000000
110101011111100110110111101111111111111110101101011111111110110000110101111101001101110011101011110101110011111000111101010111111110011111111001001101011111110111010111101010001111001111111111011111001111101011101010111011111101111100101111110010101111110011111
000000000000000000000000000000000000000000000000000000000000000000000000000000000000000000000000000000000000000000000000000000000000000000000000000000000000000000000000000000000000000000000000000000000000000000000000000000000000000000000000000000000000000000000
001111011111110110111011111001110010001111111101110111111111111111011111111111011011111111110110110110110111111110111111011010110101111001111110001101111011111110111000101101110111001101110001011101101000111111111111111111111111111111111110110110111111111101110
000000000000000000000000000000000000000000000000000000000000000000000000000000000000000000000000000000000000000000000000000000000000000000000000000000000000000000000000000000000000000000000000000000000000000000000000000000000000000000000000000000000000000000000
111010111110011111011100111010110111111111111111011100110111111111110110111101001011110011101111111100011011110000101111000110111101111100110101111111010110111011111101111111010110001001011110010111110110101101111111111111110111111100110101111111111100111111011
000000000000000000000000000000000000000000000000000000000000000000000000000000000000000000000000000000000000000000000000000000000000000000000000000000000000000000000000000000000000000000000000000000000000000000000000000000000000000000000000000000000000000000000
110111111010111111101111111001100111111101101001110110011011111111101101011011000111111110110110111111011101111111111111100111110111110101011101110111111111110110100011110110111011000111101010011011101101111101101111110011011111111111101111111101110111111010111
000000000000000000000000000000000000000000000000000000000000000000000000000000000000000000000000000000000000000000000000000000000000000000000000000000000000000000000000000000000000000000000000000000000000000000000000000000000000000000000000000000000000000000000
111111110111011110111101111110111111111011011111111011111111010110110101101111111111001101101111111111101111101111110110011101111111111100111100100111111001110111111111011111011111001111000011100110110110101111111110111011110111111111111111111111101100101100110
000000000000000000000000000000000000000000000000000000000000000000000000000000000000000000000000000000000000000000000000000000000000000000000000000000000000000000000000000000000000000000000000000000000000000000000000000000000000000000000000000000000000000000000
011111111111101011111110111000101111110001001110110111110111111110110111011011100001111111111110101100011111001111111101101111001111111111101111011011111101111010110110100101011011111011100111011101001110011011011101111111001111010111110111111111111111111111111
000000000000000000000000000000000000000000000000000000000000000000000000000000000000000000000000000000000000000000000000000000000000000000000000000000000000000000000000000000000000000000000000000000000000000000000000000000000000000000000000000000000000000000000
010111111111000111111111100111111100110111111111110111111011101111101011011111011011111111100011110111001111011111111111111110011011011111111111111101011111111101111111011111111111101110111101011111110111110001011111111011001110111111011001111101101111101110111
000000000000000000000000000000000000000000000000000000000000000000000000000000000000000000000000000000000000000000000000000000000000000000000000000000000000000000000000000000000000000000000000000000000000000000000000000000000000000000000000000000000000000000000
111101111100110011101110011111101100001100110010111100001011011111101101111111111110101111110111001111111100101110111111111000111101111111101111011111111111010101111011101111011111110011100000001101101111011111111111111111111010011111111011111010111111110111111
000000000000000000000000000000000000000000000000000000000000000000000000000000000000000000000000000000000000000000000000000000000000000000000000000000000000000000000000000000000000000000000000000000000000000000000000000000000000000000000000000000000000000000000
010111101000111111110111110111101110110111111001101111101011111111111010110111011101111111001101111111110111011110001111010111111110011010101111111111111011010111100111111100111111001111111111111011111111011000111011101011110111111111111100101010111101011001111
000000000000000000000000000000000000000000000000000000000000000000000000000000000000000000000000000000000000000000000000000000000000000000000000000000000000000000000000000000000000000000000000000000000000000000000000000000000000000000000000000000000000000000000
111101101110111111101001101100111010100111010001101101110111111010110011101011111111010110100110110111101111101101111000010001110011101111111111111110110001010111111010111111111100101111010010110111111000110101110111011100110111101011111111111111000110001111111
000000000000000000000000000000000000000000000000000000000000000000000000000000000000000000000000000000000000000000000000000000000000000000000000000000000000000000000000000000000000000000000000000000000000000000000000000000000000000000000000000000000000000000000
111111111111111101111010111111111110111101101011111100100101010111111011111111011101011011111101011011111111110111100011110111011111111101011101111110111111010100111111111110100111111010111010111011111011111111111011111111111111011001111111111101001101011101111
000000000000000000000000000000000000000000000000000000000000000000000000000000000000000000000000000000000000000000000000000000000000000000000000000000000000000000000000000000000000000000000000000000000000000000000000000000000000000000000000000000000000000000000
101111111111111111101111100111111101111110011011111101011011111111110101111101111111110100010111111000011111111111110001111111110111111111111111011011011111101011001110011111101101111001011111110111011111001111011110011011110110101111110010111111111001111111110
000000000000000000000000000000000000000000000000000000000000000000000000000000000000000000000000000000000000000000000000000000000000000000000000000000000000000000000000000000000000000000000000000000000000000000000000000000000000000000000000000000000000000000000
101101111111111110111111100111111111110101001111101111101010011111100111111101110011011110111011100111010111111111101001111011101011111011110111010011101101111010101011011001111111110100111011111110111101101110001101101101111111111111110001110111011111111111101
000000000000000000000000000000000000000000000000000000000000000000000000000000000000000000000000000000000000000000000000000000000000000000000000000000000000000000000000000000000000000000000000000000000000000000000000000000000000000000000000000000000000000000000
111111111101110011111101111011100101011011101110110011001111111111111111111111101111111110111101101011111111001111011111111111111011111111111111111001010010111111111000111111001101111010101110111111111111100110011010110100111011101111100110101111101111111111111
000000000000000000000000000000000000000000000000000000000000000000000000000000000000000000000000000000000000000000000000000000000000000000000000000000000000000000000000000000000000000000000000000000000000000000000000000000000000000000000000000000000000000000000
110111111111001101110111010111111011111111001101011001110011111111111111111111111011111011111100001111010110011100111111011111111111110111000101011111001111100111101110001111001011011110010111011111001101111110011111111011110110111010101110101011111111111011111
000000000000000000000000000000000000000000000000000000000000000000000000000000000000000000000000000000000000000000000000000000000000000000000000000000000000000000000000000000000000000000000000000000000000000000000000000000000000000000000000000000000000000000000
011110101111000001101111111111101110101101100101101111110111011111011111111111111110111111100110100111001111111111111110111111101000101001110111111101111111010111111111010111110011111111110101111111111101111110110111111101010111100110100111101010011110111110011
000000000000000000000000000000000000000000000000000000000000000000000000000000000000000000000000000000000000000000000000000000000000000000000000000000000000000000000000000000000000000000000000000000000000000000000000000000000000000000000000000000000000000000000
111101111111101111110111011111111011110011110110111101111011110111111111111001011111011001101000011110110101111101011101111101001111011111111101100011111111110111110101101011101101101111111011111111101001111111110100110110101111101111111111101111111101111111000
000000000000000000000000000000000000000000000000000000000000000000000000000000000000000000000000000000000000000000000000000000000000000000000000000000000000000000000000000000000000000000000000000000000000000000000000000000000000000000000000000000000000000000000
011011111110111111111111010110111010110000110101001111111010111011111011110111111011111111011110111011100101011110111011100011000010011111111111111110110001001111110011110111111100111110110110101111010111110110111111111111101101100011111110111111110110111111111
000000000000000000000000000000000000000000000000000000000000000000000000000000000000000000000000000000000000000000000000000000000000000000000000000000000000000000000000000000000000000000000000000000000000000000000000000000000000000000000000000000000000000000000
011011111111101110110111100111110111011101111111001101110110111111111111111111111110001001101001101101101001010111111101111011111111110101111110101101111110101111011001101110111101111111110111100010011011011101111111110111011111111100111111001111111110111111100
000000000000000000000000000000000000000000000000000000000000000000000000000000000000000000000000000000000000000000000000000000000000000000000000000000000000000000000000000000000000000000000000000000000000000000000000000000000000000000000000000000000000000000000
111010111011100111110011111110101111101100111111111111100111110011111111011111110111111111101011101110101101010111111011011110111111101110111111111000100011101101111111101111010111011111111111011111111111111111001111110001011101110111111010011110111111111101110
000000000000000000000000000000000000000000000000000000000000000000000000000000000000000000000000000000000000000000000000000000000000000000000000000000000000000000000000000000000000000000000000000000000000000000000000000000000000000000000000000000000000000000000
101111111011011100111110111111101011111111000101111110111111111101110111111100111011101001101100011100111101101110111111111111111100111111111111011101111111100111111111101110111111011101011110000111111111010110111110111111110111111001111111000111111010110101110
000000000000000000000000000000000000000000000000000000000000000000000000000000000000000000000000000000000000000000000000000000000000000000000000000000000000000000000000000000000000000000000000000000000000000000000000000000000000000000000000000000000000000000000
001011011101011111000110110111100100111111110001010111100111111011110111111011111001011111111101010111010011011111101110001011111110100110110111111111011111111111001011101110110111011110111110001101111111101101100111000001001110110100111011110110010111001111100
000000000000000000000000000000000000000000000000000000000000000000000000000000000000000000000000000000000000000000000000000000000000000000000000000000000000000000000000000000000000000000000000000000000000000000000000000000000000000000000000000000000000000000000
011111011011111010011111110110010111111001111111111101101011110011111111111011111100000111101101111111001011000011111111011111111011011010110101111111111101100111111111111110110101111111000111110001101111110010110110111110110100110101011111011111111110011111100
000000000000000000000000000000000000000000000000000000000000000000000000000000000000000000000000000000000000000000000000000000000000000000000000000000000000000000000000000000000000000000000000000000000000000000000000000000000000000000000000000000000000000000000
110011110111110101110111011011101011010111010111111101111100100110110011111001000111101011111011101110001111111101010111111011101001111110101101011111101111000110111000111010111111001100111011111111110111111111011101111111111011111101111111011101111111111111011
000000000000000000000000000000000000000000000000000000000000000000000000000000000000000000000000000000000000000000000000000000000000000000000000000000000000000000000000000000000000000000000000000000000000000000000000000000000000000000000000000000000000000000000
001111101111011111100010111011100111010100111010110111110101011101111101111101011110110011111111111111111011011111011110100111111111010011011011110111101100100001110111111101011111101111110011010111111101101101101111111111111110111100110111110111100110011111110
000000000000000000000000000000000000000000000000000000000000000000000000000000000000000000000000000000000000000000000000000000000000000000000000000000000000000000000000000000000000000000000000000000000000000000000000000000000000000000000000000000000000000000000
011110011011111101111110111111111110111100111110111011111111110001100101011001111010111010011101111101111111101011011101111011111101111111011111111011111011011011111111111111111011101111111101101111101111111111111111111101110110111101111100110101101111000110101
000000000000000000000000000000000000000000000000000000000000000000000000000000000000000000000000000000000000000000000000000000000000000000000000000000000000000000000000000000000000000000000000000000000000000000000000000000000000000000000000000000000000000000000
111101111111110101011110111010111111111111111111010001011111111111101111111111111111011001010111100110011111111110111101011111111001111010111111011111111111110011101101111111111111001110111101110101101011110110010111001011111111111101111011101000100111111101010
000000000000000000000000000000000000000000000000000000000000000000000000000000000000000000000000000000000000000000000000000000000000000000000000000000000000000000000000000000000000000000000000000000000000000000000000000000000000000000000000000000000000000000000
111111111101111101110111011011111110001111111011011011011111110011011010011101011111111111111011111001011111111111111110111000111010101111111111011011111010111111011111111111110111011100110111111111111110111111011101111111110101111011111110101111111011111110111
000000000000000000000000000000000000000000000000000000000000000000000000000000000000000000000000000000000000000000000000000000000000000000000000000000000000000000000000000000000000000000000000000000000000000000000000000000000000000000000000000000000000000000000
001011110101111111111100111101010111111101111111111100101110110111011110110111111111111100101111111100111111111111110101111110111011111001110111111111011011011010100111111111111101010001011111111111011111111111110111010001110111101010100111101111011111100101000
000000000000000000000000000000000000000000000000000000000000000000000000000000000000000000000000000000000000000000000000000000000000000000000000000000000000000000000000000000000000000000000000000000000000000000000000000000000000000000000000000000000000000000000
111011101110110110111111111101011101111001111001101011111010111100111101110110110110101001111101010111110111111111011101101111111110101110111011111110111111110111111111101101011011010001000111111111111101111111111111111110011111101011111011111111111111011110011
000000000000000000000000000000000000000000000000000000000000000000000000000000000000000000000000000000000000000000000000000000000000000000000000000000000000000000000000000000000000000000000000000000000000000000000000000000000000000000000000000000000000000000000
010010001011111010111011001110110111110111011111111011111110111111101011000100111111111111111111101100111111101111101111111011111101011011111101011011111111111110111111111111101101111010111101111100101111110011111111011001111110001011111111111111111101101111101
000000000000000000000000000000000000000000000000000000000000000000000000000000000000000000000000000000000000000000000000000000000000000000000000000000000000000000000000000000000000000000000000000000000000000000000000000000000000000000000000000000000000000000000
100110101001111111100101011111111011110010111111111111111101001111111010111111101110110101011101011101110101010111101111001010111111101110111000011101011111110111110100111011110110001111001010111011010111010101111011010111001110111111111111111111110111111011001
000000000000000000000000000000000000000000000000000000000000000000000000000000000000000000000000000000000000000000000000000000000000000000000000000000000000000000000000000000000000000000000000000000000000000000000000000000000000000000000000000000000000000000000
101101110111010111111110011101101110111011110100101111111101111111111111100010101011111011111111111111110010101110111110111111001010110011111111011101110111110101110100111110111110111110101101011011011001101110010000111100111101011100110110011010111110110101101
000000000000000000000000000000000000000000000000000000000000000000000000000000000000000000000000000000000000000000000000000000000000000000000000000000000000000000000000000000000000000000000000000000000000000000000000000000000000000000000000000000000000000000000
111111110011011111111110010111111111110111100110111111111110111111011101111010101111110110010111110010111100101011011110111110111111101100111011000111111101101111111100110100111110110110111111111101111111111011000010111111111101111011111111100111110011111111001
000000000000000000000000000000000000000000000000000000000000000000000000000000000000000000000000000000000000000000000000000000000000000000000000000000000000000000000000000000000000000000000000000000000000000000000000000000000000000000000000000000000000000000000
100111011111101001111110011110101000111101011101100000110111101011111101011011111111111101110111011111111101101101111100110111011111111011011110111111100101001110101110111111110100111010011101011111110111111111111010111110111110101011111111111111111101111111100
000000000000000000000000000000000000000000000000000000000000000000000000000000000000000000000000000000000000000000000000000000000000000000000000000000000000000000000000000000000000000000000000000000000000000000000000000000000000000000000000000000000000000000000
110001111011111111111111111111110110111110011101110011111101110111111110111010101101111001101111001111011011101101110111111111101010111101011001001101111111111111111110111110111111101101001011101101101100010111111111111111111111111101110111101011110110101011110
000000000000000000000000000000000000000000000000000000000000000000000000000000000000000000000000000000000000000000000000000000000000000000000000000000000000000000000000000000000000000000000000000000000000000000000000000000000000000000000000000000000000000000000
111111111100011011000011111011111111100111000001110101111111011011111011001101101111111111101010011011111110111110111110101011001011111100011101101101011111110111110100111111101100111011011101001100111111011111111111111110000111110111101110011111111001110111011
000000000000000000000000000000000000000000000000000000000000000000000000000000000000000000000000000000000000000000000000000000000000000000000000000000000000000000000000000000000000000000000000000000000000000000000000000000000000000000000000000000000000000000000
011100101101110111101001011011111111111111111011101001111011100101101101111111101111101111101111101111111111110010111111111011110111011010110101111001111111111111111011011111111110010110111011011111110111011011111110100111101111001111111111011111110011111011111
000000000000000000000000000000000000000000000000000000000000000000000000000000000000000000000000000000000000000000000000000000000000000000000000000000000000000000000000000000000000000000000000000000000000000000000000000000000000000000000000000000000000000000000
111111111110000111001111111101011111100111111111111111101111111111111111111101101011111010010001111110010111111110111111101111110101101101011101110111111110011001101110111100000110101100011110010111111101111101011111111110100000101001100101111111011010110001110
000000000000000000000000000000000000000000000000000000000000000000000000000000000000000000000000000000000000000000000000000000000000000000000000000000000000000000000000000000000000000000000000000000000000000000000000000000000000000000000000000000000000000000000
110101011111111111111111100001110011111011010011111010011111011111011111101010101110101111101001111011110111111011111011111111110110101010011011110001001111000010101111111111111010111011111111011111111111100110111100111111100101101111011111110111111110111111101
000000000000000000000000000000000000000000000000000000000000000000000000000000000000000000000000000000000000000000000000000000000000000000000000000000000000000000000000000000000000000000000000000000000000000000000000000000000000000000000000000000000000000000000
111111111101011101011111011001001111110011111111011111011110111111011111111111111111101111111100111110011111111101101111111011101111111111111110101111001111110111111101111010111111101111111110111111101101011101111101011011111011011100111111111111111110101111111
000000000000000000000000000000000000000000000000000000000000000000000000000000000000000000000000000000000000000000000000000000000000000000000000000000000000000000000000000000000000000000000000000000000000000000000000000000000000000000000000000000000000000000000
111001111010011111010110011110111111100111011111111111110111010101111111101111011111100111110011010111011000101110011111110011110101110111111111011101110011101110011100111111111111111011011110111111101011101011111101111011111101110111110110111011001111111111110
000000000000000000000000000000000000000000000000000000000000000000000000000000000000000000000000000000000000000000000000000000000000000000000000000000000000000000000000000000000000000000000000000000000000000000000000000000000000000000000000000000000000000000000
111110101101111110010111111110110011111111110010110101101001101101100110001111111111111111010001111111001111010001011111100110111101110001111111100100101111111110010101110101111110111101111011110011111101111111111111110111011101101111111011111111111101001101111
000000000000000000000000000000000000000000000000000000000000000000000000000000000000000000000000000000000000000000000000000000000000000000000000000000000000000000000000000000000000000000000000000000000000000000000000000000000000000000000000000000000000000000000
111111111101111111111101111000001011111101111111111111101111111011101111111101011110011011111101111101100101101110111011001000111111001100111111100011011001111111010111111111001111111011111010101011101111110110111110110111000011111110111101011111111001111111000
000000000000000000000000000000000000000000000000000000000000000000000000000000000000000000000000000000000000000000000000000000000000000000000000000000000000000000000000000000000000000000000000000000000000000000000000000000000000000000000000000000000000000000000
111111101111101111010111111111111010011011111111111001000110001101001110101110101001111111111111111011111110111110110010111001111101111111111111010111001111111111101110110010111110101111111011111110111001101111101101001011010111001110110111111101111011101000101
000000000000000000000000000000000000000000000000000000000000000000000000000000000000000000000000000000000000000000000000000000000000000000000000000000000000000000000000000000000000000000000000000000000000000000000000000000000000000000000000000000000000000000000
011110110110111110001111100110110111011100001110111011111111011001111111110011110111101111111110101110111101110110110111110010111111110111111111010011111011110101111111111011111111011011111111011111101111010111011110111010100111101111110111111111111001101010111
000000000000000000000000000000000000000000000000000000000000000000000000000000000000000000000000000000000000000000000000000000000000000000000000000000000000000000000000000000000000000000000000000000000000000000000000000000000000000000000000000000000000000000000
111111111111110101101111101111111001011100111110111111010011001110110111011110011111011111111111111110101110011101011111011111110111110111111111100110111011111110111111111111111100101111111111101110101111101100010011011101110010111111111101111101111111111111010
000000000000000000000000000000000000000000000000000000000000000000000000000000000000000000000000000000000000000000000000000000000000000000000000000000000000000000000000000000000000000000000000000000000000000000000000000000000000000000000000000000000000000000000
110101110111100110111011101011110111011111111011101101110111110111100110101101110111111111011110110111011100011010000101001101111110111101111111001011001011010110111110111101101111111110111011110001011101110000010111101111111110111111111111110110000111111011111
000000000000000000000000000000000000000000000000000000000000000000000000000000000000000000000000000000000000000000000000000000000000000000000000000000000000000000000000000000000000000000000000000000000000000000000000000000000000000000000000000000000000000000000
111101100110111101111110001111111111110011111111010110110111101101111000011100100111111011110111110011111110111110111111110110001101111110110101101111111111111100100111011100011111000111100101001111111111011111011001101111110010111001111111101101011101101111111
000000000000000000000000000000000000000000000000000000000000000000000000000000000000000000000000000000000000000000000000000000000000000000000000000000000000000000000000000000000000000000000000000000000000000000000000000000000000000000000000000000000000000000000
111011101101111101101111110101111111100111111101111111110111000111011101010111111111111101111001111001101111111111111111111010001000011111100001111111110101110111111111011100111111101111001111111011011111101000001111110011001101101111001010111001111110111111101
000000000000000000000000000000000000000000000000000000000000000000000000000000000000000000000000000000000000000000000000000000000000000000000000000000000000000000000000000000000000000000000000000000000000000000000000000000000000000000000000000000000000000000000
011010110010011110101011101110111101110111100111111111110011111110101111111111011111111001111011111110001111010110101111110011111011111110111101011111011111110011111111010111001000011111111111111110010111011111101101111111111011110111111011110111110111111100111
000000000000000000000000000000000000000000000000000000000000000000000000000000000000000000000000000000000000000000000000000000000000000000000000000000000000000000000000000000000000000000000000000000000000000000000000000000000000000000000000000000000000000000000
010111111111101010111110001101011001101111111111111101111110101011010000000111001101111101111111111111111110011011011111001100011111110111111101111001011010011111111011111000111011111010101110110111111010001111111011110101101110101111111011111101000111110111101
000000000000000000000000000000000000000000000000000000000000000000000000000000000000000000000000000000000000000000000000000000000000000000000000000000000000000000000000000000000000000000000000000000000000000000000000000000000000000000000000000000000000000000000
111011111111110011101010111001101111011101111111111011011111001000011010111111111111111001111110011110101100111011111111111111101010111101111110111011111111111100101010111111111110111110010101010111111100111010011001011011001111111010011101110011101100110111011
000000000000000000000000000000000000000000000000000000000000000000000000000000000000000000000000000000000000000000000000000000000000000000000000000000000000000000000000000000000000000000000000000000000000000000000000000000000000000000000000000000000000000000000
111111010111011101011011101111111111101111111111010101101011110111111010111011111111101111001111101011101011011100010101101110011010111111111111101011111110111111111111010000011101100010110011110111111111011111111111101110101111011110111111111010111111101111011
000000000000000000000000000000000000000000000000000000000000000000000000000000000000000000000000000000000000000000000000000000000000000000000000000000000000000000000000000000000000000000000000000000000000000000000000000000000000000000000000000000000000000000000
111111101101111111111111111101111010011000111110111010111111111101110111110101101110101111110111011110111111101110111111011111111110111101111111111111001110111010101101111111011010111011010100111010111010111111111011111111111111111111111001111111111111101111011
000000000000000000000000000000000000000000000000000000000000000000000000000000000000000000000000000000000000000000000000000000000000000000000000000000000000000000000000000000000000000000000000000000000000000000000000000000000000000000000000000000000000000000000
101011111111010111111111010011001111101011101111001111110111111111111111110011110110111101110101011111111011111111111100111101100101111001111100011110100101011110110001111011110111110011111101101101011111011101101100110101001111111110111101111000111001111100111
000000000000000000000000000000000000000000000000000000000000000000000000000000000000000000000000000000000000000000000000000000000000000000000000000000000000000000000000000000000000000000000000000000000000000000000000000000000000000000000000000000000000000000000
011111101100011011101111010011101111111111111111111010101011110111111111111111011111011101111101001111111011101111111011111111100001011110110111110101100110001101111101111110011011111010111011110111111101101111100111100111111111101111101111111101011111110111111
000000000000000000000000000000000000000000000000000000000000000000000000000000000000000000000000000000000000000000000000000000000000000000000000000000000000000000000000000000000000000000000000000000000000000000000000000000000000000000000000000000000000000000000
001101001111001001011101101101110001110111111111110110010111110111011111110101111011010111111110110111101111011111011100111011111101101101101100111111111111100111110110110110011111111111001001111010110111110111010011111100101100111101111111111111111111101111111
000000000000000000000000000000000000000000000000000000000000000000000000000000000000000000000000000000000000000000000000000000000000000000000000000000000000000000000000000000000000000000000000000000000000000000000000000000000000000000000000000000000000000000000
111111110111001011111101001111111111111111010001111010111101111111110111111011010011011011001111111100111111111111101111111101101011111111011010111111111111111111010111111011011111111110110100110111110111111101011101110011111010011101110111101111111111111011111
000000000000000000000000000000000000000000000000000000000000000000000000000000000000000000000000000000000000000000000000000000000000000000000000000000000000000000000000000000000000000000000000000000000000000000000000000000000000000000000000000000000000000000000
110101111011101001111111111011111100011101111111111111011100110101111111111100111111011111111010111111100111111101011100100101011110111111101111110111100001110011110000111110111111111110111011011111111110111111011010111111110111110101111111111111101001111011110
000000000000000000000000000000000000000000000000000000000000000000000000000000000000000000000000000000000000000000000000000000000000000000000000000000000000000000000000000000000000000000000000000000000000000000000000000000000000000000000000000000000000000000000
101101010101110101111011110111010110111011001110111111011111111111111101111011011111010111111111111110110111110100101010111111010011101111111100111101111011101011101111011111111111101111001101110111101111011110111001111011011101101110111111111111110011100011111
000000000000000000000000000000000000000000000000000000000000000000000000000000000000000000000000000000000000000000000000000000000000000000000000000000000000000000000000000000000000000000000000000000000000000000000000000000000000000000000000000000000000000000000
111111111111101110110011111010011111101111111101111101110100011111111111111001111111111011101111110101111111010001011011111111101111101011100111111101100111111101111011011101010110111010110111111111101010101111111011101111011010101101111111110110011110101111111
000000000000000000000000000000000000000000000000000000000000000000000000000000000000000000000000000000000000000000000000000000000000000000000000000000000000000000000000000000000000000000000000000000000000000000000000000000000000000000000000000000000000000000000
110111001010110100111110110011101111100011010100010100011101110110101110111011011111101110110110011111001110101111001101110111110110111111101011011111110010110111101111111101101110011101010111111011111111011111111010101010111100111011111100111011011111010001111
000000000000000000000000000000000000000000000000000000000000000000000000000000000000000000000000000000000000000000000000000000000000000000000000000000000000000000000000000000000000000000000000000000000000000000000000000000000000000000000000000000000000000000000
011111110111100111111101110101000110111101001101001101111111001111101001111100111011101111111110111110111001101100110111110111111111101111111011111111111010110011100101110111101110101010110110100111101100110100101101111110110111111111110111101110111011111111110
000000000000000000000000000000000000000000000000000000000000000000000000000000000000000000000000000000000000000000000000000000000000000000000000000000000000000000000000000000000000000000000000000000000000000000000000000000000000000000000000000000000000000000000
011101011110111111111111101110110111101011111101111010111010101101101111011001111110111101101110111111110111001111111110111111111111110111100111111111110111001111101011111111111011111111111010111111111111101111001101110111011110111111111111011011101111101110101
000000000000000000000000000000000000000000000000000000000000000000000000000000000000000000000000000000000000000000000000000000000000000000000000000000000000000000000000000000000000000000000000000000000000000000000000000000000000000000000000000000000000000000000
110110101111011011010100101000111111111111101110101111111011111111111001100010111111101101111011101111111111111101110111100011011101111111001101000100111111000111101101101111111010011111110110111111110111111011111010101111111111011111111000111010011110110111111
000000000000000000000000000000000000000000000000000000000000000000000000000000000000000000000000000000000000000000000000000000000000000000000000000000000000000000000000000000000000000000000000000000000000000000000000000000000000000000000000000000000000000000000
111111111101101111111110111101111111111110111110111111111111011111111111010111100111111110110010111111111101110001111111101111111111110110101110100010110110101110100111110011011101100101101100111101110111111101111111111111110011100111111111110001110010111011001
000000000000000000000000000000000000000000000000000000000000000000000000000000000000000000000000000000000000000000000000000000000000000000000000000000000000000000000000000000000000000000000000000000000000000000000000000000000000000000000000000000000000000000000
101011111111011111101001111101101111101111111101110111101001111111111011111011011111011101111001011110101111111100110110111111101110001111111011111101011100111110101011001011101111011110110111111100011110111110101101111010111111011101111101111011111001101011110
000000000000000000000000000000000000000000000000000000000000000000000000000000000000000000000000000000000000000000000000000000000000000000000000000000000000000000000000000000000000000000000000000000000000000000000000000000000000000000000000000000000000000000000
100111111011111011111110010111010110111111111101111110101111110111111111111111110100111111101111111111100111111111111111101101101011011110111101111101011011110011110101011110110111010011100101110101111011111111100100111101111000010001011111010111110101100111011
000000000000000000000000000000000000000000000000000000000000000000000000000000000000000000000000000000000000000000000000000000000000000000000000000000000000000000000000000000000000000000000000000000000000000000000000000000000000000000000000000000000000000000000
111111111100100010111111101111011101111011011111011001101100111011111011111001110011101010111100111111110101010001011010110110111111111011111111011101011011101110110111111111011011011111110110111011011111111010111110110110001101001011001111111111101011110111011
000000000000000000000000000000000000000000000000000000000000000000000000000000000000000000000000000000000000000000000000000000000000000000000000000000000000000000000000000000000000000000000000000000000000000000000000000000000000000000000000000000000000000000000
011101111111111101111111010111111111110101111010100111000111101011110111101100100111110110110100011100111101110101110110111001111111011011111111111011110111110011011101001110110110111100101110111110111111001001111111011111111111111110110101111111100010111010111
000000000000000000000000000000000000000000000000000000000000000000000000000000000000000000000000000000000000000000000000000000000000000000000000000000000000000000000000000000000000000000000000000000000000000000000000000000000000000000000000000000000000000000000
111011101111111111011111110010101101110101111011111101111111010110111011111101111011001000110011101111111011101101000111011010001111111101011101110001111110011011010111111100111001111111101111101111110011111111101111110101111111001110110111111011101111101111101
000000000000000000000000000000000000000000000000000000000000000000000000000000000000000000000000000000000000000000000000000000000000000000000000000000000000000000000000000000000000000000000000000000000000000000000000000000000000000000000000000000000000000000000
101111101111111110011101111111110111111111111111010111011011101011111010111111111111101011110101100111011101011011110110011111101010111011000111111111101100011111010011111110100011111101111111011111110101111111110111011111111010011011111101111111111111111111100
000000000000000000000000000000000000000000000000000000000000000000000000000000000000000000000000000000000000000000000000000000000000000000000000000000000000000000000000000000000000000000000000000000000000000000000000000000000000000000000000000000000000000000000
001111101000110100111110111011110010101111111101100011001111111101101110111111111011110101001111111101010111111110101110111110111111000011101011111111101110111111111011111111011110010001111101101111111111100111110111101011110000111111111111110011101111111101101
000000000000000000000000000000000000000000000000000000000000000000000000000000000000000000000000000000000000000000000000000000000000000000000000000000000000000000000000000000000000000000000000000000000000000000000000000000000000000000000000000000000000000000000
011010111110111111100100111001111110100111010111110011111111111101110101101110111011111111011101100111010110111100111101111110011111101111111111111110111100101101001100110111111111111110111101110001001110110111101111111101001011110011010110111100100111001111110
000000000000000000000000000000000000000000000000000000000000000000000000000000000000000000000000000000000000000000000000000000000000000000000000000000000000000000000000000000000000000000000000000000000000000000000000000000000000000000000000000000000000000000000
111101111111100101101111111000101110111001111111101100000111011111100011111110010111011111001111111110011001111011111100011100100111011111111100011110111100001111010101110111111101111111101101111011011111010111111111111110101111111111111110111011100000111011011
000000000000000000000000000000000000000000000000000000000000000000000000000000000000000000000000000000000000000000000000000000000000000000000000000000000000000000000000000000000000000000000000000000000000000000000000000000000000000000000000000000000000000000000
001110011110011101110100111001111111111111001011101100110011111011111011111110111111101011111111111011011101110111010101111110111111110111110001111110111111101110011111101110111111100110111111010111111101110110100111111101101111011011111100101111101101101111111
000000000000000000000000000000000000000000000000000000000000000000000000000000000000000000000000000000000000000000000000000000000000000000000000000000000000000000000000000000000000000000000000000000000000000000000000000000000000000000000000000000000000000000000
111101101111111110111110101010010111110101001011001001101111110111111110110101010111110111110100111111010110101011001111011101110111010110010111111111111110101011101111111111111101111111111110110111111111101111111011100011001111111111111110101011111011111101110
000000000000000000000000000000000000000000000000000000000000000000000000000000000000000000000000000000000000000000000000000000000000000000000000000000000000000000000000000000000000000000000000000000000000000000000000000000000000000000000000000000000000000000000
111111100010111111111001111011111010111111010111111101100111100111111011101000100111111001001101010100111100111110110010111111111110101101011111101111001110011101111101001101111110111011001110110111111010111001010111101111100111100101111111011111110111111111100
000000000000000000000000000000000000000000000000000000000000000000000000000000000000000000000000000000000000000000000000000000000000000000000000000000000000000000000000000000000000000000000000000000000000000000000000000000000000000000000000000000000000000000000
001111111110101111101111011111111101111101011110100001111010101101111111011101111111111101001101110110111111101111110001111111111110110111101100111110111110110011111100111111111111111101111110011100111111111100111111000101101000110011011111111110101101000100111
000000000000000000000000000000000000000000000000000000000000000000000000000000000000000000000000000000000000000000000000000000000000000000000000000000000000000000000000000000000000000000000000000000000000000000000000000000000000000000000000000000000000000000000
100101011011011111011011111111110101101011011111111001111011011111111001101101111110111001111101011111111011100111111101001111101100111111100101111110111011110100111111011011101111110111000101011110111111111111111111111011110111011110101101100110110010010101111
000000000000000000000000000000000000000000000000000000000000000000000000000000000000000000000000000000000000000000000000000000000000000000000000000000000000000000000000000000000000000000000000000000000000000000000000000000000000000000000000000000000000000000000
011111110000111111111111111101010101110011011100001111101110111111110111111010100011000011111111110110111010101111100111100111011011010011001101101110101100111111111111111110111111101111011101101011010111111010101011110111101111001101101101111011111110111111111
000000000000000000000000000000000000000000000000000000000000000000000000000000000000000000000000000000000000000000000000000000000000000000000000000000000000000000000000000000000000000000000000000000000000000000000000000000000000000000000000000000000000000000000
111110110101010101111010111110010110100111110111001110111100110011011111111111110111101010000001010111111110111100111111111111101011000110101011111111111101110110110100100101001111101111110111111111111111101011110010111011111111101111111111010111001111011100011
000000000000000000000000000000000000000000000000000000000000000000000000000000000000000000000000000000000000000000000000000000000000000000000000000000000000000000000000000000000000000000000000000000000000000000000000000000000000000000000000000000000000000000000
001111110010010111100111111110100111011111111110110111101111111101111001111111001110110110111011111111111101101001001111101111011110111101111100111011111011001011010111110011110111111011111101111101101110011011101110101111110100110101100110011010011111110111111
000000000000000000000000000000000000000000000000000000000000000000000000000000000000000000000000000000000000000000000000000000000000000000000000000000000000000000000000000000000000000000000000000000000000000000000000000000000000000000000000000000000000000000000
001111101110111111101111111101101101011010111101100011101110101011110010100111101111111111111000110110011011111011110111111101111111110101111111111111011011111111111111111010011111111011101111011111011011100101111001111111101101100001111111011011111111111111111
000000000000000000000000000000000000000000000000000000000000000000000000000000000000000000000000000000000000000000000000000000000000000000000000000000000000000000000000000000000000000000000000000000000000000000000000000000000000000000000000000000000000000000000
111011110001111110011111001111110110111111111111111111111111001111111110111110101111111101011101111001111101011101111111101111110010111001011111100111111011111111010110111100111110111000110111111111111101011011101111111101101101111010111010101111011100111011111
000000000000000000000000000000000000000000000000000000000000000000000000000000000000000000000000000000000000000000000000000000000000000000000000000000000000000000000000000000000000000000000000000000000000000000000000000000000000000000000000000000000000000000000
011110111110111101011111111011011110111101111111101011011111011101111111011001111011100111111100111110111101101111111011111110110010101110101111111111011101011110111111111101110111111100111111001111111111111011110100101011110111111110110111101101000101111111110
000000000000000000000000000000000000000000000000000000000000000000000000000000000000000000000000000000000000000000000000000000000000000000000000000000000000000000000000000000000000000000000000000000000000000000000000000000000000000000000000000000000000000000000
101010010111110111111111111111101111001011110111111001111100111111111010101111101111111111111110111110111100111111100111110110110111101001111111111111111110111110001110111111101100011111011111110001011111001011011101111100101111101111001101001010111111111011101
000000000000000000000000000000000000000000000000000000000000000000000000000000000000000000000000000000000000000000000000000000000000000000000000000000000000000000000000000000000000000000000000000000000000000000000000000000000000000000000000000000000000000000000
101110111101111110000011101101100101110110101110111111110111111101001110011111001111110110111011011011110110111111010111110010110110000111011001110111100111011110001101111111111101101111101010111010110101111101111010111110010000001110111111011111011111111011011
000000000000000000000000000000000000000000000000000000000000000000000000000000000000000000000000000000000000000000000000000000000000000000000000000000000000000000000000000000000000000000000000000000000000000000000000000000000000000000000000000000000000000000000
111110111111110111111111111111011110001010111111010111001111111111111011011110111100100100110100111110010110111101101111011111001011110110101111111011111101011111111111101011111101111011001111111111101001101111011111110111111111010100101111101011110110111001000
000000000000000000000000000000000000000000000000000000000000000000000000000000000000000000000000000000000000000000000000000000000000000000000000000000000000000000000000000000000000000000000000000000000000000000000000000000000000000000000000000000000000000000000
110101111111110111111101110110111011111111110000111111111110110111111111110111111111011111110111011010111101111111111111111101110110000111100110101011101111011101000001011101111011111111111011110101001101001111111110101010111011111010100110111110101111101001100
000000000000000000000000000000000000000000000000000000000000000000000000000000000000000000000000000000000000000000000000000000000000000000000000000000000000000000000000000000000000000000000000000000000000000000000000000000000000000000000000000000000000000000000
110111110110100011011100111101011000100101011111101001111011101111110100011011111111111110110111101110010110110011111101111111101111110111111110001011111101110111111111111101111111111111111011111100001101101111011111111010011111111111111111011111010111111010100
000000000000000000000000000000000000000000000000000000000000000000000000000000000000000000000000000000000000000000000000000000000000000000000000000000000000000000000000000000000000000000000000000000000000000000000000000000000000000000000000000000000000000000000
101111101011011110011111111101101101111110011111011111000111110010111111111001010011111110111111110111011100111110101110110111101111111111101111111111000011011110111011111101011111101111110111111011101110011111101110011110111101011001111111111010110111011111111
000000000000000000000000000000000000000000000000000000000000000000000000000000000000000000000000000000000000000000000000000000000000000000000000000000000000000000000000000000000000000000000000000000000000000000000000000000000000000000000000000000000000000000000
111111111101110111101111011010010101111110111111110111101011111101110111111111111110110110111011011111111011011101101111111100011110101101111111101111100110111001111111101110011111111011101101111010011000010011100111110111111101111010111011111101111110101101111
000000000000000000000000000000000000000000000000000000000000000000000000000000000000000000000000000000000000000000000000000000000000000000000000000000000000000000000000000000000000000000000000000000000000000000000000000000000000000000000000000000000000000000000
111110100011111111110111110101001101111101111111101101111111010001110111000111011101111101001110100111111111100011100111111011001110100011011111101101011100110011010100101110111110111111110101110111111010111111111111011111100111111111111111101111111111111110111
000000000000000000000000000000000000000000000000000000000000000000000000000000000000000000000000000000000000000000000000000000000000000000000000000000000000000000000000000000000000000000000000000000000000000000000000000000000000000000000000000000000000000000000
001001111110111101011101111011010001111111100111111111101111001110111111111111110110101111011101111111110011111111111011010011111100001011111010110111001111111110011111010111111101111010111011111111110111011111000101111101010110011111100110111100100010111111110
000000000000000000000000000000000000000000000000000000000000000000000000000000000000000000000000000000000000000000000000000000000000000000000000000000000000000000000000000000000000000000000000000000000000000000000000000000000000000000000000000000000000000000000
110111110010010111111011111011111111101010011100111110111110111111111010111110111110101011101000001111111101111110011110111111111111001110111111111110011111011111111111111010001110101101111101111111011111101111111101011110111010111110111100011101111100011111111
000000000000000000000000000000000000000000000000000000000000000000000000000000000000000000000000000000000000000000000000000000000000000000000000000000000000000000000000000000000000000000000000000000000000000000000000000000000000000000000000000000000000000000000
111110110010011110111110111101011001110110010111111111111111111110001101111110011010111100101111111110000111111101111111111110110111110111111010011110111110111110010111111111011111010101110111101100101111011111011111010011101110101011111111011111101111001111010
000000000000000000000000000000000000000000000000000000000000000000000000000000000000000000000000000000000000000000000000000000000000000000000000000000000000000000000000000000000000000000000000000000000000000000000000000000000000000000000000000000000000000000000
001111011010111110001111111101101111111100011111011110011001011110111111011100111011111101111111101011111101001011011110111011101110011111111101011011011110011111111111111111011111000111001111001011101111110011010111111110111110111111111011111110111100010011001
000000000000000000000000000000000000000000000000000000000000000000000000000000000000000000000000000000000000000000000000000000000000000000000000000000000000000000000000000000000000000000000000000000000000000000000000000000000000000000000000000000000000000000000
011111111111111010111111111111111111010111011111111111111111111111100111111111101110110111110111011010111111011011001101110101101101011101111011110111111101110001001011111101111111011111111110101100111111110000111101111111111001111100111111011110111111001101111
