94 1
1010101000101010100000101010001000101000000000101010101000101010101010101010101010101010101010
0000000000000000000000000000000000000000000000000000000000000000000000000000000000000000000000
1010101010001000000010101010101000101000100010101010101010001010000010100000000010101000001010
0000000000000000000000000000000000000000000000000000000000000000000000000000000000000000000000
1010101010100010101010100000101010101000101010100000101010100010100000001000001010100010101010
0000000000000000000000000000000000000000000000000000000000000000000000000000000000000000000000
1010101010101000101000101000101010101000101000100010101010101010101000001010101000101010101010
0000000000000000000000000000000000000000000000000000000000000000000000000000000000000000000000
1010000000101000100010101000001010101010001000001010100010001010101000100010101010101010101010
0000000000000000000000000000000000000000000000000000000000000000000000000000000000000000000000
1010101010101000001010101010101000101000100000100010101010101010101000101010001010101010100010
0000000000000000000000000000000000000000000000000000000000000000000000000000000000000000000000
1000100000001010001010101010101010101010101010100000101010101010101000101010101010100010101010
0000000000000000000000000000000000000000000000000000000000000000000000000000000000000000000000
1010100010100010001010101010000010101010101010001010101010001010001000101010101010001000101010
0000000000000000000000000000000000000000000000000000000000000000000000000000000000000000000000
1010101000101000101000101000001010101010101010100010100010001000001010001010101000001000001000
0000000000000000000000000000000000000000000000000000000000000000000000000000000000000000000000
1010101010101000101010101010101010101000101000100000101010101010001000101010101010101010100000
0000000000000000000000000000000000000000000000000000000000000000000000000000000000000000000000
1010100010101010100000100000101010101010100010100010100010001010001010101010000010001010100010
0000000000000000000000000000000000000000000000000000000000000000000000000000000000000000000000
1000101000000010101010100010101010101010101010001010101010001010100010101010000010001010101010
0000000000000000000000000000000000000000000000000000000000000000000000000000000000000000000000
1010100010100000101010001000001000101010101010101010001000101010101010101010001000100010100010
0000000000000000000000000000000000000000000000000000000000000000000000000000000000000000000000
1010101010101010001010001010101000101010101010101010101010101000001010001010101000101010100010
0000000000000000000000000000000000000000000000000000000000000000000000000000000000000000000000
1010100010000010101000100010101010001010101010101000101010100000101010101010101010101010100010
0000000000000000000000000000000000000000000000000000000000000000000000000000000000000000000000
1010100000100010101000100000000010101010101010001000100010101010001010001000101000001010101000
0000000000000000000000000000000000000000000000000000000000000000000000000000000000000000000000
1010101010101010101000000010001000101010101010101010100010101000101010101010101010101010101010
0000000000000000000000000000000000000000000000000000000000000000000000000000000000000000000000
0010101010001000001010001010001010100010100010101000100010001000100010100010100010101000100010
0000000000000000000000000000000000000000000000000000000000000000000000000000000000000000000000
1010101010001000000010101010001010100010101010001010101010001010001000101010001010101000100010
0000000000000000000000000000000000000000000000000000000000000000000000000000000000000000000000
0000101010000010101010100010101010001010101000000010001000100010101010100000001000100000100010
0000000000000000000000000000000000000000000000000000000000000000000000000000000000000000000000
0000001010101010101000001000101010100010101010000010001010100010101000101010001010001000101010
0000000000000000000000000000000000000000000000000000000000000000000000000000000000000000000000
1010100010101010000010101010101000100010101010100010100010101010101010001000001000100010101010
0000000000000000000000000000000000000000000000000000000000000000000000000000000000000000000000
1010100010100000101000100010101010101000101010101010101010100010100010101010101010101010100010
0000000000000000000000000000000000000000000000000000000000000000000000000000000000000000000000
1010101010101010101010101010101010101010001010001010100000101010101000101010101010001010001010
0000000000000000000000000000000000000000000000000000000000000000000000000000000000000000000000
1010001010001000101000101000000010101010001000000010001000001010101010001010101000101010101010
0000000000000000000000000000000000000000000000000000000000000000000000000000000000000000000000
1010101010101000101010101010101010101010101010101010001010001010101010101010100010101010101010
0000000000000000000000000000000000000000000000000000000000000000000000000000000000000000000000
1010101000001010101010101000100000101010101010101010001010101000001000101000001010000010101010
0000000000000000000000000000000000000000000000000000000000000000000000000000000000000000000000
1000001010000000100010001010101010101010100010101010101010101010101000101010100000101000101010
0000000000000000000000000000000000000000000000000000000000000000000000000000000000000000000000
1010001010100010001010101010001010000010101010101010101010101000001010000000100010101000000010
0000000000000000000000000000000000000000000000000000000000000000000000000000000000000000000000
1010101010001010101010001010000010101000101010101010001010101010001010001010101000101000001010
0000000000000000000000000000000000000000000000000000000000000000000000000000000000000000000000
1000001010101010101010001010101010101010001010101010101010101000100010001010101010100010001010
0000000000000000000000000000000000000000000000000000000000000000000000000000000000000000000000
1010101010000010101010101000101010101010101000101010101010101010101010101010101000101000101010
0000000000000000000000000000000000000000000000000000000000000000000000000000000000000000000000
1000100010101010001010101010101000001010101010101010101010101010101010001010101010000010101010
0000000000000000000000000000000000000000000000000000000000000000000000000000000000000000000000
0010101010101010001010101010101010001010100010101010001000001000101010101010101010101000100000
0000000000000000000000000000000000000000000000000000000000000000000000000000000000000000000000
0000101010100010101010101010001000001010101000101010100010101000100010101010000010101000101010
0000000000000000000000000000000000000000000000000000000000000000000000000000000000000000000000
1010101000101010101000101000101010001010101010100010100010101000000000001000101010100010101010
0000000000000000000000000000000000000000000000000000000000000000000000000000000000000000000000
1010101010001000001010101010101010001010100000001010101000101000001010101010101010000010101010
0000000000000000000000000000000000000000000000000000000000000000000000000000000000000000000000
0000101000101010100010100010101010101010101010100010101010101000000000001010100010101000000010
0000000000000000000000000000000000000000000000000000000000000000000000000000000000000000000000
1000101010001010100010001010001010001010000010101010001010101010100010001010101010001000101010
0000000000000000000000000000000000000000000000000000000000000000000000000000000000000000000000
1010101010000010001010101000101010101010101010000010100010101010101000101010101010101010001000
0000000000000000000000000000000000000000000000000000000000000000000000000000000000000000000000
0010101010100010101000000010101010101010000010101010101010101010101000101010100010101000001010
0000000000000000000000000000000000000000000000000000000000000000000000000000000000000000000000
0010001010101010100000101010100010100000101010000010101000001000101000101010101010101010101000
0000000000000000000000000000000000000000000000000000000000000000000000000000000000000000000000
1010101010101000101010101010101010101010101010001010100010001010101000101010001010100010101010
0000000000000000000000000000000000000000000000000000000000000000000000000000000000000000000000
0010000010101010100000000000000010100010001010000000101010101010101010101010101010101010101010
0000000000000000000000000000000000000000000000000000000000000000000000000000000000000000000000
0010101010101010000010101010100010101000100010001010101010100010100010101000101010101010001010
0000000000000000000000000000000000000000000000000000000000000000000000000000000000000000000000
1010101010100010001010001010101010101010101010101010101010000010001010001010101010100010101010
0000000000000000000000000000000000000000000000000000000000000000000000000000000000000000000000
1010101010101010101000101010001000101000101000101010101000101000101000000000101010101010100010
0000000000000000000000000000000000000000000000000000000000000000000000000000000000000000000000
