4889 4800
3230 3995 671
3565 4527 8751
333 1768 9537
4101 4186 5411
1436 2186 7395
191 2419 6221
929 2409 5589
2534 3190 1629
1703 2465 9049
623 3250 9101
285 4581 2161
2712 3244 4425
259 4496 575
2749 3949 3646
1084 1691 8551
1207 2941 1827
1696 3023 5106
99 4704 1737
962 1860 3001
1495 3078 8310
269 1832 7670
2967 3795 2787
2519 3135 7292
176 1975 5137
701 3449 713
1726 3706 5247
579 3659 3381
628 4676 6014
1256 3633 4701
1100 3712 8497
4305 4684 2894
2053 3935 3381
1741 2671 3580
1686 4424 7519
634 3979 3467
1798 2924 8636
1305 3249 2969
110 3413 5885
3152 4745 6067
1391 3728 9406
1599 4383 897
188 1691 9901
1507 3112 3680
1282 4481 4017
2412 2747 957
213 3546 7910
1661 1828 6955
4443 4659 3336
1808 4614 2681
2321 4443 8717
390 4680 2422
2827 2872 8073
1287 3143 1014
2717 4774 5857
2188 4728 6777
2116 2662 655
1887 3693 4293
761 1354 8293
1636 3412 611
2749 4694 8989
4272 4713 6571
60 1175 9926
377 2548 1169
1927 2202 3481
514 2873 7585
139 3205 4481
3269 3749 9275
725 4864 1167
1392 4169 8621
259 995 7618
3098 3211 5489
1258 2991 8325
2678 3076 1533
3189 4097 1329
634 872 5681
1444 4226 3558
2515 4883 561
839 3173 7691
2099 2915 3151
3772 4177 9561
209 1316 6027
63 1546 9369
2199 4099 5301
4590 4755 1077
630 4656 4462
1311 4869 4479
3400 4603 7901
476 2809 5291
3875 4086 3341
502 1714 4761
2742 3629 3545
1915 4016 1974
192 1344 7117
3693 4837 3001
1105 1664 1571
3612 4792 7387
1662 1972 5849
1226 2769 6744
2314 2784 1275
3179 3646 2336
2085 3816 9332
677 1355 7071
1886 2581 9965
1185 4776 5899
209 648 1984
773 1759 3993
233 3100 1958
100 4605 973
1823 4192 2717
1445 4164 2627
476 3525 5614
2016 3216 3473
1425 1785 9889
3003 4031 4481
579 3395 1268
781 1520 697
1000 4315 3663
3447 4546 8521
906 4152 4683
2594 4218 5869
1797 2239 6633
392 3802 1702
895 1522 787
1239 4477 9341
477 2297 3073
547 2199 8281
942 1898 546
2470 4143 596
2946 2997 857
1716 4125 8993
698 2506 3229
1718 2455 4080
1385 2268 6251
1847 2903 8529
2782 4569 9663
330 369 2621
273 3042 9867
107 670 7697
1374 1448 536
2966 4070 1301
1594 4403 6465
1779 1812 4751
3067 4659 3758
2816 4574 6042
2338 3595 3079
2166 2503 6080
433 588 4794
4470 4747 6691
8 498 5160
3992 4143 405
2855 3181 8780
193 4540 5849
1112 4486 782
299 4246 8821
748 4180 7402
2864 3962 4101
797 1465 5788
3903 4065 8739
3510 4524 4053
4245 4743 2121
1359 4051 2881
466 3405 9785
97 670 4177
2934 3652 4412
2231 4597 675
3153 4159 5967
1703 1724 7992
1568 4149 6549
1214 1467 3761
726 2709 5121
92 2585 3971
996 3615 4412
414 3033 4257
4597 4869 5129
1517 1942 5951
205 1882 4345
515 3303 8521
472 4343 3527
1828 3787 9309
2718 2950 2685
592 3642 351
3556 3998 3656
2683 2880 553
4287 4812 2354
3877 4305 3601
2592 4689 6228
2380 2430 8261
399 501 4301
174 1060 5032
1382 1574 6674
115 3278 476
3482 4115 4281
811 3508 2751
2123 2699 2576
60 1172 7201
1548 3336 6466
2662 3293 3783
3816 4477 7551
2980 4205 6494
1829 3816 9561
2888 4790 8969
1005 2015 1643
364 905 7601
2184 2667 3343
118 2353 69
3825 4161 855
942 1307 5111
3447 4422 5660
1473 3666 241
2504 4276 1051
734 2025 7050
82 3205 2271
392 2637 7045
2449 3873 6008
14 4805 4401
860 2690 1743
2097 3732 143
845 4432 2693
3295 3575 2759
3377 3723 9802
566 3648 252
1028 3243 1431
84 3809 8963
280 2511 3539
4138 4781 3221
1452 2634 2656
3221 3976 6900
2224 3929 2788
953 3163 3745
3143 3564 5025
621 4314 8051
1211 4683 2926
708 2729 2008
2505 4097 6795
869 3327 6001
68 3343 7938
399 2413 4225
3616 4103 3361
398 3066 2301
896 1344 7686
323 4663 8221
2663 4003 4292
58 1316 5533
698 4475 2379
2816 4307 984
122 1804 4244
281 3654 2261
555 3547 1589
4165 4507 177
245 4516 3469
99 2741 7257
438 590 2913
248 4656 7589
1031 1803 8393
2895 4395 4913
4428 4871 896
3906 4377 7559
819 4373 3766
54 2451 3533
3807 4082 7393
3659 4641 5601
439 3571 1696
703 2585 9309
460 4031 9041
292 994 5115
2864 3493 31
3035 3113 8610
741 1310 1531
883 1430 2593
349 621 7717
2539 3426 5717
3797 3859 2751
1415 3103 5952
817 2411 7733
2631 2712 6987
1660 2742 1700
3085 3416 6711
635 3882 7331
1089 1609 5803
1640 2869 8241
675 3732 2955
3380 3579 733
53 620 3822
1432 1813 2321
3779 4739 2701
1651 2478 4299
2278 2539 591
1102 2354 3803
1167 1614 289
2640 3702 5901
2383 3985 7197
33 2609 7789
1340 1664 7242
454 2652 5665
616 1009 7701
2824 3821 4952
2277 4400 917
2374 4680 573
2317 4390 8755
416 1758 1086
968 4508 9694
177 4577 8901
2384 4121 3661
1925 3455 9545
1739 2087 1697
3308 3854 1425
1598 3897 261
559 2039 3491
1556 3463 7657
653 3214 7307
1975 2381 5711
385 958 8241
813 2374 1841
2662 4641 7785
2374 4166 8701
1290 3932 843
512 2889 6921
743 4652 1566
392 927 7743
1150 3455 3961
262 1736 2297
825 1321 9641
3326 3943 6547
744 3589 9249
1945 4475 8426
412 429 7092
247 2760 3216
52 2170 3861
537 3724 8531
2766 3947 7992
1356 4239 4159
633 3341 5573
1358 2178 8551
381 3701 2605
3166 3701 3976
217 2119 5851
3068 4300 5761
1739 4114 4881
327 1271 5574
364 710 641
67 1729 5740
657 3582 9121
3964 3991 2585
3009 4785 3256
3003 3409 3581
2149 2838 1013
1941 4812 4577
2292 3201 2526
1409 1730 3829
2994 3910 963
1547 2178 2281
277 3157 2769
2218 2934 6849
382 4169 6885
1291 2789 2337
1772 4858 7841
618 1813 4831
1882 2551 2776
460 1742 5811
1678 4785 4116
555 1004 4248
1556 2043 2427
951 2017 3493
2181 4390 1345
1156 2479 3533
890 3446 5125
2919 4721 9216
531 3770 5408
1381 2379 49
3193 4145 6431
2734 3302 9083
1071 3971 2161
1744 4172 7441
1068 3283 7199
1569 3024 6405
404 774 5751
412 4663 9652
515 652 2021
900 4767 7293
1670 2067 411
2012 4829 8449
1441 1446 533
3422 4052 1457
539 754 3875
3759 4780 4701
3043 3508 6973
1190 1269 9177
334 589 6051
471 1752 9940
503 1063 3571
1933 3233 1091
3829 4581 5016
3488 4023 9825
4590 4679 3749
2101 3925 5201
860 2588 6339
976 3373 7879
2681 3017 1808
3585 3884 3097
307 2364 7147
498 4777 2193
4061 4883 2047
1025 2298 6799
3683 4804 7717
1205 2112 4266
3878 4187 8809
1414 3826 2425
1826 2526 2050
78 3947 4965
1059 4414 5425
2564 4495 4266
3057 4382 8041
583 3871 4353
1442 2094 2737
3097 3714 2496
1654 2184 6228
3717 4101 1041
1495 3809 8209
623 1022 7761
1413 2793 5555
193 971 7150
3191 4228 4158
291 2549 7433
1427 3883 5194
3215 4767 6861
1401 2769 3601
259 3711 3079
1111 1737 921
245 2270 8701
255 923 5716
167 850 7585
2358 3226 6713
2811 4348 6372
1521 3003 9377
1316 1758 193
1622 1775 8905
66 3406 6401
445 3919 7151
11 1596 3420
809 1460 3721
2920 4020 2196
1585 3454 5611
88 2195 9923
234 4830 8911
323 904 2865
916 4486 2426
405 3908 3341
268 2200 4665
1047 2592 1575
1361 1429 9540
3298 4679 7254
749 1025 1731
3814 3871 5537
2792 3381 197
2283 4804 9975
694 2703 7072
2255 2836 1843
3764 4244 3566
189 2514 2117
2318 3589 5591
1293 2462 9605
422 4411 5719
3691 4792 3061
700 4695 4441
2831 4670 2829
972 4021 8064
3493 3706 201
1571 4783 2586
3873 4353 6426
844 1793 4942
684 1574 9226
991 3691 4625
2514 4099 4307
1452 2619 4861
2899 4660 8071
561 684 2941
2193 2699 5561
1742 1950 5637
631 1060 6401
1083 3119 5126
149 801 2861
4160 4409 1523
2998 3029 6539
1015 4541 9489
444 1188 4886
465 528 2003
1292 4646 1201
1548 4089 3625
1152 2656 389
3991 4519 2888
2841 4590 3771
910 3430 5516
874 3173 5633
3927 4692 3973
1793 3796 1610
1879 1985 581
3163 4132 8105
164 1500 7013
2293 2804 755
743 3898 6153
3433 4749 2339
3187 3449 1441
129 4362 7101
1660 1854 3353
1170 4038 9579
1661 3449 969
714 2820 8391
2805 3886 4611
1801 4277 3901
101 2224 4525
1432 2136 180
727 2553 7391
2437 4881 2273
767 1074 3569
3135 4289 2351
3756 4476 1674
1490 3744 4411
213 3427 4685
311 2423 1048
2774 3848 307
1373 3069 6837
65 3053 4489
539 3216 1373
679 1036 1651
95 525 6433
2199 4092 8534
1909 2857 1917
325 1302 7941
1725 4836 3025
164 251 8181
180 4089 3568
1427 3121 3159
1132 4220 3048
1602 2780 7275
2478 4643 4051
963 4071 8163
2346 4003 8373
2882 4748 5915
2599 4019 6766
1823 4599 7901
72 228 9361
1295 2765 8733
2329 2846 3481
3571 3580 5169
1501 2867 1101
976 1982 1601
1151 2351 3041
2593 2614 670
2832 3650 6141
1900 2562 2827
85 1896 9973
546 1738 6407
627 1410 6281
2517 2773 6921
896 3803 9401
1105 2179 7223
2327 4062 9737
3376 3786 750
4351 4409 5159
1858 4546 5541
2799 3230 3296
426 4401 9573
2172 4744 1301
2539 3136 4021
659 3148 565
2267 4413 5146
2273 4527 3801
401 1994 463
216 3672 1847
1005 2725 6751
37 2274 5071
1494 2615 9665
438 2631 1401
1205 3089 3062
1382 3488 8265
707 2797 8681
1240 1280 8226
2649 2779 5086
1266 2109 8181
2996 3047 4332
1326 4868 779
3204 4835 6113
2698 4223 2821
2739 4816 6181
556 4545 1089
346 357 7693
600 4045 423
832 1892 2526
2283 2756 730
87 3723 2281
464 1816 6501
300 4599 131
547 4270 3476
244 2035 9427
422 3272 9801
2662 3199 4511
1993 2846 977
1025 1941 2835
2103 4477 3982
2946 3409 4057
976 3901 8583
399 412 8857
3028 3582 4329
1455 1632 2947
3182 3480 6182
1732 2776 4469
3682 3913 2151
16 2145 3517
821 4700 3362
679 3861 7789
503 2600 4993
948 3710 4637
451 1063 4687
2332 4229 8901
3243 3419 9458
789 2330 3605
3522 4503 2855
1791 3192 2217
2637 2737 7518
847 2675 6021
1992 3202 1327
1327 4510 3985
1217 4309 4275
2529 4457 1107
1568 3726 9713
2103 3586 2656
1970 2799 4249
1078 4587 7741
282 4504 3601
2060 3764 9471
1042 2732 310
107 4232 8762
1376 4255 7833
1103 1258 8491
514 4807 5183
2941 3968 9926
3010 3120 6223
2596 3168 8545
92 4441 5641
416 4484 807
1785 3600 5595
59 1094 4884
1381 4543 9797
3243 4566 8881
3422 4517 5329
2149 2291 3174
3024 4392 9026
458 2822 5234
663 3920 4335
3701 4308 979
1050 1219 852
2908 4768 4028
1695 2789 7800
4255 4313 8377
367 4195 3201
1072 2631 2171
2018 3569 8411
3625 4803 8866
683 3712 1825
4325 4680 8993
898 1335 8301
920 4817 6870
1824 1937 5521
1442 1993 5721
3234 3740 4726
2991 4610 6861
3729 4612 4634
729 2367 4685
3033 4475 5297
1133 4889 4471
1004 4460 29
596 2572 2240
4058 4460 7081
2275 3244 449
1902 4052 3543
3291 3321 5089
1676 1765 3841
1080 3501 9259
2395 2553 1423
2440 3398 3672
1444 4726 8281
2717 4741 7182
1274 4208 1173
2675 2826 3952
407 3513 1209
105 2975 6969
536 1537 3125
2251 3134 9603
3140 3232 1051
4645 4726 8651
3341 4783 2506
2128 4797 3991
1033 4724 5047
1356 2362 2881
1629 2902 5240
2646 3008 2055
2538 3982 6561
1392 4407 8510
1056 1756 1353
2580 3172 3921
3168 3918 4343
2222 4264 3586
1016 1490 4021
427 3092 381
1381 1644 9885
1661 4089 4845
275 4493 4316
1785 4486 9415
2198 4645 1004
1143 4480 3385
2298 3150 3379
1096 2709 4723
1028 4696 5605
1012 4149 6784
3114 3610 6952
3521 4090 3139
1303 3475 7777
1654 3469 9281
1807 4333 9257
4747 4797 7936
255 3587 4421
2563 2604 209
1913 3287 6611
95 1281 1801
2358 2464 5504
1130 2091 409
3593 4477 4826
529 1321 9859
1663 2741 8225
2551 2552 2289
1506 2272 6325
3855 4553 6749
234 4178 9989
358 3246 4635
201 3514 2407
166 3651 3211
391 2442 7591
499 3573 6071
634 3701 3511
2098 3273 1321
2617 3095 5321
343 4822 5081
2154 3522 1215
1072 3645 6665
1589 1916 4821
440 2147 1017
2960 4698 5191
2439 3754 241
1786 4502 3821
1688 3277 3235
3428 4539 648
1916 3985 942
1430 3299 6026
676 4677 9742
1099 3126 2860
1451 4841 3261
3391 4648 5951
1770 1777 2441
1091 2176 8241
1986 3991 6862
3748 4318 2303
298 2086 2009
626 2354 1741
2203 3199 9473
1018 3797 2010
1785 3073 1873
1008 3742 5455
3031 3936 5947
339 510 3195
898 2206 5537
1871 4683 1033
1039 1663 5781
1020 2149 7221
1094 1543 3097
39 1451 171
1528 1587 3177
1729 2669 3111
109 3777 1651
858 2516 7378
512 2556 6098
2984 3716 5731
1195 3501 945
1379 2463 321
1111 2127 4241
3383 3915 6071
3515 3565 9811
2023 4752 4401
2166 4505 6795
239 3558 8958
1001 4186 2597
3170 3518 6091
1961 2000 7623
446 2169 2873
1784 4345 9707
1374 3914 9486
3220 3260 2276
809 2420 4004
756 1389 8855
521 3570 801
271 2091 4453
3505 3932 3672
336 2000 7181
1627 2885 2426
2142 3350 6945
2139 2561 2168
586 3466 3711
3190 4344 8452
1986 3683 3798
4628 4832 1021
1697 4011 3787
834 2787 5241
168 1240 1229
1393 2619 301
682 2921 4001
3869 4829 8841
508 2258 3254
770 2352 1326
2410 4520 9231
98 3744 3735
835 985 6513
2244 3650 2950
3689 4305 3623
2832 4198 2841
3852 4385 6901
2781 4554 6826
2287 2795 9409
2153 3002 5321
1967 4039 8600
523 4604 7551
3414 4367 2222
2292 4119 1335
1209 4145 6499
554 2408 2780
2131 3795 3011
1846 4387 3946
2095 2618 7190
3269 4808 4895
66 4639 9521
1821 1964 6161
446 2493 8497
459 1801 661
2184 3636 5938
1354 3864 5241
549 1470 4105
3702 4406 7243
1839 3938 8367
296 2454 8521
3257 3830 77
3587 3746 9966
2135 3638 4417
2995 3744 8081
1315 4479 6929
1603 3497 7758
2351 3679 2023
1537 1604 2766
135 4332 1087
1324 1344 3451
2366 4084 8809
251 3987 9249
484 4828 4441
205 1249 9237
6 322 7583
305 3196 8221
1301 4452 3793
288 2508 3295
222 581 8501
1185 2406 1842
4191 4606 2497
293 3285 6249
1065 1988 4961
3451 3676 3333
2597 2778 4001
631 4666 1597
2429 3462 4001
7 3730 5969
505 4236 9542
239 885 5599
2203 2417 4055
3654 4665 5046
741 2191 1851
1025 1487 8374
2997 3413 3769
523 3793 9751
1386 4646 8793
2171 4216 4477
2011 3746 1131
399 2010 5241
835 1599 3515
1350 2778 9528
4353 4501 6732
429 3348 2905
709 2004 310
2809 4338 7001
2029 3675 2781
3893 4351 3293
1801 4073 3595
1705 4455 2601
630 1518 4433
794 1703 7876
4054 4616 8857
227 1332 2615
1099 4061 5307
3894 4498 4189
2844 4623 1737
672 2318 1209
815 3190 7197
818 4139 7985
634 3121 3321
3085 4242 6321
1857 4228 7180
1433 3645 3126
4002 4739 5756
1485 2542 8796
3279 3339 9641
3190 3293 8893
4152 4717 3849
289 1958 7360
1318 1757 5201
971 1897 8629
1584 4128 1071
2647 3524 4333
655 1187 9065
4103 4169 4234
3216 3642 6616
826 1569 9783
1811 2900 8933
3284 3418 5933
1653 2020 6221
678 1641 620
53 1008 5093
1202 4461 1766
161 3403 9183
1794 3067 7452
2233 4470 6049
829 1683 198
2226 4337 1661
1147 3529 6677
394 3466 7093
3874 4811 3220
720 1965 3146
6 2379 696
240 1729 8536
385 2815 2291
3110 3590 4401
2870 3345 3850
1593 2019 2194
1376 1396 2437
1409 4731 8061
514 2930 3409
2235 4558 9759
1870 2474 2705
111 3939 3535
196 4230 1480
2359 3040 7070
1399 1884 1671
2217 3954 3993
4227 4844 3807
4624 4819 9018
1548 4602 17
1848 2666 3986
256 3395 2422
4079 4101 3389
2616 2752 9665
203 598 3105
356 4498 7695
1649 2759 6301
1329 4032 1361
3257 4667 7923
2160 4445 2858
2243 4303 3779
1674 3803 9777
2414 2529 5122
2517 2909 9916
711 4126 2965
909 4489 6721
2680 3498 4531
528 4329 4013
1783 3340 7425
617 3025 8544
537 4158 8101
80 1652 2025
3699 3757 1137
2061 4602 6487
3945 4714 9148
375 4725 5072
2365 4463 1769
2715 3419 341
650 2203 6889
144 1445 4047
2451 3963 4281
688 704 4459
2182 4055 3461
3957 4109 2529
531 3653 8657
1192 3934 5595
742 2252 4071
4386 4703 8581
1540 2202 1701
2971 4519 1405
1914 2881 9701
2628 4248 945
1628 3197 8209
195 688 7101
1360 2150 3321
367 4076 5320
1516 3667 4091
2263 4242 1461
1336 1518 4216
3395 3454 551
4213 4726 8556
303 1083 2170
2808 4438 9564
3373 4091 8316
2001 2886 7226
1283 1765 7016
1061 1634 8905
1486 3153 3421
1346 3944 1661
2703 4741 9371
672 3068 9533
2232 4178 3599
3234 4156 4133
635 3866 294
3074 4523 9142
1209 4037 4040
2086 3469 3031
3614 4845 3559
429 4558 3004
1608 2951 3191
1354 2809 2765
346 1677 4061
1637 4641 1909
322 613 1428
1466 1648 8370
1594 2983 789
171 3152 5037
1777 4145 5150
744 2807 1910
3462 3770 7691
199 2653 9238
3055 3871 6825
1648 4206 8273
1888 2879 7585
2108 4140 7920
3084 4774 9631
1041 3559 8701
459 468 6331
3283 4765 9310
2813 3933 3047
3819 4837 4197
620 1659 7310
2607 4215 108
2635 4052 5201
2534 2722 9129
251 822 8521
1941 2284 9731
1486 1758 2893
3860 4617 2153
165 3178 8337
2248 4642 2753
663 4527 4163
373 4672 9635
2820 3704 6313
1339 4099 384
1004 2058 4918
624 677 4209
1284 2857 979
447 1486 589
3895 4528 8180
1302 1827 1902
485 2398 7773
574 755 5217
1850 2788 7673
1826 2205 3232
500 3040 2975
2665 4124 7079
1891 2850 5163
1860 1881 9261
437 3998 5606
1044 3435 8236
1974 2025 9425
1570 1636 8984
496 1262 2795
2038 3757 447
363 3667 2548
3482 3957 486
721 1728 8644
1205 4814 8294
1085 1335 1739
1156 2352 3341
357 1184 3081
1059 3321 3427
3165 3767 977
299 668 8826
2093 4585 45
112 4116 1623
1583 4668 1601
490 652 7680
2162 3806 9189
773 2235 8397
91 457 9585
1830 3652 4495
3267 3516 5196
1438 1835 6116
332 1357 2551
1121 1849 908
2132 4472 5296
868 1217 8055
3497 4292 1108
43 1006 1825
119 2127 2047
3849 4299 2657
972 3898 5601
576 2122 3137
583 835 8993
1363 3953 2725
2253 2344 3721
543 4750 6897
1190 2198 6640
932 2081 7768
1104 2686 9245
963 2022 9
1042 4641 6232
4210 4264 5638
361 881 4611
2335 4001 9669
1876 3444 881
3042 3518 6753
537 3250 6461
2522 3856 1104
533 2289 6286
3138 4278 1057
2925 3652 3257
391 2199 5575
3397 4872 6984
3241 4468 6685
1477 1568 156
33 3684 6707
3442 3488 241
2751 3013 9301
2307 4559 9643
1545 4382 5391
403 744 5441
312 3121 5116
314 4146 6102
1456 1869 3089
182 979 2411
1360 3613 185
1102 1763 6927
327 4377 2185
2736 3991 3421
326 3731 4586
2573 4444 2651
2164 3400 9707
534 2628 814
2974 3022 5437
3768 4623 7081
18 4662 5381
858 4103 7729
215 2059 2809
2499 4025 2825
211 2553 3116
2468 3470 2341
1019 3658 1351
47 3876 3053
3172 4485 9721
1700 2249 151
3537 3893 3751
3854 4598 7521
2517 3554 7929
1748 3366 5281
1534 1718 7703
349 3434 8514
1409 3022 3665
704 1342 2281
112 1988 8425
447 2506 1605
853 1812 3267
3032 3688 266
142 2289 1696
970 3512 8307
1925 3130 6427
3344 4546 815
461 1040 3885
3229 3449 1927
2257 2725 9963
2953 4255 9263
564 1289 3645
1426 1970 4229
119 2227 9313
778 3221 1885
269 3788 866
4492 4831 506
1484 4672 5737
3295 4821 6633
2241 4768 3041
2669 3341 6016
3126 4249 6561
573 3887 2393
2373 3107 9600
2245 3085 8103
466 4777 9977
692 4415 6657
3337 4239 4481
1781 4342 9821
241 810 4308
1202 2269 6013
3334 4455 7925
2397 3590 137
1353 2056 5441
434 2707 1645
1155 2559 9991
3313 3707 4074
662 2982 9666
3688 4577 6674
3499 4829 3306
1819 3373 8741
1530 3964 5001
2811 4626 2817
1894 3950 9648
1028 1771 662
3215 4850 5501
2548 2719 6307
1080 2673 9636
64 1093 3042
549 3670 2726
3405 4855 4596
218 1296 625
99 3362 5784
2992 3812 2131
58 3086 323
1374 3814 7725
1457 1657 9251
1304 2336 51
2544 4777 3569
2833 3415 7762
3752 3951 3546
155 2260 2116
546 3715 3827
2431 4033 1609
1772 1988 5913
16 1522 9857
2808 3916 1781
177 3232 2059
556 2129 1226
2079 3847 927
223 620 5716
2766 3307 2817
1876 3976 7425
2350 3299 1569
2160 3175 877
1291 4076 890
442 1173 8801
2779 3408 7931
3779 4217 7526
1212 3484 9793
653 2425 1201
441 1649 6971
1242 2401 3261
1915 2652 9955
2262 2398 5867
1110 3175 1501
1376 2231 5011
148 824 1569
675 4713 2765
2363 3418 1
4098 4580 4313
2542 3353 9826
1958 4857 4101
408 1853 792
744 1032 9868
4205 4598 5827
1540 1840 3285
444 3494 2866
391 432 6369
1132 4815 116
2150 3270 1555
3935 4299 3097
2001 2890 2785
2658 4532 5030
1920 2003 3750
3915 4294 481
904 1300 3452
2246 2778 8253
677 3992 1376
1881 3209 6476
1615 3037 465
1050 2644 2989
188 272 3424
476 3600 5369
3673 3778 1355
3127 4104 7479
3972 4560 9638
3501 3789 2901
112 3931 5697
1351 2269 6839
3141 3220 9591
3560 3934 3246
1387 1701 1854
1015 2400 97
2611 3391 3648
1104 2664 9217
2633 3153 2641
565 3459 7425
195 2767 9759
1345 4555 7434
1629 3348 5678
965 4337 4244
3253 4132 5469
2025 3547 6611
1535 3757 7199
2240 3497 7046
3222 3521 6681
3047 4727 5859
823 4873 6077
3572 4020 1713
815 913 8029
2463 4400 4271
55 4776 9535
898 2743 8997
765 1894 870
99 2881 5690
306 2649 2826
998 1257 2232
982 2139 2531
1 1090 4837
923 1015 1427
1545 1978 3555
242 4761 243
2889 4012 8182
1092 3010 2598
4208 4854 5413
982 1103 7771
57 2026 2125
2874 4272 4271
1074 1447 7461
497 632 3266
46 4288 1551
1447 1658 2677
1177 2471 6321
764 4608 2049
588 3694 9646
246 2826 753
1763 4791 3438
990 3894 8759
698 4124 5056
4640 4846 9905
4298 4550 2259
2138 3356 2391
961 2154 3736
365 1017 635
2428 4266 5317
1335 4654 7139
697 2339 8665
477 1714 1429
1880 2184 1033
4580 4799 9283
2670 2674 5513
3068 3196 7779
215 2143 5097
1318 4521 6811
1388 2372 8886
2679 3579 2982
2782 4872 6697
215 582 7421
3036 4699 9751
356 2962 3037
3071 4132 4266
396 1046 6909
344 3544 4401
877 2648 4033
1934 3242 5397
2047 2445 5945
1900 1925 8251
3169 4356 7681
2354 4875 7276
2560 3084 6045
69 4074 2605
3103 4722 283
3198 4610 6685
2854 3992 6943
929 1320 1924
371 2411 909
1926 2963 9169
819 3361 1837
8 2887 4371
490 4530 8539
960 1188 6161
1814 3409 3921
523 1689 1761
264 4888 8961
1598 2040 3394
2209 4820 5541
1573 3270 4403
82 2652 7805
3776 4114 4676
1865 4777 1297
2174 3955 6177
539 2205 5057
523 868 2801
3309 4104 5861
1698 4326 9875
571 2536 1381
3472 3917 3745
45 538 2341
840 1412 9573
2369 3108 9493
4145 4244 4426
774 1176 4036
126 4797 6714
2751 3201 9081
1324 2415 2643
3556 4071 599
1696 2717 5741
1268 3335 9453
205 2265 1042
3423 4080 1851
30 222 2230
2742 3873 5981
3040 4337 9651
2913 4093 3517
544 3727 2976
3683 4838 9259
3684 4000 6121
2426 3763 8497
2014 2751 9017
746 4362 6421
403 3607 5017
3540 4405 1853
3382 4772 3987
1237 3315 1817
1450 3842 9057
4426 4426 3879
346 2996 4326
1888 3436 4849
3474 4781 8999
1915 4130 4852
2279 3177 6777
718 4528 49
1922 3617 1073
566 2852 8511
345 868 3287
194 1598 495
2467 4774 328
148 4443 8779
1363 4620 6558
259 2132 6880
427 1971 6441
2307 3534 1594
2110 2917 6795
1053 1490 744
4217 4749 6043
287 4133 771
3232 4157 5412
2779 3918 3429
805 1369 1911
240 3006 9885
2631 2691 5232
80 3008 6867
219 913 5875
1246 3029 5373
2582 2749 5974
1569 2193 529
200 2599 1666
3873 4525 3301
280 2801 1875
702 4321 5243
1254 2285 5042
3594 4191 8601
414 2704 186
2656 3369 4111
89 1798 6333
125 2824 3473
571 1656 2001
3307 3587 2477
697 3708 8627
399 3258 8017
1628 2024 916
3776 4116 1550
2052 2607 5705
885 1818 9995
239 1428 8257
802 2097 7649
1470 4595 7338
1836 4579 1465
4533 4831 2443
97 4179 9401
1929 4371 9305
286 4178 4562
1243 4093 8433
2987 4110 8498
1985 4503 9315
1627 3830 5176
1436 1905 2174
1488 2021 1501
2671 3535 3411
1538 4752 9004
3387 4559 21
1815 4035 7029
95 3414 611
1467 2412 897
1919 2939 5341
2749 4490 3061
1142 1994 4001
3349 3583 3166
1424 2244 4267
3899 4177 1385
2870 3763 976
3686 3786 4256
3219 4511 1937
419 1640 8931
494 4212 7825
2667 3733 8993
1147 1629 6281
1254 3422 5431
1625 3078 695
499 2173 2459
3369 4681 3849
960 3134 6799
4232 4561 1844
1317 3897 1509
1103 3474 9751
89 2125 7301
336 4773 7363
2014 3910 6253
3796 3806 6365
2698 4343 5001
3580 4133 2967
3811 4155 1735
2736 3189 4097
1909 2253 175
1228 2997 320
2837 4415 5745
675 4343 1149
346 4818 925
1468 3687 2886
160 666 9207
979 2582 1748
694 1975 169
2154 3298 7025
745 2537 8081
185 4636 3511
130 601 1731
2293 4341 5455
127 2081 7103
2406 4366 3992
1732 3122 1595
2397 3003 7200
1784 3581 131
680 4675 1870
2061 4114 643
2272 3419 5099
1772 3898 6696
4048 4769 1535
1767 3443 3869
2832 2898 8129
2624 3707 289
1268 4159 1849
124 1498 71
1375 1653 7501
753 4402 5850
1858 2574 2671
217 514 7137
2133 4160 7419
2473 3726 7546
2702 3207 6181
1380 3568 9454
1131 2650 6774
1805 4687 4971
1897 2220 6790
237 2958 893
997 2702 7056
2312 2589 4463
579 2085 5941
784 1509 6866
1229 2406 6855
3093 3994 6470
1027 1281 7359
761 3073 5297
2270 3386 945
2123 3895 7855
3722 4455 1654
818 2274 8129
247 2820 3931
2072 2886 3740
1690 4334 5301
862 2389 8340
2431 3977 5769
1847 3861 7310
67 1101 6858
3176 4566 1761
473 2194 821
607 2268 7549
2574 3930 2381
590 3069 2103
2529 2645 6821
355 508 9091
3566 4078 3734
1225 1466 4711
697 1418 4847
4175 4881 7739
704 3082 7525
2376 4602 3633
3498 4791 3073
1727 3198 6123
14 475 285
693 4583 2980
1277 1660 929
161 2532 2289
2880 4550 9451
4060 4075 5694
352 1776 3061
2194 4414 7157
617 2781 3613
265 717 9499
2210 3230 6856
2684 4889 9669
40 1348 4785
1129 4237 8201
641 1904 341
2091 4109 2526
1637 3690 5540
778 1037 5001
3765 4018 352
2068 2739 1939
1388 2035 4797
30 3497 4401
1012 1683 1845
1542 2387 9487
280 2133 605
2179 4405 5829
1413 2633 7736
1465 2863 2951
2933 4403 1077
1890 2035 2713
3273 3644 3099
1404 4675 600
3860 4595 9951
1304 2406 8171
3107 4515 1641
403 3868 7155
315 4812 139
2622 4830 4531
1827 4615 8524
409 2955 298
626 4461 3173
3149 3480 8241
1148 3738 3997
3532 4645 9067
2621 4259 3513
2163 4198 5143
2391 4312 5214
1729 2642 755
4171 4786 2953
1188 4563 2143
1398 4162 8945
171 3414 2926
4363 4586 6745
1966 2923 6401
910 1096 3353
733 1425 2350
1047 4490 2641
2019 4318 5219
2592 4296 7674
1374 2833 7173
335 1350 8025
887 1128 3227
1817 3411 1116
2201 3620 4173
2274 3413 5182
202 3093 1189
3399 4513 583
2301 3438 8649
3639 4594 2921
2647 3875 1237
2513 4091 4761
1454 2244 3703
903 4076 3377
124 2006 8022
699 2242 1857
534 3313 6957
451 1097 3229
1106 4043 7488
4010 4462 7927
359 1959 2385
2776 3444 950
1400 2470 4805
1344 1580 5914
3323 3598 1491
3162 3890 8681
3766 4812 1141
819 2650 339
857 3393 2753
4375 4844 351
1057 3561 5138
1940 4554 2077
793 4080 712
3952 4491 3826
625 1760 1633
1118 2507 2861
875 3896 3689
1762 3222 7201
2500 3674 3857
2240 4465 6001
3742 4133 1242
822 1003 2961
3451 3636 5601
4069 4077 2579
694 989 5981
2110 3943 6641
2587 3735 7991
3483 4765 6817
3152 3194 9424
3684 4238 2957
2498 3556 2303
3753 4219 1085
870 974 5883
2270 4861 2929
3813 4539 4545
2516 2734 7561
929 3218 9327
675 1397 8257
134 4296 8286
1619 3256 1218
1276 4195 4673
1767 2463 4386
1226 4121 5744
2271 4386 6653
2449 4332 8857
331 1741 8426
2301 3196 3721
2702 2762 5674
1092 3832 8881
1733 3248 4939
3027 4389 7961
1784 4217 4141
2997 4205 9437
1169 3017 2817
184 4499 4616
1311 1622 2547
2218 3796 7055
1251 4071 6381
2006 3377 547
2658 4207 2267
898 2868 7997
2884 3419 7947
2259 3142 3577
913 2394 5139
1757 3350 6957
1264 2463 4217
918 3618 8241
1172 1881 4697
2612 4420 4741
4023 4184 9336
2300 4183 789
1494 4534 9853
1041 2774 1649
2687 3858 3699
2944 4085 7117
349 4506 2329
1103 3270 489
3542 4439 9395
2029 2369 750
2141 2954 2189
67 358 851
2273 4303 9351
74 371 5873
2716 4465 6585
2416 4724 1629
133 3251 811
1379 3607 5339
1325 1744 4081
1070 2197 3606
2473 2901 3119
2695 3409 9673
1797 1832 3651
1740 2486 4617
2699 2852 4709
1185 1486 8624
2424 4122 8836
2249 3433 9304
57 140 6545
703 867 1290
1030 2296 3353
2491 3000 1049
371 3584 4756
917 3034 1604
4518 4759 596
2329 3447 4167
183 3455 3057
765 3208 6341
13 1460 4769
4374 4655 3457
3315 4339 4416
1961 3342 9025
138 1097 107
34 360 879
774 776 8665
343 4304 236
1838 1916 7777
2569 3699 5233
440 1862 8866
111 3780 2933
137 3106 9265
1917 4781 9921
1932 3291 7761
257 2852 5929
2283 3829 9001
690 3662 4497
1140 3778 6311
180 2406 9557
4064 4264 9332
1254 1255 8565
2350 3337 5767
1115 3672 7191
132 3179 7781
972 2184 7873
182 1585 7047
849 1978 5373
1128 2373 3861
495 4197 793
72 4785 7823
1603 2155 3725
2215 3454 1487
1204 3210 532
2963 4527 8433
2045 3673 5818
609 3234 3519
2251 2461 6181
2789 4836 73
1285 4766 4521
3419 3857 7691
636 3857 1862
66 3675 931
891 2503 9461
1812 3148 6021
588 1976 7075
486 3803 5649
440 3824 5261
2630 4544 9580
2324 4644 6221
2009 4712 8291
410 4808 8305
1999 3658 5275
2761 3030 2245
60 1685 3421
3895 4142 4768
555 781 8449
2125 3847 1682
121 3418 4266
2375 3293 1233
738 4039 113
2452 4046 8485
855 4281 9918
1493 4640 6881
621 2380 3591
2091 3761 2781
251 3616 7201
1066 4456 7106
99 3537 1651
1885 2978 8946
1597 4861 1353
1048 4247 4391
1013 2445 1633
2857 2889 1495
1300 3643 1101
1492 2976 833
23 732 6251
936 2455 7069
2422 3817 7147
1243 1789 5880
67 2945 6937
515 1745 2681
2463 2665 2424
1098 4280 1079
1308 1626 2501
294 422 2476
2314 4361 929
2257 3253 7921
353 3106 4061
777 1908 6563
3966 4858 7836
4632 4671 7697
2250 3199 1233
1070 1621 1046
595 3094 1367
4097 4463 1201
822 2590 6399
2839 3568 6197
2789 2813 8633
1348 4035 6975
420 2017 7893
1515 1518 81
3096 3523 5185
2093 2274 1034
1196 3560 5505
3198 4172 3811
1110 4729 9236
1124 2750 5621
1112 1436 7379
1669 2209 7666
3839 4236 851
879 3540 9073
2083 3010 2210
425 662 5726
3875 4516 1271
528 2638 9881
1019 2283 7461
1924 3639 4381
1571 3707 4129
1602 4370 7249
3294 4846 4257
3110 3958 8401
620 1529 601
1239 4005 8051
1325 1674 3367
1049 1417 21
998 3753 9789
1689 3662 6066
778 1991 9401
3080 4472 2337
3 376 1689
540 3099 6255
8 69 2001
990 1736 7320
774 3465 8921
1846 2002 3338
228 4696 2019
418 1797 6639
2322 4041 1421
1020 2287 1302
1622 1913 5281
1410 3376 7601
2722 3532 7596
2285 3784 1581
1214 3043 9434
2809 4158 3783
1004 3400 7370
31 1935 1181
3043 4153 881
249 2972 8049
1374 3648 8767
561 3561 3325
1232 2220 8287
2380 4306 8816
2156 2601 7587
1376 3020 3513
1497 2317 9981
328 1045 5197
589 3184 2461
2380 3969 4243
3351 4575 9357
642 3150 8321
2403 4253 1061
3775 4865 2561
862 1343 2258
3014 4479 1894
502 1356 5061
2757 3754 147
2128 2597 8241
2809 3443 538
4252 4381 6035
4024 4185 4196
1725 1790 9701
1380 3203 5711
122 2111 5704
2293 3126 2593
2019 2904 778
1268 1565 5385
3228 4833 4977
2358 2557 4043
3309 4221 4761
796 2850 4001
1120 4800 7361
2597 2856 5321
2790 3996 6497
927 2072 3155
1050 3783 6475
124 2251 523
1803 4807 6175
2986 3053 9600
40 567 4810
1236 2860 9701
1607 3578 3629
350 2171 4149
986 3159 2821
2543 4673 5871
3553 4249 787
1099 2211 9925
863 4073 9369
2949 3973 1073
833 3036 1601
1719 4213 4359
535 3881 6801
2485 3230 2169
1646 4548 7471
478 1119 3310
524 1764 9609
12 4086 7577
3356 4836 5223
2157 4834 7085
686 3900 1082
382 4308 7681
2425 3899 1170
530 640 7962
2308 3942 2355
373 1426 7425
2645 4415 8142
1428 4338 8019
2960 4606 6320
1969 2818 4981
3662 4814 45
191 3594 7705
2051 3909 1361
2999 4579 305
1054 2544 1701
1121 2560 2741
4131 4177 1252
711 3672 588
1172 3544 7551
270 4235 3622
2056 4846 6439
627 4024 8023
1357 3872 9753
3297 3324 7781
648 1497 2522
2966 3324 8729
2421 2867 4186
754 2307 1041
113 2785 4911
3201 3614 1411
1584 4362 1975
2597 3214 5226
100 1849 9861
559 1641 8419
1766 2770 538
2396 3155 9823
1070 2797 3514
385 1781 6338
3170 4312 2734
3380 4123 5336
1347 4437 9931
3195 4752 3781
1850 3854 6613
558 4657 8362
2371 3464 5749
4066 4157 6952
2576 2947 1289
4167 4875 9061
3184 4699 7721
1238 1346 5441
1098 3084 2445
146 4454 6201
2636 3349 6347
3729 4482 8381
2851 3490 9264
4486 4806 4437
1024 2908 6545
1039 4344 5609
1086 1513 9879
4187 4474 2848
2328 4249 1022
2279 3679 7629
1002 3272 6131
1258 2385 6233
1257 1860 2739
1827 3945 4875
408 3734 5171
1161 3452 515
420 4453 8847
2705 4696 9179
2486 2913 1207
544 2557 2306
1399 1524 4581
3441 4302 3241
3947 4681 6827
3615 3972 7823
4021 4555 1729
4246 4587 76
796 1904 5889
1515 3630 8521
257 1446 3517
2734 2912 2381
1151 2033 6041
1420 1513 6906
329 1631 9201
3566 4791 3596
107 1537 3077
763 2606 1446
1918 4549 6431
1878 2842 3803
2661 2963 1886
1522 4810 2967
2249 4130 4278
2234 2676 4047
2278 2305 6577
912 1729 2662
1774 2822 9521
248 610 5171
3133 4508 7445
2405 4583 8921
336 1417 5345
866 4813 9796
1799 3903 4081
1422 3917 4252
2065 2863 1201
270 1099 3495
195 4858 7795
2689 4585 6161
2476 3593 5910
741 999 8830
1569 4844 1864
444 3704 6437
418 838 419
458 3794 1388
4582 4660 8371
3997 3999 9037
860 1914 1386
39 3711 7677
1351 2020 4076
2049 2192 9272
84 812 5625
3506 4386 206
108 1884 9013
1021 4206 8161
3300 4691 691
999 3166 793
1674 3817 4691
1453 4025 4726
458 1107 4249
1794 1842 3612
1897 3990 3051
2300 3081 5961
1070 4810 81
845 3099 9681
1135 1152 7691
1287 3979 973
1651 4129 8451
648 1498 5345
2351 4880 193
1623 1642 8737
1310 1410 1769
2547 3308 7449
1983 2889 6393
2003 3199 8501
771 3605 5060
183 2300 7497
631 2102 487
1192 3875 9609
462 2790 6067
3164 3713 6989
1056 4208 3248
1890 3667 4307
305 2373 1841
387 3832 5969
1662 2598 4011
1668 4420 5435
1053 1194 171
1950 3618 4273
903 3143 7556
654 3532 5851
3498 4573 2987
2286 3585 6581
537 2334 6476
1219 4043 8137
629 4107 7613
1233 4470 7476
4178 4814 7938
3592 3836 6526
939 4397 8566
3409 4292 6373
3538 4125 2593
1976 4521 1681
2582 4435 6569
2874 3495 9081
1617 4856 57
221 3447 7601
2258 3161 735
1273 2616 605
201 3327 7951
839 907 2991
2082 4792 641
624 1624 855
805 1985 3461
3014 3994 5290
2079 2483 5185
267 3002 5553
1160 1350 1743
1920 4440 6549
2715 4258 1489
3748 4404 1341
1523 3672 9501
2829 3664 5396
2284 2401 124
2702 4182 7545
1189 1671 1097
890 4541 2881
833 3768 949
371 3118 4917
1191 3392 3599
2255 2649 9835
4007 4151 4709
3284 4340 1805
117 1693 2087
253 2648 190
3402 4779 7091
2782 3540 4273
668 3946 4691
3842 4676 1153
2052 4610 4359
2766 2932 9201
2219 3503 4793
306 3140 7695
3747 3789 5945
110 1828 214
220 2003 3337
1879 3986 3251
536 795 2540
1405 1415 5473
216 2762 4289
863 3308 8043
1098 1454 249
1917 2439 741
1950 4759 8395
1196 3210 9929
2021 4549 2629
262 828 8351
722 1900 306
815 2071 4827
4235 4689 4664
2789 3382 9626
938 3512 2881
3359 4321 9681
567 2115 8984
221 1642 4145
2205 3018 3701
2384 2969 6781
2049 3813 1410
650 1882 2163
1229 3655 7072
2649 3983 8981
917 3806 8428
496 1323 7750
945 1248 3745
1011 3411 2832
83 3967 5747
93 2046 2753
3167 3500 1437
840 4835 2321
2550 3129 3249
2967 4421 4879
696 906 5401
2362 3231 1031
2664 3683 7487
2900 4817 2961
4173 4182 121
1048 3947 6531
337 4041 7637
2089 3251 4772
2267 2578 4421
974 4201 976
256 3427 2520
3342 4341 3977
3600 4284 4877
2458 4464 2379
815 2278 3575
1049 1599 1891
1339 4244 1421
2919 4509 3075
975 1818 2647
1330 3821 7901
1932 2556 6435
354 2319 9665
1824 4417 3820
3859 4056 9111
986 1424 1801
1171 4753 1009
598 2002 9533
1822 2466 957
2166 3415 5769
2639 3915 2701
295 3390 6917
2864 4053 49
3903 4171 1787
894 1325 1361
1717 4206 1001
225 3674 5005
3810 4159 1573
1707 4576 9240
1697 3868 5976
1500 4166 6673
1057 3504 1291
2672 3061 6851
1006 2687 1924
1191 4652 3641
3029 4833 199
1168 2926 2305
1202 4533 8641
3563 3607 3467
2773 3900 9267
1566 2873 3553
1941 4198 8201
662 2767 2773
3825 4248 7665
477 2822 3105
406 3039 6182
1403 2405 688
3877 4367 436
1759 3896 9122
3045 4075 2816
208 589 2147
3312 4011 3062
2715 2948 4641
4418 4447 6861
1318 3889 4887
3209 3746 8623
2376 3877 8501
2365 3621 3461
882 3111 1229
1122 1631 5001
1240 2261 8821
203 307 737
1526 3278 4521
2962 4723 4063
2893 4790 7201
1282 2459 7815
3 670 9107
3114 4717 8678
1445 3306 9037
3579 4408 7761
2035 3257 8501
4036 4156 4151
38 1509 6817
487 3707 8395
1567 2219 2815
616 4676 1067
2463 4824 3893
68 3135 451
98 3569 1281
1360 3252 7423
3135 4452 4631
4128 4493 4429
231 4604 161
890 899 7041
535 3315 711
2059 2541 6737
3504 3786 5051
3665 4591 81
1230 4074 2801
260 2420 8453
631 2611 7481
429 3941 8976
2310 3519 9505
954 3259 1829
1840 1871 518
1341 2453 3201
1673 4072 782
433 813 9703
1878 4104 2353
282 2054 7080
3530 4455 961
2667 3540 5811
2544 2855 3345
866 2060 6813
630 1428 8784
792 2059 4446
595 3855 8529
1249 1996 3360
2176 4077 5786
3320 3877 8001
3225 4788 947
176 3357 8870
2937 4039 97
2354 3914 3700
135 3759 723
754 1569 2751
3149 3537 9372
228 3316 1619
3379 4867 2751
842 877 118
395 2253 5976
2359 2614 3989
1052 3572 2961
182 3396 983
1122 2106 8705
371 2687 7655
2071 4081 4929
1009 2403 1601
934 3434 7726
1103 3551 5285
812 2783 741
3211 4217 5033
1880 3308 5228
84 4729 1122
2086 2791 7985
3634 3967 1517
63 2353 49
2418 4859 3155
2978 3661 6217
3416 3960 5115
2925 3893 1570
1038 4493 3567
2739 4247 3837
2348 4499 8313
898 1082 49
458 1267 7704
1195 2332 8449
951 2312 6675
862 3915 7171
736 901 2901
2313 3001 1396
726 4802 7613
658 1431 5953
978 4085 5261
1354 3987 4857
2499 3864 9161
975 1712 744
1257 1258 2609
1745 2938 7936
2271 2590 3926
1648 3467 9761
3702 4521 9851
1550 1724 1104
3493 3722 1736
685 2739 1103
1287 3076 2251
1171 1501 511
1772 3523 2611
404 1558 845
1713 3819 1381
481 2560 9173
1847 4763 7713
4547 4553 4921
4228 4695 5169
1108 2092 4323
279 3209 1273
4423 4824 8605
1217 4866 6927
2109 4851 5569
720 1554 439
854 1225 5474
1513 2527 433
2789 4573 4806
2701 2784 2212
1092 1214 6714
1464 1717 272
1049 2750 5025
1261 2752 5471
2625 4630 8165
2516 2523 1853
2276 3437 8130
2900 3247 2861
3642 4570 729
851 3851 9657
961 1240 7096
3990 4065 641
819 2622 8713
695 1393 2581
480 2890 129
1427 2994 8043
54 3880 5603
2968 3002 8097
3381 4505 4273
1466 1781 2273
490 3474 8001
2179 4013 6115
1399 3061 3760
1181 2772 6533
2021 3322 5136
2632 2667 7318
1578 4099 7017
1522 4540 1409
1209 2809 8071
1422 3123 6991
1192 2764 6017
2137 2860 1540
2054 4285 9921
2 4362 8532
222 4022 7627
902 2404 1705
3237 4132 8137
624 1359 8331
2948 4083 5201
23 2761 984
1566 3817 7261
3007 4052 8854
2426 3837 2994
796 1925 3468
1881 2503 8329
45 1602 6325
1307 4597 479
1422 1465 7971
185 3175 4635
2045 4790 3418
510 3480 9181
921 3652 6952
2686 4095 511
1500 2289 3928
183 3826 9131
1929 4519 4531
643 4846 4077
3208 4633 5272
2896 2958 5257
435 4616 9833
3973 4467 4865
414 1427 3711
916 2613 7205
9 1009 3307
574 1304 5657
626 759 1567
1110 3444 1576
711 4678 5448
25 4656 6099
1618 2885 5484
690 4246 9754
1059 3322 657
1121 2312 8657
3242 3960 5493
344 3797 4581
109 1920 6741
399 943 2461
2361 2571 743
480 3351 7684
3840 4398 1447
2109 3512 5386
2516 4337 8501
1777 4413 8017
2874 4692 5193
1067 2875 8691
1833 3661 8381
1735 2165 889
1364 2144 2394
301 2116 161
999 3808 4017
680 2657 3326
1371 4583 8076
1802 2095 3509
82 4478 6132
3464 4469 7682
1609 2222 9169
645 2702 6339
41 2479 5341
1429 2387 4937
4338 4825 2598
1425 4496 541
981 1434 2931
1753 2947 9691
796 2145 1356
731 3645 8876
2033 4266 4401
375 837 1713
8 195 976
3108 3295 2916
94 1357 723
2431 2863 8265
2278 3037 370
3285 4179 9149
366 2114 7597
1397 3362 6110
1074 2108 6463
3240 3705 8941
265 4273 3078
3661 3870 6642
721 1823 2343
288 4440 2705
1061 2430 1193
865 1223 2293
880 3954 3671
724 1777 2949
1 1039 1201
3279 3300 7137
67 2816 3521
2946 3254 8097
494 4373 8054
982 2629 6436
1828 2061 4761
3551 3857 7835
77 3036 7331
1064 3533 5555
502 3953 2659
2058 2706 5413
370 3152 4527
1359 2311 3136
445 1528 1041
1719 4774 1026
748 935 8381
2299 4788 8321
3443 3869 8771
716 2482 231
266 4116 4269
2268 2464 2165
1786 1880 4340
1554 1913 3888
1232 4697 885
1163 3359 743
1418 4733 53
1425 1645 1361
1339 3121 7639
4483 4520 8763
3280 3308 2611
598 1880 3891
2324 2451 6767
4063 4352 3029
166 2424 5031
1828 2551 6121
750 2392 7070
530 2987 8301
1827 3620 8230
783 2665 2081
2262 3552 2438
523 3359 239
2240 3231 7246
1800 3714 1543
439 3383 8498
1090 2791 7711
77 575 3539
2426 3011 2608
462 2456 2293
3810 3928 819
1810 2230 2953
1489 3548 8393
3440 4652 6326
1969 3840 1528
1266 3308 8520
754 2599 4808
2226 2259 2582
712 774 6451
2229 3202 1401
804 3252 9431
1105 3429 3393
517 4145 2141
87 2135 1823
991 1091 8776
462 829 1651
1352 2985 2803
2525 4437 4329
1574 2636 604
1756 2476 7729
3030 4303 395
899 3597 637
4059 4815 3141
3337 4518 9481
1912 2889 486
1068 2132 16
870 2695 8628
2139 4160 1848
1632 2433 3639
4240 4809 3931
4186 4470 3561
1924 3364 7931
889 3132 3876
176 2637 1389
3047 3391 2300
976 4845 6821
1223 3164 4441
172 3976 5106
2416 3747 7801
944 2439 2111
1502 3915 3218
2200 4127 1511
1085 3259 7609
1784 4152 9745
1697 4063 941
494 744 6065
322 4422 4851
1358 3041 6679
1571 2489 5025
1781 3928 2182
2815 3620 7537
334 655 8809
745 2601 7137
77 4369 4344
1073 4477 1489
4203 4819 5916
2986 4332 3317
2829 3542 8949
1294 3482 9271
167 630 7627
762 979 6625
837 2945 29
2341 4149 5921
2468 4398 676
1246 2791 3249
993 3056 2865
441 3677 3009
3086 4738 8945
600 1810 781
352 1482 395
576 874 8431
428 3194 7336
4801 4847 3728
2140 2650 9747
613 4641 5057
3329 4720 7854
1023 4061 7859
158 402 4801
2131 4191 3570
1437 3594 185
4425 4720 6501
1593 3405 2001
2362 3271 8194
1151 2507 7481
612 4632 6501
2402 4374 6185
16 4829 6681
274 716 3346
4084 4352 8319
2175 4225 2800
1277 2666 2113
255 2091 5982
151 3419 2880
1703 2950 7704
879 4505 1745
1905 2793 4879
766 4357 5141
543 4583 3105
1011 1789 7601
772 2451 8087
2811 4191 929
2569 3124 6001
1683 2593 4596
2914 4655 429
2047 3130 7838
1294 2136 9457
3050 4073 113
1208 1717 2876
1183 4001 8376
2275 2617 5153
795 2342 9121
2103 2290 8846
965 3094 6677
285 4448 1979
1967 4389 9807
3576 3885 4489
4185 4434 2141
1626 1818 3073
1224 1940 1009
749 3292 2361
506 1384 801
365 2859 8401
129 3388 3021
30 4686 8073
1772 3351 4275
2689 2834 503
2773 4673 4629
724 3995 1950
3237 4857 6613
1644 4609 3520
3301 4078 9647
143 3263 4226
2732 4771 5617
723 3307 7840
2153 3523 4766
172 290 8721
1933 3705 8613
383 520 3647
878 1987 6222
1963 2531 6229
699 4204 7494
3267 4812 6323
622 1539 5257
3050 4523 2892
3242 4777 1621
752 1068 2521
818 1126 7401
2485 3622 3801
1154 1976 1054
772 4544 7505
2888 4266 4410
1185 2619 8079
938 3802 6225
583 1356 8151
2274 2713 9226
479 3911 7313
2414 3267 771
2420 2683 7751
826 4122 7866
730 4198 201
51 2117 7964
1998 2189 8904
1646 2363 9361
192 1769 7611
1557 4826 4760
1224 1621 1429
949 3510 5189
703 900 7193
1708 2431 983
1207 1429 8303
59 4058 5291
2963 4723 893
466 1343 8821
4495 4687 4910
685 1493 3277
1845 4377 4759
3340 3594 4109
791 3673 2148
1346 1745 6075
1629 2339 4379
1365 3214 2403
1557 4101 7173
1337 2355 4847
2039 2191 2214
812 2551 2041
778 1888 1666
3972 4529 6705
1996 3408 7201
600 1937 2231
1839 4257 641
2110 3234 3761
2461 2822 6777
967 1947 8607
1588 3792 826
2763 4572 4271
2866 3484 9361
3638 3768 6675
2567 3810 6843
2827 4654 9996
1080 4188 8313
1397 2604 4249
306 4332 2561
2778 3454 5852
1179 3143 7777
1991 4238 5777
2035 4151 107
901 4146 7841
277 2189 7121
1556 4546 1632
3040 3552 1729
4246 4401 9327
3302 3739 2369
2410 2846 7157
787 2414 4550
606 2726 4519
1075 3230 1652
165 2453 3928
1432 1910 6389
1377 2430 2659
188 2907 2049
1878 2839 8776
2443 3934 2901
562 3997 3761
165 3696 9849
2175 3288 4381
361 3802 7353
1234 4324 4226
376 4168 8183
535 2885 1563
64 2771 352
549 3258 3501
4 4107 3301
175 852 8697
1709 3941 5636
761 3769 4401
2263 2643 4283
24 2014 6546
464 4118 9813
474 2688 4801
1487 4103 1845
3708 4197 5865
1768 2076 1283
2553 3362 7727
637 2146 2001
315 2291 938
592 3208 3813
1572 1987 6440
2583 3557 4513
1731 2017 807
150 1331 3316
2244 3329 1887
1449 2370 1163
1893 3511 2429
3371 3689 3574
2384 4268 4041
4028 4763 5101
957 1042 7741
846 3766 5681
369 4380 2101
1008 3372 414
798 2554 9251
576 3129 9049
2623 3768 1941
301 4403 6966
2663 4187 1195
1687 2852 6925
1637 2793 9009
1369 2957 3401
2438 3113 6544
103 288 8840
3901 4205 6028
1161 3656 6482
1646 4753 768
444 1513 6021
2196 4556 2765
2898 3716 4919
2744 3406 7337
115 514 5977
3226 4560 7637
2317 4487 4405
3961 4257 9765
1248 2987 5238
305 2348 6405
1367 4498 931
1293 4858 883
3541 4454 3641
4441 4779 4608
1886 4822 8473
1043 2582 2476
3465 4345 1544
288 3044 4491
1222 3228 831
1379 1734 1636
1179 2356 5583
1006 1353 1677
593 617 5911
3085 4522 7872
492 4748 3912
1030 4828 4753
2732 4392 5705
1542 3826 8771
313 3675 9928
332 1909 4745
13 1958 1969
3175 4824 631
1205 2034 6901
1637 2747 9201
281 2216 6511
3122 4042 6065
135 3647 6119
4211 4310 2073
1333 1652 3231
508 3215 2401
1592 2267 5316
1448 1986 1721
463 4742 2239
264 2411 259
2665 4663 5651
2746 3644 2525
1524 2367 8608
2527 3679 1051
2553 3012 3941
101 2650 6446
1894 2554 8029
421 3318 6588
2796 2861 447
1001 4265 4765
2931 4147 6619
2593 3998 9857
27 4843 20
4052 4505 3857
1670 2057 6169
987 3770 6911
2364 3435 6231
3167 3764 3546
48 2403 7239
1223 3334 3566
1377 4031 4120
1734 3208 3681
990 1189 7756
1439 2293 2517
1965 3184 3533
1367 3369 9297
450 4527 9085
3318 4039 2001
1978 4039 2327
2349 3875 5793
1972 3481 4908
3400 3924 8907
3492 3950 2066
438 4643 307
156 1170 6669
17 1228 8776
937 1847 7545
1198 3226 7537
3000 3605 2501
703 3397 6193
3451 4194 4031
1592 3477 5767
2245 3769 2271
3511 3650 1319
2649 3456 2036
637 2256 605
240 3444 2065
1818 4695 1305
1239 3027 1721
672 3727 8169
2524 3056 3001
2987 4088 8931
2671 3053 5533
1627 2656 8451
1392 4727 3305
523 4885 3491
376 1796 9316
395 1454 5491
3041 4530 666
1350 3303 2354
158 4122 8242
4657 4741 9745
3371 4180 5893
1269 4888 2405
1281 4654 5441
2480 3050 8246
839 1790 5827
852 3930 6595
1090 2032 2613
4194 4612 8821
357 4830 6522
2867 3571 4074
3798 4111 8339
2270 3749 1987
2752 4520 2999
3242 4670 9921
1689 3504 2970
1237 4037 7875
2610 4240 4721
1687 1931 6019
931 2152 4937
740 907 1529
803 3437 8601
88 1416 3215
2858 4147 9361
2078 3196 8793
2465 2658 7785
365 4812 3251
741 2508 2221
693 2589 8083
2293 2575 2093
2842 3120 2935
2025 2948 5161
1294 2124 7720
75 3386 6225
9 4763 8967
879 1837 849
2729 4097 9867
207 1553 8467
985 4588 1764
89 397 7401
138 216 7689
4120 4291 3881
2149 3622 4768
465 4402 9557
4084 4456 1405
1492 2349 6761
3550 4618 433
315 2013 4401
2187 4423 3587
3006 3298 632
532 822 8465
762 896 6173
2913 4104 3417
3054 3412 7999
4692 4806 7250
1770 2401 1137
2598 4852 2421
1991 3845 7891
298 1816 5533
1362 2765 6606
1629 2083 1401
85 3293 9361
579 1856 136
645 3608 2643
158 3519 1089
1568 2391 2305
2767 2798 7457
3512 4171 177
2763 4602 7805
666 2029 74
1595 4796 7421
209 4546 9469
1917 3239 3881
1225 4156 9653
751 4316 8425
3085 4871 6151
1320 3786 5062
2513 4349 4981
1114 3514 8551
1643 3762 3409
1980 2072 2589
1963 2354 8433
1731 4439 4760
223 2245 534
371 2237 2517
4013 4716 7370
3315 4132 1385
520 3570 8571
1590 4216 113
7 1801 7286
673 4483 306
10 3215 1413
3618 4085 1301
2749 3853 7231
1875 3500 2081
2805 3662 6073
226 3443 177
2242 3300 9881
3231 3798 4197
2228 4025 3909
3204 4877 3221
3575 3897 3935
1722 4044 2356
974 1281 1953
152 991 4401
1302 2633 201
1144 4427 3969
3596 4033 8475
127 2419 6633
3905 4793 5115
996 2837 9131
1886 3693 761
2245 2655 6393
3393 3649 4311
1655 2677 5421
547 3294 1881
2567 4824 8441
2580 3268 2823
1230 3875 5031
4592 4846 6380
2699 3949 422
1807 4403 4030
243 3979 2225
2277 4548 1566
2196 2680 7571
3023 4514 7068
2629 4256 229
2106 3008 6581
4279 4665 3926
1494 2212 7805
2374 2428 4385
2228 3763 4897
2394 3258 6876
1422 4413 7556
699 4839 1167
4034 4117 5889
667 4749 373
886 1351 8470
2148 3491 8165
4340 4705 4001
3 4325 1641
347 3245 851
53 1618 4253
1349 4200 6869
2343 2519 8240
1333 2401 4514
2598 2974 6273
386 1189 2405
2820 4853 4408
1687 4402 8236
225 243 5825
431 3690 683
1261 2299 4115
149 2707 599
3474 3543 5611
2002 4762 95
76 2580 1
159 1178 1024
628 1951 4881
2372 4735 211
70 4540 5086
962 4181 6921
866 1131 7230
3179 3249 9132
1159 4533 1
1951 4443 7711
1827 3577 5652
281 1870 1083
186 2916 2886
2806 4855 3985
4159 4543 55
388 1566 3177
3712 3893 8889
420 3814 4985
881 2279 5853
816 3495 1841
137 4139 5588
2098 2928 3161
4700 4871 1858
509 1589 7170
574 1991 2377
1228 4009 4140
2271 4253 7903
2166 3272 1805
3053 4625 4145
3317 4567 4831
3940 4207 4433
2273 2783 1391
1572 1913 2774
1337 1363 6157
540 641 2461
914 3217 1598
2596 4245 1831
1171 2366 2115
1 304 9814
1503 4411 5033
1744 4804 6771
198 2431 1301
473 2214 2986
757 1431 6064
829 3850 1683
2724 3879 5657
3238 3846 2657
2065 2901 7373
513 3033 7216
195 2648 9181
185 2916 3921
146 3776 2353
1677 4495 5943
1288 1417 3621
1232 1373 1402
1720 3671 5909
872 1240 9002
122 4370 4113
1437 4650 101
847 1475 2535
3236 3473 6919
655 3726 6969
1276 4755 1479
456 3435 6181
79 2514 9080
4552 4805 2601
673 845 9173
1211 4254 1507
1391 3010 7329
1559 1668 2689
942 1520 4411
146 1671 1703
556 3711 1557
698 1573 6134
3 151 208
1713 4370 8321
244 4816 8176
881 4307 5675
2716 4608 6826
587 4525 357
1948 2265 5695
2405 2707 5613
1727 1745 2245
1448 3723 3474
334 4224 6945
643 4603 6793
1326 2496 3367
2291 3252 5421
240 2802 4065
3186 3276 657
239 2719 2955
1109 2034 3994
105 1383 1103
309 4793 5961
176 3994 5910
1988 2238 6321
2078 2401 370
1447 3689 139
2457 3321 2399
3415 4004 6272
482 860 3351
2093 4486 9828
3558 3714 6276
1706 3599 2291
1061 1199 5841
786 4429 2233
3100 3313 7793
514 1685 3341
1486 3576 8068
148 284 1314
97 4705 5695
725 2240 477
3521 3617 9077
2863 3036 957
219 3295 9902
1400 2389 1785
2729 4032 8403
1541 3752 8433
1801 3260 2711
105 3586 9281
2809 4207 6561
518 4660 7126
2484 4275 8723
1607 4271 8626
328 2525 6805
751 2388 2304
2423 2924 9340
481 3391 9001
3202 3366 4961
3616 4304 6801
1541 3543 6952
2167 4814 7421
3403 4122 341
4687 4694 3988
1050 2128 3106
2368 3818 9551
1100 1467 975
1193 1746 4343
314 3600 7132
995 2045 2777
1915 4021 10000
3425 4561 9375
1464 3984 9067
721 3047 5116
382 4848 302
2869 3709 5121
1720 4345 6001
918 981 1601
443 2607 3652
305 4022 3959
2046 3536 6239
356 4106 3284
3880 4635 8169
2539 4656 585
1007 3140 8401
435 3076 7081
2570 3702 8021
1017 3292 981
3424 4766 233
440 4241 224
168 2534 9699
2698 4416 8937
1149 3049 9386
1282 2044 2116
1678 3217 1656
1132 4297 5352
638 768 8701
1 4585 4182
61 2696 4634
1606 3690 2761
2797 3198 7205
1608 2519 6593
1815 2303 451
1306 3759 7177
2960 3358 3617
2528 3279 7141
1897 2669 5993
1591 4205 5813
2535 3100 8363
663 1244 1442
2719 2950 8781
2000 4570 4236
687 4281 1321
1583 2335 4173
889 3812 6941
1587 2555 491
2367 4046 6988
3917 4716 9368
440 4720 3553
2495 3787 6581
1551 3207 699
897 3100 958
784 1698 2161
3454 4885 206
602 3322 673
353 1653 6841
208 1330 6501
100 4683 5525
1825 1939 5317
134 980 6088
859 1993 4915
3786 4664 7042
2338 3582 9132
2071 2166 2891
942 4395 4655
1124 1899 7251
1264 1800 2878
1791 3715 9457
2427 3185 5851
2997 4026 9693
2579 4380 4984
660 1343 4350
1732 4213 1511
412 3936 9603
2301 4186 6532
2725 3466 4366
790 825 8273
2202 2273 7474
181 2030 404
1062 2198 6817
236 4865 331
795 3692 4741
1688 4094 10000
890 3750 5013
320 3039 7401
3896 4584 5166
524 2200 165
2410 3156 1646
4713 4783 1105
2177 3817 1513
907 4073 4081
3101 3326 3431
601 1551 6541
2070 3798 1633
1523 1782 8948
285 3899 6766
1612 4871 3467
1424 1900 6526
909 3249 3161
1101 4732 3025
2545 4434 8257
2665 4532 4380
7 326 125
3998 4799 9351
3066 3197 6475
598 2010 9448
2404 3090 5233
3519 4410 7433
472 4154 5637
2153 3567 4051
1317 1470 796
1006 2431 7765
1370 3840 9066
1684 4380 2385
2537 3841 1585
937 4434 6608
2734 3087 5685
595 2329 2599
3895 4402 2840
4604 4816 507
2472 4852 1308
175 1078 3851
361 2026 8078
420 499 9111
696 4192 3052
1355 4061 767
563 3138 6972
13 43 2067
2565 2817 1425
3137 4104 3131
729 1479 6699
2837 3725 4497
3012 4145 7019
808 1390 7739
558 2740 2401
3301 4637 3621
2249 3537 459
3980 4163 9460
1432 1531 6385
1055 4586 77
2055 2536 8233
3310 4104 7121
1427 1531 9121
3946 4122 8312
2155 2167 7121
1859 2148 6345
806 2163 9953
3050 4574 2065
2985 3290 5001
1 4083 337
4344 4874 5455
3349 4041 505
3058 3214 4041
1064 3628 6493
1299 3278 4539
1020 4441 826
34 2411 723
2409 3572 4621
2686 4509 986
185 440 1780
1490 1490 547
1232 4084 3701
3401 3432 4898
1817 3134 1805
3184 3507 5083
123 625 2402
1867 4158 6769
781 1096 2727
2843 3328 1876
1444 2233 6196
1792 3696 8841
4262 4402 4621
595 3188 1705
209 3191 726
2522 4280 5751
4384 4868 4349
1923 2674 9376
1145 2207 8208
2444 4710 2097
1667 3352 6081
521 4578 5607
108 821 3467
359 3628 7825
1112 2811 5508
2140 3423 8129
1650 2103 6217
318 2956 5599
3686 4730 5087
3551 3817 478
2243 4246 3566
1847 3540 8504
953 3229 6407
2285 2605 2278
2501 4679 8729
2745 4790 4841
1083 1342 3738
9 3230 4400
3127 4585 4137
1251 3590 9969
2269 4506 745
3100 4300 1318
2506 3756 390
1389 2571 9494
2589 4230 7439
2223 3193 1269
586 3221 7421
820 2098 6753
848 3157 7921
1359 2129 6715
4097 4396 2227
1944 4352 2897
1809 3980 7208
990 4192 753
1964 2998 9347
1906 3498 8637
161 3692 2701
1283 3011 7105
3141 3657 5950
2713 3043 4781
315 1530 7021
2626 3484 9478
267 366 8065
577 637 1153
1691 1786 6449
3603 4490 4611
3808 4235 2506
3790 4217 4136
1934 4297 7885
342 2664 6545
1758 4367 7561
274 277 8643
2360 4250 1669
3519 3538 3185
295 4455 8932
1581 4214 505
2093 4434 3069
759 1192 967
3482 4035 8727
2440 3500 6705
1940 4800 411
589 3149 2353
908 3706 6081
4140 4649 1257
1528 4182 7727
200 1872 1691
718 1567 9601
2735 4442 3445
274 1057 3493
1935 3454 5098
638 1764 6503
1628 3653 6629
1709 3526 2481
2715 4231 1309
1390 3205 7107
336 399 4836
380 788 9721
743 4618 5575
800 3775 4829
1268 3925 6963
2792 4206 6776
2638 4461 9697
377 552 3561
1195 2282 7457
707 2613 3241
762 3173 3893
114 2368 5801
3517 4014 5389
1865 1923 8190
1295 1745 7209
3785 3974 5561
2027 4148 6026
1638 4878 4061
1067 1982 2487
351 1268 6721
407 1624 7795
142 1817 457
32 1613 5724
332 3494 9481
678 2536 3361
3786 4812 2501
834 3350 411
52 4257 3115
632 764 1396
3269 3966 8621
3754 4382 9569
2074 2223 2431
1672 2920 8433
1143 1582 4657
670 2738 6893
4009 4784 9885
370 2967 9909
617 4133 1829
196 336 411
805 3207 6641
30 2799 8941
958 2266 287
630 3879 185
1009 2202 1971
3364 4632 2497
760 3137 941
2001 4322 5819
3229 3297 1636
343 4757 2773
907 951 4665
3760 4628 3113
2496 3384 7806
2054 2458 2367
2163 2392 2901
575 1089 137
747 1348 5569
423 3648 9734
2103 2823 9111
2028 3026 9619
1263 1917 4493
514 1906 1941
2850 3730 6462
3137 4549 4731
70 218 9845
1245 2222 8324
3022 4590 7407
4012 4587 9009
134 1355 1765
377 3970 6651
1740 3137 4581
1562 3294 1308
1928 3966 9182
1112 1610 8706
1478 4127 8377
3000 3759 8402
172 1250 6161
187 2832 8585
870 4552 2588
346 3725 2917
1152 3710 2121
222 3544 3937
2084 2378 928
1460 2433 9343
1582 4825 7878
846 3712 2458
1776 3655 491
4105 4151 9051
2736 3313 3537
562 4763 6662
481 1438 4876
285 3319 429
2577 4682 2754
2155 4264 8070
1215 3248 8716
3638 3875 7281
3649 4047 2378
3162 4647 5376
1295 4825 7534
1901 4709 1299
572 1769 102
232 3718 5201
4096 4706 6841
1172 2820 1841
2146 4474 8785
293 1715 7842
993 2075 7654
322 1458 6938
2458 4756 9261
220 234 2266
984 1694 6796
2029 2073 9391
1261 2580 6965
1194 2477 1681
855 876 8739
2062 2402 4271
1388 2925 69
279 1131 9001
3465 3745 49
1727 4075 5825
2079 4259 2251
933 3991 3766
1644 3903 1502
1659 2683 7057
3542 4324 1060
580 1027 9381
1560 2653 2081
59 2111 2247
1991 3128 6376
377 1503 5908
2159 2588 3366
43 941 2227
1724 4191 3789
1399 1573 7161
3135 4721 7513
2702 4693 2513
1101 2790 7923
2176 3815 1427
3511 3641 3569
420 1652 3906
3143 4804 6331
3194 3229 1201
489 3793 880
1939 3363 5513
2348 4694 4957
3684 4210 2701
765 3594 1985
1772 2417 321
3125 4427 541
933 4028 8433
3301 4054 146
3452 4730 4197
3091 4057 329
1331 2300 5551
692 1939 181
2154 3751 6177
2076 3351 85
1763 4073 7801
2354 3890 4671
3650 4181 5500
531 2415 8825
118 1587 3794
3330 4684 5232
3708 3943 1337
1608 2966 6353
3659 4091 5055
1971 3159 8445
2631 4173 4833
332 3791 6177
19 839 9548
1555 1948 8905
1490 2076 5709
110 1978 2006
228 3924 5369
2789 3819 1792
672 890 3051
749 1407 4739
1965 2503 4499
3338 4809 2881
133 1775 9545
2819 3429 3073
2085 2459 8551
1991 2340 9671
893 1718 8785
400 624 1809
3761 4442 4037
598 976 833
436 2447 6001
988 3877 8254
1776 2210 6471
1833 3906 641
4676 4773 5937
2018 3753 1199
2456 3272 2592
156 4440 6666
1398 2703 4965
2655 4636 9951
3817 4002 6888
1858 3922 8826
3108 4561 9505
247 1828 2706
3615 4614 9759
2982 3880 515
1644 4390 9589
604 2635 3299
1499 3820 7461
331 2156 2570
827 3253 481
1209 3163 6197
1236 2878 6366
336 3714 1311
1857 3605 6620
621 4417 359
665 3922 1300
609 3203 5466
534 2890 6051
1043 2260 8751
2599 3149 4449
470 2377 9394
485 1786 8783
2563 3171 3145
3331 4195 4737
450 1540 7992
58 86 1391
3526 4148 8261
47 3280 4585
920 4692 3773
2959 3385 1661
1442 3931 3346
2190 3852 7601
1146 3188 9103
1011 4215 3827
1643 3652 4626
996 3532 4533
3559 3983 2557
3304 3967 3731
2697 4518 8695
616 4736 6439
2082 4597 760
1653 4725 8101
1626 4007 3057
381 951 6362
1257 1688 2127
823 3901 500
2974 4308 9996
685 2727 9645
1821 4448 2039
91 2709 3426
2592 3913 4164
1548 4560 2466
2642 2874 1291
1883 4628 4928
1111 4386 8665
4100 4302 3681
1023 3311 7896
1495 1520 9029
287 1205 9748
1184 2173 6505
1656 2481 2314
1705 2725 5771
1698 4043 1059
87 3250 8273
3199 3880 1916
1209 4024 7413
84 4258 6633
945 3581 2052
568 4180 9951
658 3706 3801
2194 4308 2971
864 4128 8630
3120 4749 9873
1573 1774 1353
4321 4751 3901
168 1644 7719
1655 4008 2106
761 1942 892
241 3603 887
224 2025 9805
1926 3881 7084
1052 1512 8065
1934 4876 8801
1461 2352 8931
1191 1903 9465
2481 4065 3895
294 2866 9801
2218 4069 944
39 4801 6596
890 2667 3042
1429 3403 1720
1295 1929 6053
350 1995 5699
3364 3759 7058
2790 3423 2049
70 3174 8176
1151 1270 3717
2273 3583 683
1178 3608 9820
644 3005 8931
699 1559 7471
2359 3506 5794
829 4820 1473
1585 4332 6209
875 1134 7499
243 4002 2577
1740 2848 6618
1215 1760 4027
2601 4682 4676
792 3818 7030
359 4829 273
275 2720 6506
622 831 5277
987 4661 4396
992 1444 6761
1492 2528 1093
1440 1871 6585
1328 3242 593
2624 3759 6979
1626 2601 8809
2041 2947 3537
370 2974 9271
390 4445 5096
404 3822 4684
3410 4442 1158
252 4372 4568
3113 4563 3343
1313 3993 941
3186 3247 833
655 2534 7089
38 1461 6206
1063 2185 3001
304 2788 9261
1967 3968 5221
207 3868 7749
1313 4547 5751
1677 3046 7017
229 4431 7209
1608 4657 1745
2735 3551 2248
1208 4720 3846
2034 3127 736
586 2382 1857
2909 3192 7485
1004 3601 491
2278 4477 3301
1382 1694 3161
308 2658 8336
881 2449 2921
743 4005 3382
983 2199 2561
3731 4372 5990
2207 2950 8633
1404 2927 2191
375 4457 2922
3002 3718 3732
2349 4444 7685
57 4341 121
800 1543 7038
572 3977 5766
1829 2523 3129
1788 2767 7335
165 3328 7973
2881 4823 3928
440 594 6761
1456 2752 3001
1053 4782 913
1426 3621 5303
2123 4659 8261
1634 3331 5617
2214 2711 3697
2013 4520 7648
1141 2842 5781
855 1550 345
2040 2944 3539
2265 4770 693
2281 3717 4140
3213 3666 1141
1419 4492 2061
1163 4882 5537
2382 3380 357
1391 2259 7566
178 3684 4349
3743 4446 2361
427 3300 2895
1053 4523 9349
3978 4172 7536
3 1723 3291
433 2360 702
1374 1468 2404
556 3114 3751
3254 4521 1375
1479 2611 153
190 2782 1561
1829 4257 6511
3329 4131 1436
589 2880 5246
1467 1521 2785
2783 3405 9497
1503 1687 333
258 395 3659
3484 4458 1561
545 2742 7320
95 2179 8099
891 4702 5149
1169 1301 6571
3732 3807 1787
3364 4190 1961
1965 2631 2989
3623 4368 1775
56 2925 2936
1718 2139 6993
2074 4236 1791
3549 4495 8885
129 2918 2854
1086 4276 5515
1344 4511 7181
2895 3394 1889
300 1273 1897
1096 3030 6402
3587 4339 9825
796 4549 5051
792 2122 2269
1278 3652 8951
2715 3160 2475
1491 3265 7341
570 1273 785
550 1993 9231
1003 3752 23
516 2188 7083
3647 4262 7561
242 567 8312
370 3098 5866
667 3727 1269
974 1478 1496
407 4529 5961
337 2295 9963
1551 3807 8125
280 4066 988
3409 4549 7221
2511 3621 1149
3188 3961 5713
1285 2393 7466
2171 3641 392
1693 4164 9785
1748 2483 4841
1012 1579 3392
845 2874 353
2476 4063 607
2850 3033 9854
3571 3635 9649
280 1733 7096
1359 4743 7983
621 992 7913
913 4753 3453
1466 2682 6679
50 2501 4237
201 752 5025
647 672 2035
1109 4856 6885
520 3660 3757
791 2994 876
172 3019 8901
1505 3604 8976
174 4285 2572
645 3427 3053
1381 4739 3033
934 2211 3151
1379 3304 6257
261 3037 4740
2971 3486 9765
2767 4834 9302
1209 3767 6161
1112 1993 9576
2884 4147 6525
1387 3051 8965
1163 3473 3048
1914 4105 4553
1468 4672 6929
2321 3509 8879
508 4802 7037
3079 3995 7809
1607 2620 8517
1849 3180 937
543 1380 21
1961 3518 1121
2536 3697 8794
289 3360 443
3204 4515 3511
822 3268 3803
2835 3261 3475
1759 4534 4553
2270 4626 9348
1091 1565 6947
174 1906 9841
1921 2850 4486
868 1185 4295
146 4820 7595
1221 2063 6651
2046 3703 9709
3126 3839 3325
3306 4277 4976
2095 3992 2273
2081 4674 1816
993 1301 9893
1435 3450 8707
180 1727 7722
281 1290 9005
1204 3516 9233
1135 4342 6329
1714 2361 9191
177 1497 5091
2781 4171 6747
7 3222 6871
3199 3618 8797
1514 4330 2865
2476 2678 642
4112 4617 2417
2959 3708 8977
1149 3075 5223
2628 3067 1091
1063 2889 8949
1973 4670 5313
559 2589 3077
2800 3519 4401
2393 3088 9297
2228 4750 7428
265 4013 4133
12 3244 6739
3716 4372 2205
383 4160 9375
209 963 8499
3181 3331 8977
16 4143 6181
300 1014 3495
84 1411 1145
1654 2488 4847
2676 4379 8689
3564 3825 7143
72 2758 6484
2673 3997 1713
1356 2355 7196
994 3623 2463
1372 3894 6351
3795 3882 9077
2762 3056 365
83 2545 1137
27 2595 961
1546 4832 1741
2760 3885 5989
671 4340 1013
1842 2580 5849
1606 4752 51
1354 2584 4921
557 1174 9691
986 2770 2964
2651 2749 1105
1566 3609 8019
521 2576 3983
4547 4771 5159
937 2329 9281
3100 3648 3727
2090 3237 3565
1995 3469 1882
2947 3271 8827
668 3819 4334
431 1949 7406
2552 4494 337
1916 3636 5375
1366 3053 1427
3670 4769 8901
4283 4877 9237
1111 3718 5255
2348 4524 1365
952 1419 3355
3871 4270 4425
112 306 6397
963 2480 3575
1381 4378 8531
3801 4394 6676
3085 3880 411
1212 4431 842
917 3476 8785
2299 4589 3873
973 2549 5575
473 1555 141
727 2689 3907
1169 2487 7729
1988 4852 2501
2427 4261 5216
1905 3716 5621
1189 2777 562
116 4137 9894
2369 3379 1613
3184 3887 2130
547 4220 4681
2026 4183 2901
463 4705 968
1891 2339 4438
1075 4327 6104
2968 4152 2628
2597 4068 1996
1 3958 7169
217 224 5429
1896 4145 3966
2782 4412 979
3527 3829 4929
2345 3535 7491
2043 2393 6878
56 1561 2823
889 3190 9009
2493 2997 9792
478 529 1091
37 778 1144
1610 3215 7126
632 2379 8041
2038 2674 4697
2947 3244 9018
1911 4264 8621
1994 4654 5361
3307 4744 4161
1145 3538 5081
650 984 658
2503 3256 84
1404 3389 4745
1721 3387 9531
1856 2900 9401
3435 3911 2361
2345 3792 8094
644 3181 9025
837 1602 1691
2190 4433 319
177 305 6967
780 1536 7624
83 1473 2801
1313 2107 4611
1624 4038 2097
1472 3364 2516
168 1717 4809
913 1875 903
1872 1996 6661
829 1007 6781
938 1846 6181
399 623 3387
3215 4850 5654
1086 3975 2199
138 3433 5481
1111 1306 5965
249 4183 8753
1539 3607 2994
840 4369 4920
3098 3136 9617
951 2706 2509
2191 4143 4343
2072 4746 6519
3644 4249 7019
3106 3623 8433
357 2082 6191
1644 4045 7431
2068 3143 3651
966 3593 4275
1507 1673 6691
931 1983 2307
3131 4834 2561
4020 4160 8001
1893 3743 5289
621 1173 5241
729 985 9713
670 3896 8745
2284 2400 5619
296 3116 7841
561 689 5185
231 375 9165
2427 3872 3664
599 4833 2174
797 3374 5450
2388 4387 8543
2721 3323 1734
1109 3829 4153
1853 2835 4257
19 1812 7831
1388 3238 7167
2967 3358 6581
2814 3449 5513
2729 4722 5557
1488 4597 6113
317 2544 2993
1669 3277 5361
269 390 2689
506 1941 6247
2008 2958 4251
1139 2085 7529
1059 1520 6627
1092 2537 6933
1419 4353 1297
1938 2600 7781
1040 3385 8490
277 2263 3577
499 3433 8283
1918 3388 3613
3360 3695 5776
1703 3742 9649
1000 4270 4661
412 3261 5659
593 1251 9711
4667 4684 8581
2287 4240 2881
3317 4116 6128
2313 2542 6915
2625 4143 4417
3296 3400 7203
2971 4350 221
1395 3765 2647
366 3914 2953
1808 2231 2199
921 2489 8
53 2571 7776
1857 4514 8879
2450 4524 7897
1388 1531 257
3021 4662 7559
1134 3740 57
4524 4755 528
1785 4395 2003
2608 4817 2976
923 3368 7481
473 1897 1981
2853 4353 9093
2081 3530 9442
394 3090 5201
1492 4695 9835
1439 4696 8509
637 1636 2777
2697 4312 8381
543 4518 7368
4237 4245 6573
2052 4589 6841
139 2704 6880
56 4729 2180
311 3622 7361
987 3272 5143
3697 3847 4895
1518 4640 5458
225 2646 7145
853 1941 6689
1197 2094 7401
675 2905 9453
2764 3608 5365
3683 3722 3605
198 4119 7022
2771 4344 1991
719 3499 5537
1440 2038 575
1592 1633 5209
627 1621 2261
814 1228 42
2710 3578 3715
1260 4516 7101
3141 3779 2272
637 2000 3271
1245 2113 5661
1964 3730 1019
2403 3715 4023
4162 4533 2721
989 4820 6891
2024 2303 9226
148 3937 2475
913 2414 9735
3629 4366 7993
1898 3540 36
1747 4742 6193
3783 4577 7545
1649 3031 9131
4195 4607 9682
2596 3838 1239
419 4607 1251
1230 2907 6685
585 3235 9167
1427 3410 464
2651 3160 6193
391 729 4568
3702 4288 4281
2269 2802 6057
592 4307 6577
3021 3270 2811
3245 3825 4773
2736 4591 2615
222 2237 9881
254 3033 185
1055 3428 4805
200 4251 3425
1901 2747 8900
1124 2785 339
2827 3641 6170
263 3575 4180
1353 4256 1533
3009 4881 7637
1477 3456 9885
467 2043 9876
134 831 7810
893 2147 1075
300 671 7441
3985 4726 1811
763 911 8613
1293 3682 7871
2768 3560 7200
446 1652 4969
636 3980 8926
2625 4467 3948
2880 3788 2183
1034 2795 3486
235 3542 5621
2720 4781 6913
1798 3442 8656
2124 2530 2307
3176 4154 8124
2898 4429 2277
37 1350 9637
381 762 5651
507 3048 9601
692 1734 1325
163 4147 6539
2450 3403 885
682 1441 5185
1163 3556 2845
4482 4609 6377
536 1071 3141
4117 4177 6843
2278 2858 8689
1022 3398 7539
1740 4185 8267
40 352 2541
2130 2322 4869
1372 3461 1361
2497 4506 2621
3928 4377 8956
314 1505 3191
2503 3274 4689
278 2509 6843
1743 3173 1509
664 3517 5141
2609 4838 3656
773 1441 8065
3620 4541 3007
4151 4816 5464
2958 3520 2477
1367 2973 5457
1688 1869 9441
1074 2612 9860
3933 4046 1
4520 4658 9725
1299 3321 5044
3210 3367 2377
4242 4634 8677
2259 2684 453
1124 2739 2458
635 4854 4209
2091 2586 5886
801 4664 8001
3508 4876 8705
1989 4134 836
2117 2401 7587
2103 2187 4899
3009 4528 7628
1436 3391 633
127 1250 3753
379 1128 9689
1195 3793 8276
4112 4210 3705
938 2061 3483
4267 4662 5774
855 1337 4544
2384 2487 8897
1676 2242 3292
1779 2614 6401
441 835 2097
2666 3325 8837
1436 2900 8957
746 3414 9707
1644 3572 4915
4146 4333 8691
1252 3776 6221
2289 4148 4301
2864 3971 6721
3359 4198 1601
1229 1803 3841
1524 3682 8989
4174 4360 5105
351 4757 1981
463 1490 8310
739 3186 3201
463 816 2116
872 2147 9086
1256 3709 8029
2131 2544 2121
4011 4267 4501
100 3245 3684
3218 4824 7791
352 1591 9201
3366 3742 8603
2768 4436 1945
476 3013 231
3155 3690 4915
3299 3339 6792
218 2941 4063
3468 3732 9665
1397 2781 9024
612 2813 1001
1396 2615 5091
2346 3888 3629
842 3764 56
3914 4321 8234
2675 4514 7933
2192 3686 1471
3326 4665 229
2832 4205 3126
2660 3883 6734
4336 4427 1546
810 4391 2949
2384 3447 7359
2726 3297 7436
2641 3889 3215
933 1112 8402
286 2226 9021
1113 4619 8245
448 3641 7313
428 2518 8981
783 2916 2981
2766 3587 2201
2051 3662 8025
2592 4410 4297
4080 4669 8714
918 1515 6101
835 4070 1921
1898 3318 2645
41 205 9335
3747 4100 6416
2175 4668 9437
178 2174 7901
2100 4467 8999
1657 4451 5384
1214 2205 6313
1287 3156 7336
2584 4547 9506
369 3362 5105
1530 1819 7552
3011 3628 7941
2644 3893 9443
2648 4325 5961
1570 4469 7327
392 1887 3904
4017 4694 1217
2338 3595 65
2972 3241 1776
418 2243 6147
1002 3552 5401
817 3569 6291
116 1931 4721
871 1146 8033
1770 3545 8515
805 2775 751
2968 4872 8603
31 1940 6081
219 4293 952
1753 2102 6871
3221 4105 4376
1138 2370 2305
3007 4169 5251
779 3610 9929
91 4557 6460
856 3890 5161
23 1541 4614
2445 3460 6913
1273 4266 8597
1039 2599 6638
1656 3122 4491
2266 2475 6898
204 3592 5477
310 3928 9317
983 1612 8945
3789 4085 4217
112 1014 4961
1847 2418 5919
1383 1525 7276
1284 3343 1747
2236 4305 4130
1683 4134 5925
1674 3010 6569
655 1895 1010
80 1804 4149
2641 4742 9646
201 3511 633
4015 4777 4877
969 1961 4905
835 1728 8871
3011 4872 2641
1874 4028 1601
2659 2796 4880
1715 2761 9610
380 896 4171
1541 2630 6769
1959 3752 46
1765 4016 9172
751 1024 1105
4287 4546 2877
707 1349 7965
1863 3913 2552
35 1051 7781
2368 3412 7004
3511 3700 4221
1823 2708 1345
961 4626 6001
287 1142 4761
554 3439 259
2337 4581 7689
896 2170 5407
410 1858 7777
888 1469 9121
251 2604 8976
2308 3085 4172
1372 3464 5557
220 1274 1832
506 4011 6337
2298 3719 6957
2840 3416 3659
1842 2183 9921
2914 4863 7881
10 3920 5169
2346 3956 3723
2521 4394 6200
2048 2596 8437
1353 3214 8860
1305 4640 367
658 2773 1401
621 3586 3423
1869 3798 8387
498 4263 3549
2861 4335 3321
696 2973 1209
1831 2658 7671
2691 4667 3161
337 4025 4006
1653 3419 4216
659 2652 8041
3544 4606 2192
433 1506 9846
1316 1350 2181
2276 2352 4075
664 4116 4545
1925 3907 561
2177 4326 4377
1756 2744 1731
961 3086 25
3102 4718 9365
879 1695 3421
2411 2989 578
376 1303 9817
1057 3107 9321
924 3363 245
346 849 5233
312 1842 545
1370 3183 257
2834 4464 5133
2737 3203 2481
1847 3335 8420
1215 2697 7480
1754 3769 3126
4446 4754 4121
398 3523 7437
2466 3285 5417
201 4537 3397
777 3912 8273
993 4654 6693
97 1665 2737
4343 4713 4689
539 939 4626
3457 4151 6161
2308 3879 1881
2976 3665 6662
1061 1344 8506
1318 3553 7127
281 3455 3551
288 4513 7849
3395 4037 457
982 3198 5281
831 3436 4401
1769 4484 5651
3417 4679 7817
1154 1818 121
673 3814 6869
35 1111 1751
548 2035 2967
865 4747 7216
24 2603 2511
3232 4616 8221
3233 3312 9321
163 3942 779
179 3872 4813
1455 2937 465
1051 3159 7834
2145 2696 2198
1298 3312 5979
164 3611 7891
253 2148 8939
1093 3107 7081
2576 3455 1857
1067 4741 1293
2824 4443 361
1851 1898 8561
660 3792 4265
635 3917 7502
925 4120 8185
1683 1829 5544
1760 3910 1905
483 2947 2422
1540 3748 6654
2528 4853 7741
1347 4197 2686
2585 3944 7269
3528 4129 1464
823 2922 1793
2127 2507 4730
2093 4212 9741
1751 3891 6160
1445 3760 7248
49 381 1761
2924 4038 3873
1371 2960 3669
4396 4467 481
1937 3677 7751
2274 2830 6001
3329 4367 7445
1754 1822 6576
718 2804 7308
163 2826 4401
414 1569 4461
1829 3929 1161
635 853 7606
882 1501 1361
1028 1429 2167
13 4566 6525
1795 1831 1133
2258 4413 1881
1834 2266 3991
1079 4680 2893
903 3972 3517
779 873 4590
476 4239 7085
1648 2662 543
2958 3954 4334
3649 4760 376
993 3382 7941
3328 4450 7661
57 4304 1686
1239 4149 2521
4084 4296 7899
832 4076 4737
1209 4519 4401
1361 3331 9237
1063 4770 3312
2 3343 1733
1436 4135 973
1215 2150 1201
696 3494 7481
2973 4658 4453
537 2475 3896
672 4447 3613
28 1436 2545
1200 2486 4311
645 1484 8466
779 4565 8989
1072 2672 2321
156 1311 5105
272 1568 6306
408 3117 801
865 2354 5316
1757 3945 6001
3129 4213 6720
4159 4873 7168
4527 4842 6964
2351 3169 9639
416 3430 6619
521 4393 3111
281 923 4289
127 3762 1882
248 2805 8869
269 2745 2296
997 4288 6387
311 674 4278
1864 2520 3133
2421 4794 3921
890 3058 7908
1580 4230 8201
66 4212 5847
3104 3173 5348
1073 2237 9507
1486 4627 4677
2616 4253 9446
1745 3794 4806
78 2171 1203
1218 1871 490
3414 4193 5972
2551 3551 7719
570 932 1095
2162 3956 5776
665 3555 961
1872 3262 2201
2276 4229 1691
318 4536 3281
3640 4416 2987
547 3303 2675
3030 3959 810
558 4205 9575
92 2055 961
2916 3784 2566
2477 3404 9075
297 4079 4607
812 3349 8841
1644 3979 1881
833 1041 1611
1584 2315 2460
3996 4327 235
1314 3466 7991
617 3603 6717
2360 3895 716
3395 4460 6535
275 940 5617
4365 4854 7801
1012 4018 2745
1239 2848 4627
3378 4874 9161
207 2254 6358
245 878 8751
2019 3334 1217
3038 3219 1606
714 4393 5577
160 1113 8417
3096 4722 693
1879 2251 4251
1072 1108 3110
1132 1554 3785
2913 3393 6825
1207 3063 8655
932 1823 6925
3873 4499 7541
2473 2810 8611
1304 4837 9761
697 1677 5802
562 3121 3121
2414 4418 9196
118 414 486
2276 2298 8013
580 4342 1081
5 2193 1489
3055 3531 9695
1633 4092 7921
1623 1931 1889
