100
90 69 9042
93 2 9329
91 26 9151
94 60 9468
99 66 9937
97 47 9701
92 29 9259
99 93 9953
99 44 9994
98 38 9824
93 6 9360
99 55 9900
92 84 9293
94 18 9405
97 97 9700
94 28 9443
97 40 9758
98 14 9869
96 101 9643
90 96 9019
96 13 9676
92 35 9292
96 66 9657
91 13 9127
92 70 9226
95 46 9523
96 59 9631
90 61 9018
97 43 9716
95 80 9503
93 37 9305
91 44 9169
92 8 9289
90 44 9032
92 50 9246
94 7 9420
98 31 9876
93 52 9347
99 3 9993
93 50 9370
96 25 9611
90 56 9061
97 42 9739
99 78 9963
99 10 9919
99 41 9929
96 25 9603
95 40 9533
91 84 9103
99 43 9908
98 17 9830
96 60 9636
96 32 9683
99 8 9965
96 88 9643
90 47 9017
98 74 9899
92 31 9265
97 75 9752
90 14 9093
99 92 9964
91 38 9153
93 69 9334
96 76 9633
90 54 9028
93 52 9324
99 26 9926
99 32 9954
90 93 9077
99 39 9991
94 89 9443
97 85 9727
99 11 9932
91 60 9178
91 90 9198
94 48 9417
94 32 9480
93 70 9398
99 93 9901
97 57 9745
93 61 9394
95 39 9598
95 85 9528
95 43 9569
96 52 9600
92 38 9282
93 22 9366
95 23 9593
93 101 9322
96 86 9650
92 36 9274
90 101 9054
93 40 9393
98 90 9895
91 69 9110
97 95 9726
96 85 9625
97 23 9791
92 19 9297
97 16 9792
