100
9000000000 69 900000000042
9000000063 2 900000006335
9000000191 26 900000019170
9000000114 60 900000011479
9000000269 66 900000026963
9000000057 47 900000005706
9000000232 29 900000023282
9000000099 93 900000009962
9000000029 44 900000002996
9000000048 38 900000004828
9000000323 6 900000032392
9000000039 55 900000003903
9000000002 84 900000000293
9000000174 18 900000017422
9000000197 97 900000019719
9000000054 28 900000005448
9000000147 40 900000014772
9000000018 14 900000001870
9000000256 101 900000025668
9000000170 96 900000017036
9000000287 13 900000028704
9000000313 35 900000031323
9000000176 66 900000017674
9000000151 13 900000015142
9000000282 70 900000028254
9000000255 46 900000025548
9000000326 59 900000032663
9000000200 61 900000020038
9000000087 43 900000008724
9000000275 80 900000027530
9000000123 37 900000012317
9000000221 44 900000022191
9000000002 8 900000000289
9000000090 44 900000009041
9000000192 50 900000019265
9000000274 7 900000027447
9000000158 31 900000015891
9000000243 52 900000024371
9000000150 3 900000015007
9000000243 50 900000024394
9000000196 25 900000019630
9000000240 56 900000024085
9000000187 42 900000018757
9000000049 78 900000004967
9000000139 10 900000013932
9000000169 41 900000016945
9000000246 25 900000024627
9000000055 40 900000005538
9000000161 84 900000016119
9000000229 43 900000022930
9000000048 17 900000004834
9000000046 60 900000004640
9000000227 32 900000022705
9000000139 8 900000013978
9000000316 88 900000031674
9000000050 47 900000005022
9000000269 74 900000026925
9000000062 31 900000006271
9000000267 75 900000026778
9000000050 14 900000005098
9000000239 92 900000023987
9000000091 38 900000009162
9000000223 69 900000022356
9000000236 76 900000023656
9000000040 54 900000004032
9000000273 52 900000027351
9000000169 26 900000016942
9000000139 32 900000013967
9000000311 93 900000031108
9000000180 39 900000018008
9000000154 89 900000015458
9000000277 85 900000027754
9000000149 11 900000014946
9000000322 60 900000032210
9000000242 90 900000024222
9000000064 48 900000006423
9000000275 32 900000027507
9000000164 70 900000016414
9000000009 93 900000000901
9000000187 57 900000018763
9000000174 61 900000017411
9000000276 39 900000027625
9000000215 85 900000021549
9000000275 43 900000027596
9000000036 52 900000003603
9000000102 38 900000010292
9000000093 22 900000009375
9000000045 23 900000004597
9000000273 101 900000027349
9000000196 86 900000019669
9000000082 36 900000008282
9000000000 101 900000000054
9000000264 40 900000026419
9000000069 90 900000006901
9000000181 69 900000018128
9000000037 95 900000003729
9000000246 85 900000024649
9000000178 23 900000017808
9000000143 19 900000014311
9000000228 16 900000022814
