1000 1000
105319183
15890639
929877479
144667400
479850869
18843964
971616887
782738084
342832448
917553393
545690376
436130104
17980177
49650103
553136233
545211733
468232701
204264835
361070788
287049936
75899987
927600935
418808633
962945125
626855444
913266356
649879106
443068579
362798421
24064768
157449737
661429769
897555021
597896053
860799277
449170106
719768143
355227668
809677098
128274003
477286697
690860546
62180989
710531085
528354947
133889243
340086915
355750899
287164880
211076079
735084696
208133547
418896010
743115023
308620968
59950285
447315827
109989059
982325040
552583510
21895673
863598145
393284599
854684242
340107827
418612370
554988966
785603081
86623600
254072590
918666616
170343620
113530178
270847691
277831120
878619596
333843538
88042457
481279650
459809824
166014276
58038393
754949287
923186705
116404062
232047132
416885737
491187683
321181970
949372842
892431176
913388930
945330848
871917573
883840211
109372626
119838256
812180342
46947762
320307415
213173849
817333589
681699062
763813914
505688624
382590957
74705225
883449661
367767012
750429190
38233297
273165886
116028850
773177248
566144648
512133470
584769155
707305094
571657064
655735848
597277459
590125463
394100051
629166714
603346583
932440660
216359155
142353745
50013087
688582356
201942578
756026019
853232016
608062885
749581998
590626120
130356023
178532600
765241672
447747168
648292094
128293135
796505932
193090990
675427142
180180760
348344680
992899107
764351541
326682025
304756986
400165858
401596026
439290129
184338521
789485871
787470077
290852292
46280233
389960567
704326117
936061129
410086152
856253626
760242213
322605487
17747445
950728443
733788770
666739648
14845099
351500523
334132779
934083486
883020265
258803154
328110382
100097346
11907388
434725644
532218375
851616494
795252827
716183538
888385196
393267660
225320088
794871548
969883205
337305050
291872197
252987493
406992752
238083499
731964276
785827285
287655323
567078070
577609967
173709644
500446243
70408013
456403043
540453557
471790646
698431799
915078167
301144104
220140456
718688242
124626813
409140003
302306710
165647489
700350365
107995982
879349535
509939392
592249577
665318692
198624804
659466297
32606104
32179873
943605739
365091222
554309736
873616633
315002023
519454120
941899656
153710739
344214747
961899320
63036107
740501910
375310510
540784841
94203946
929620628
609756045
265820780
926847078
441719040
945445142
966527267
14667107
710376240
147106807
240217424
596168429
737058406
321372820
261639668
340313218
606018180
520218586
39280786
982090665
658824370
617916310
831520218
767386499
407865098
617410000
583680535
407182819
166490163
685875446
110125875
241729086
499071462
977450165
409714433
866390333
537359893
107722080
496105582
69120440
638873221
358775649
152896495
105432451
240906755
885616925
607570130
190151520
835893885
910463810
125201949
940335
853487872
250817510
61206098
969094913
183969983
890407782
459086778
465627342
408414551
241530030
822706060
295088729
911953709
295366599
309492382
498336192
426602362
927310520
33008341
529213395
161145700
689653020
580351322
72253362
85879658
929902599
171579286
727648135
71798261
469658736
716349304
792564775
800741031
436986751
128518037
273899348
749537268
662696544
510321639
862200354
174983836
849101701
317218023
347930526
431149165
165405331
574594640
249105634
633201772
67786942
478993403
383833706
525904160
623093235
941157107
4884519
305045747
124516562
463535608
721677266
881922003
651730570
510437618
375737270
572042896
248912927
544460347
211994779
162794343
887282935
507479023
610770861
165896321
195729523
634595334
848682181
927929367
432869066
529205136
718395431
266330806
311600799
133641741
533643606
245800403
954574186
801646370
130022412
425745369
906482011
390640626
3287736
100323299
881500799
79025211
534944575
728875674
977847530
221700104
427195517
175391724
573268840
198359665
115383693
861674744
677540706
593054496
252742661
148939800
898558305
428694290
153450193
203497929
811085418
693628239
169371911
896578694
954975162
549348874
988560360
526425614
640511170
938051636
347166254
951598936
177307537
369080381
983397478
956930549
91741497
400934818
836293105
732398919
846858611
142464079
437790531
768907729
875125083
52501157
380507134
197360700
211376157
504069149
762032190
263297301
551925674
6080655
519722017
787940638
730479382
273852397
807384505
846128176
661979438
219273611
883374815
638045276
173474482
450086172
986116806
647537327
138112947
895107300
22060734
157071009
874493873
275961603
964095238
201293927
17022005
752462120
900743255
987677123
44927146
602286093
657116840
650242351
812788951
87391449
465519302
508943475
4233272
669933777
477168524
791742478
817315836
776091091
605128169
553955041
364104891
967934487
234872364
986108942
196720436
320150980
169541345
712117703
345534144
175611582
401703490
79988591
809655004
334392699
456403509
987960719
90352218
612933869
289075430
290720677
170943334
557328763
995295528
729390302
498879978
26722184
296917032
132352098
504504802
234106421
808651103
292088415
765423202
51032479
40724278
383698195
372775052
589328673
993609066
187998910
834735915
507515863
539539375
308304099
880700290
598627091
234956839
287477882
38618767
240557703
808809242
592910278
100809262
679165923
691555715
435353927
61749792
520068681
77905128
243672599
623143451
489093412
696505976
604053309
295879685
818525293
305125930
424305964
574962966
255528864
285728987
517955332
185679147
374066469
600289785
908198866
978514488
33784683
170771649
890496519
561217764
937263441
176156027
414540714
432729326
392099378
247740702
790558582
911437298
130277448
303012529
468794990
646168122
608986527
369551064
341124257
775318463
299224942
132725081
434189211
686967388
454758612
610875777
650676072
648479785
81488043
962043501
642156978
649586397
508824689
953008641
267266766
293686431
909904089
62999523
932805087
846902139
769132332
809610781
808978753
316752083
472581535
677998764
256115348
914097414
575600641
849527970
319922328
428791039
491410958
838413499
690173785
479094457
621708398
291154232
834908277
334658282
685235289
352407354
915711351
744924873
909745513
311324555
475895235
734142096
749321999
720063598
328319149
912026345
735298316
804597720
887116275
452888607
512337257
8159133
837671873
798238719
447280792
78217653
68902061
976309731
394025980
585996959
407120351
72667048
204645725
507463795
522388162
454584822
555098169
656056780
498682391
581800694
225086464
354213429
374961897
342235614
963099858
132280540
54284739
796979055
69446130
842805747
985780808
624290867
167724441
385791649
69388035
234811682
302166954
265040491
76601631
306422969
761442690
155944771
954457914
616171441
859852718
281435353
646120352
779048461
138987879
734120183
894224186
214686296
879419176
842738299
534018501
360756517
27056495
118924659
52452205
478503544
275927229
908371866
428873762
405074251
365617276
937980894
357633193
389970275
720364931
691865824
451251270
695899185
579557410
961803109
390395845
602247002
128063992
302058244
718923676
858703977
103433865
577319905
56305564
24065203
309869591
278729423
462036427
448368632
172104859
335420293
806840915
884022085
983451574
946376318
118838
135041148
227399529
4043856
66480893
290949402
411360111
576276203
756717478
239727124
670088292
932945587
758407049
360124374
51391521
753231380
887533525
486853182
719577444
612783440
941245308
849654191
130256683
296775847
910032847
637192189
2665066
534470979
288299847
578658132
316121807
2142878
701893889
760682686
829507030
153661815
245919263
121341831
867394933
240614733
224026957
220308624
340470448
286349672
387019369
846186946
653900095
958468034
552070153
420125925
930331117
334678785
35229190
120775471
977423488
395695472
275152615
14816727
684348990
235609334
266528919
736008880
883508696
520446944
107581626
414423510
985584188
608172361
873230371
429330311
411962124
43770567
328474364
649012048
189819801
721745153
247423174
749563382
91637403
25973565
878104984
887371737
284679212
279636639
169787152
913430222
158488276
266923572
438407300
127662835
205192359
988531502
622246870
191389794
461456074
264160657
300629753
490482012
119623316
203452141
153330272
81791175
72253034
671051958
616556482
58918969
116789406
750734795
809087663
214134146
410141560
106563364
326795507
289405193
397935024
700743977
174361886
655514390
919148449
380544541
148928050
706924585
543104724
657509167
937158548
896238225
91424025
644150702
990798227
321863124
524101555
673606635
505511577
912462604
977648313
937423345
173270972
44208473
535874205
468186403
722615098
746013271
54809310
10519985
80452586
968871904
320923399
402598780
137790913
597410956
433247180
594646774
261985242
22364879
80961899
649309192
885100585
922219727
499622696
359736166
132338200
653997527
321494232
668901086
446642450
490653365
275621772
976102629
772593065
624496507
210822813
170727780
224620633
621627708
92482341
232969053
650378024
715983018
864515113
723688712
294609541
864624653
933855367
227542082
295137783
228137566
153452389
589516438
800799271
965690484
471597406
313208260
667871969
353927719
217389544
182435745
811378478
915340601
10168016
391083536
58490271
319491613
86858947
490419661
644166596
465538593
756198718
996971885
727585769
709916848
561953759
967915908
24756308
73072202
804321677
32436083
251389447
399837352
403261768
378467787
116428872
718342598
12823378
315540686
559649409
43510882
531952568
366976615
253834508
754558701
203132571
510959976
486607430
305852158
150842943
584225055
308258556
93059700
367506707
270982087
404866717
853192993
710361480
890024540
605249599
21485362
557145197
623399111
379370741
269338242
746583473
922375965
424384586
948985173
154616506
803982295
732103509
423891196
230827569
897085823
591180578
249469416
861234589
832289944
796338443
720873775
15570514
973085643
696629887
811630826
675486445
779169929
81346862
0 715 715
1 580 486
0 81 81
0 76 76
2 580 486
0 392 392
0 612 612
3 180 65840771
3 226 858824594
0 470 470
1 516 86
0 537 537
2 516 86
0 230 230
1 101 345
1 678 241
3 602 945502015
3 20 439468529
0 742 742
1 959 973
1 527 109
0 462 462
1 626 2
0 904 904
0 900 900
0 528 528
0 919 919
1 520 588
3 964 534391240
3 720 28136340
3 814 126460730
2 959 973
1 697 658
2 527 109
3 361 916115103
1 292 489
1 39 659
1 381 728
1 199 208
0 158 158
0 601 601
1 200 316
3 341 488713952
0 423 423
1 675 300
2 520 588
2 381 728
3 707 222936018
1 867 973
0 801 801
0 470 470
0 948 948
3 765 816213527
1 468 124
0 144 144
0 17 17
1 194 687
3 528 211902500
0 620 620
0 185 185
3 517 826728452
0 731 731
0 189 189
0 36 36
0 22 22
0 320 320
1 573 465
3 327 275987727
1 147 571
2 678 241
1 697 657
0 731 731
1 172 974
1 606 143
0 927 927
1 146 428
1 905 877
0 623 623
1 307 384
3 58 888322239
0 166 166
0 370 370
2 172 974
3 46 794727235
0 816 816
3 942 227765077
1 522 984
2 626 2
1 912 735
1 791 582
3 104 544055693
0 222 222
1 516 99
1 733 533
0 502 502
0 323 323
1 787 766
1 410 662
2 912 735
0 702 702
3 218 971274318
0 267 267
0 3 3
1 11 402
3 591 721548863
0 870 870
1 611 600
0 988 988
0 885 885
1 256 337
0 422 422
1 635 467
0 518 518
0 752 752
2 791 582
2 697 658
1 717 140
2 611 600
1 489 61
1 311 369
3 313 312682572
2 522 984
1 965 556
1 805 988
2 292 489
0 160 160
0 949 949
0 17 17
0 104 104
2 199 208
2 307 384
0 306 306
0 207 207
0 475 475
1 864 977
0 835 835
1 990 356
1 373 480
3 167 251690575
0 826 826
0 938 938
3 580 613129074
1 620 909
0 187 187
1 266 577
2 573 465
1 728 739
1 34 140
0 1 1
1 282 449
3 602 435694226
1 261 892
0 210 210
1 361 780
0 979 979
3 898 446523297
0 411 411
1 102 763
0 48 48
0 770 770
1 728 832
1 355 442
1 93 767
1 646 389
1 759 85
0 815 815
0 772 772
0 166 166
0 350 350
3 82 988014780
1 311 286
1 8 573
2 787 766
3 434 729002963
3 89 621681466
1 882 970
0 259 259
0 837 837
3 578 564912204
2 34 140
1 359 715
2 266 577
1 274 637
1 26 50
1 514 311
1 870 915
3 115 798267126
1 947 442
1 365 801
0 458 458
3 505 848967091
3 519 587933558
0 1 1
2 361 780
2 410 662
1 738 520
1 28 684
2 311 286
0 999 999
0 30 30
2 990 356
1 280 881
0 645 645
2 516 99
1 107 264
0 235 235
1 383 843
0 841 841
2 107 264
0 117 117
0 6 6
1 748 909
0 154 154
0 791 791
3 246 263772991
3 87 705640775
1 442 537
0 283 283
1 464 433
1 270 289
0 408 408
1 720 476
0 633 633
0 909 748
0 109 109
0 266 266
0 149 149
0 52 52
1 804 493
0 601 601
0 39 39
1 546 788
1 810 126
1 633 39
0 31 31
1 2 37
1 910 579
3 548 953201699
0 914 914
1 546 211
1 52 352
1 625 48
0 326 326
1 1000 664
1 71 8
1 308 525
3 513 67848767
0 34 34
0 446 446
0 916 916
1 993 235
3 435 348833139
2 11 402
0 884 884
0 438 438
1 955 207
0 385 385
1 282 677
3 341 490195085
0 734 734
2 256 337
3 594 109322342
3 597 183352521
0 754 754
2 728 832
0 49 49
1 178 433
3 289 639197734
2 93 767
3 308 828895388
3 226 974414715
0 249 249
3 938 933647665
0 733 733
2 146 428
3 7 163321456
2 200 316
1 97 173
0 727 727
1 848 731
0 231 231
3 249 896880439
1 767 63
0 958 958
0 731 848
0 471 471
0 62 62
0 209 209
0 517 517
1 394 755
1 130 593
0 543 543
0 934 934
1 879 678
0 524 524
3 749 23299543
1 654 248
0 90 90
2 39 659
1 340 764
1 855 658
2 717 140
1 966 672
0 516 516
0 264 264
0 814 814
0 338 338
0 489 489
0 429 429
1 349 628
3 193 522432352
2 635 467
3 867 276689600
0 454 454
1 509 209
1 77 428
1 227 144
1 752 990
0 456 456
3 138 389895194
0 501 501
0 205 205
1 634 94
0 88 88
1 74 602
1 110 122
3 488 241199459
3 539 500045053
2 280 881
3 394 94114604
0 1000 1000
2 178 433
0 27 27
0 182 182
1 485 207
3 382 963275360
0 965 965
1 802 659
1 971 994
1 449 286
1 201 839
1 8 462
1 394 913
1 977 651
2 733 533
3 428 867779139
0 914 914
3 122 619917474
0 12 12
3 99 444789756
0 271 271
1 818 590
1 117 177
0 538 538
0 56 56
1 247 13
2 802 659
2 8 573
1 320 710
3 391 974291421
3 462 946755996
0 851 851
3 420 825107621
0 364 364
2 804 493
0 81 81
3 316 806113743
0 349 349
3 800 248352779
1 182 732
0 938 938
0 763 102
0 35 35
0 272 272
0 158 158
0 419 419
1 336 772
2 101 345
3 590 827233961
2 77 428
2 675 300
0 355 947
0 492 492
2 383 843
0 949 949
1 364 867
3 65 338006596
1 612 402
0 220 220
2 752 990
0 868 868
1 319 340
0 319 319
2 882 970
1 153 668
1 886 162
1 809 556
1 781 395
1 892 237
3 227 154161800
1 8 327
3 420 126227746
0 869 869
1 947 535
2 147 571
0 811 811
0 673 673
0 485 485
1 999 215
0 164 164
3 128 647274079
1 482 298
1 330 58
0 530 530
0 288 288
0 88 88
1 785 799
1 647 49
3 283 163280240
1 222 414
1 409 226
0 648 648
2 966 672
2 867 973
1 698 166
1 108 34
0 680 680
0 723 723
0 680 680
0 682 682
1 954 973
2 194 687
1 376 224
0 102 102
1 210 55
0 236 236
0 964 964
3 957 514302575
0 289 270
0 860 860
1 736 4
1 129 951
0 710 320
0 307 307
0 101 101
1 880 821
1 574 627
1 586 676
0 404 404
2 880 821
0 84 84
3 140 748644605
2 71 8
3 530 233002744
1 893 122
3 50 737641008
2 947 535
1 270 463
0 484 484
0 683 683
1 357 251
3 442 35190485
0 6 6
0 275 275
2 965 556
1 102 471
1 583 680
1 80 237
1 502 820
1 700 363
0 625 625
3 872 459078183
0 705 705
2 8 462
2 489 61
0 59 59
0 779 779
0 763 102
3 238 196244102
1 577 652
2 954 973
0 103 103
0 262 262
0 55 210
0 699 699
0 873 873
3 683 840234282
0 571 571
3 52 297710915
1 895 287
1 93 335
0 932 932
1 88 85
0 38 38
0 406 406
1 883 118
2 308 525
0 107 107
1 70 406
0 91 91
1 635 361
1 108 629
2 728 739
1 97 380
1 968 539
3 75 962106406
1 842 307
1 898 959
0 86 86
0 368 368
2 319 340
0 83 83
0 731 848
3 772 415882117
2 282 449
0 432 432
0 210 210
3 809 509270295
1 484 555
0 760 760
0 255 255
0 714 714
0 138 138
0 317 317
0 894 894
2 182 732
1 755 153
1 778 679
1 357 258
1 956 685
0 33 33
1 434 172
1 249 475
1 651 61
2 130 593
3 481 102623337
0 194 194
0 584 584
0 638 638
0 516 516
0 686 686
2 97 380
0 764 340
1 987 673
0 329 329
0 914 914
0 849 849
3 718 579810698
1 914 509
3 148 670211321
0 625 625
1 412 845
1 13 764
2 947 442
0 346 346
3 378 500795606
3 835 95333960
2 311 369
0 305 305
1 395 918
0 980 980
3 926 402436874
2 340 764
1 651 815
0 691 691
2 222 414
0 482 482
0 814 814
3 205 925080154
3 788 846525787
1 898 536
3 801 493553442
0 121 121
0 971 971
3 228 591781250
1 818 522
2 805 988
0 425 425
0 136 136
0 749 749
0 759 88
3 893 443149035
0 870 870
1 530 424
1 637 900
0 658 855
1 889 619
1 482 131
2 509 209
0 438 438
0 891 891
0 946 946
1 743 578
1 476 924
0 989 989
0 664 1000
0 284 284
0 127 127
3 632 922195143
0 80 80
2 394 913
2 336 772
0 710 320
1 303 992
0 875 875
3 908 466893450
0 835 835
1 735 266
0 59 59
0 202 202
0 516 516
1 857 171
0 284 284
0 216 216
0 182 182
1 415 888
1 64 513
2 864 977
2 110 122
0 721 721
0 439 439
2 13 764
0 587 587
0 964 964
1 663 196
0 414 414
2 52 352
0 476 720
0 956 956
3 564 748241672
1 871 116
0 637 274
1 200 469
0 309 309
0 497 497
1 727 174
1 535 791
1 177 929
3 837 164017222
3 199 396246372
0 784 784
0 768 768
1 90 674
0 568 568
0 137 137
0 679 778
0 787 787
0 217 217
2 364 867
0 329 329
0 416 416
0 67 67
2 93 335
3 731 369983464
1 126 667
0 866 866
0 746 746
0 671 671
2 583 680
2 855 658
0 530 530
0 456 456
0 258 357
2 373 480
1 68 898
1 370 909
1 706 804
2 449 286
1 327 726
1 291 494
1 552 3
1 206 190
1 168 957
0 704 704
0 205 205
3 221 964508280
0 979 979
3 378 530430732
1 170 380
1 224 693
3 379 54721870
3 917 36750440
1 299 140
0 563 563
1 573 553
1 478 89
3 804 505409532
1 925 480
0 575 575
1 150 393
1 585 193
2 484 555
0 878 878
1 2 754
1 623 216
2 620 909
2 895 287
0 405 405
0 921 921
3 386 440022335
0 756 756
0 931 931
0 489 489
0 7 7
2 748 909
2 97 173
3 101 130313196
0 901 901
0 798 798
0 441 441
2 70 406
1 616 807
0 38 38
2 977 651
0 514 311
1 90 433
0 61 651
2 879 678
0 607 607
2 2 37
1 317 647
0 603 603
0 468 468
1 493 878
2 468 124
3 788 901309896
0 163 163
1 689 788
1 408 929
0 751 751
1 237 468
3 204 378565364
1 343 777
0 921 921
0 826 826
0 909 909
0 1 1
0 550 550
1 51 746
0 674 90
3 1000 183191283
2 261 892
1 126 395
0 561 561
0 355 442
0 200 200
2 502 820
0 663 663
0 330 330
0 256 256
0 705 705
3 644 822400988
2 818 522
0 642 642
0 340 340
0 812 812
1 186 125
1 531 130
0 877 905
1 277 500
2 635 361
0 631 631
1 791 426
0 482 482
1 350 952
0 653 653
1 404 533
1 657 606
1 301 591
2 634 94
2 102 763
3 431 489387471
3 145 937524944
1 938 871
1 350 19
1 781 100
1 321 957
3 536 238657673
0 488 488
3 139 418796932
0 14 14
1 548 487
1 407 45
2 697 657
3 927 881880720
0 910 910
0 299 299
1 406 180
0 250 250
0 19 350
1 317 319
0 518 518
1 808 971
1 452 536
0 965 965
1 768 84
0 1000 1000
0 26 26
2 654 248
0 821 821
0 859 859
1 367 555
0 754 2
0 590 818
0 187 187
2 370 909
0 259 259
0 1000 1000
1 813 493
3 154 538158362
1 461 472
3 634 736500649
1 981 862
0 109 109
0 357 357
0 431 431
2 224 693
1 316 260
3 740 435646552
3 675 202409793
2 818 590
2 606 143
3 797 225785401
1 330 335
1 818 336
1 289 881
1 160 416
3 17 630715984
1 56 153
1 691 616
1 138 943
3 418 381376499
0 62 62
0 806 806
0 19 350
1 264 410
3 641 323340902
3 885 325420906
0 554 554
1 447 345
3 104 112196957
2 848 731
2 442 537
0 166 698
1 252 166
0 728 728
3 506 427244441
0 73 73
1 203 501
3 633 547451248
1 113 827
1 645 516
1 692 739
0 507 507
0 833 833
1 357 514
3 536 436422125
3 706 670061136
1 891 805
2 905 877
2 412 845
3 606 205636805
0 392 392
2 623 216
0 553 573
0 361 361
3 136 881089663
2 90 674
1 300 42
2 355 442
0 900 274
0 27 27
2 126 395
0 864 864
1 104 777
1 237 52
3 916 850781017
1 384 287
3 155 310016492
0 92 92
3 155 87344595
1 771 916
3 78 533917276
3 379 442821235
1 821 985
1 37 627
0 862 981
3 788 32021974
0 460 460
3 681 617962091
0 965 965
0 352 352
0 418 418
0 321 321
1 675 478
1 223 670
0 243 243
0 899 899
1 986 873
0 583 583
1 363 247
1 950 578
1 45 629
0 408 408
1 438 583
0 672 672
0 259 259
0 833 833
3 829 964760027
2 249 475
2 999 215
0 387 387
1 335 341
1 65 961
0 33 33
0 656 656
1 876 181
0 424 530
0 172 434
0 329 329
3 113 427495762
0 487 548
0 742 742
1 797 130
1 17 718
0 955 485
3 521 443659956
3 64 826590175
3 573 767532520
3 274 522950048
0 313 313
3 360 750111812
3 928 950850067
0 952 350
0 456 456
0 806 806
0 219 219
1 331 212
2 530 424
1 965 377
3 886 822927018
3 607 728337505
1 581 845
3 574 30309859
0 387 387
0 879 879
0 453 453
3 565 573210700
3 385 293121902
1 907 283
1 278 427
0 753 753
2 409 226
0 371 371
1 23 395
0 405 405
1 626 617
2 616 807
1 281 56
2 646 389
1 262 280
2 950 578
3 817 95937787
1 852 947
1 228 953
2 651 61
0 362 362
0 497 497
2 759 85
3 946 402988024
0 475 475
0 67 67
0 750 750
0 430 430
0 88 85
0 225 225
0 388 388
1 438 670
2 464 433
0 685 956
2 581 845
2 818 336
0 448 448
1 174 9
0 351 351
0 214 214
1 536 585
3 464 96039771
0 463 270
0 178 178
0 420 420
1 587 938
0 648 648
3 462 687908919
1 218 186
1 353 809
0 380 170
0 668 281
3 12 875408011
2 907 283
