627341701
973319296
725076435
748448424
973319296
531145175
759512247
861744351
320276188
425335548
777507361
801455589
273759271
135047342
37391146
774690394
818501463
133078341
536256242
832236199
660194762
127875415
143112667
705295264
114511762
786365915
362601446
48705215
259830374
487459968
696473445
403541224
253834404
62693425
96552768
440293464
314820857
895410761
170659591
369209113
659388536
111064728
665771936
978195932
157019091
819864987
143746855
558791529
380603403
622095312
172266861
593837998
64859578
924886118
786365915
280904146
268968944
576129650
252518700
451839232
705295264
774690394
173584034
72373699
508089488
889622135
293879396
622095312
611008600
219648940
792026750
746680345
237263581
898113301
24951908
21369533
986901911
600713820
203894537
861623959
984049671
468388323
363568045
200316835
95128498
633954509
653710490
46139107
801017511
905934445
157019091
781251290
971767551
899012025
308862889
639671550
512054846
1011779269
558791529
438598657
978282871
451839232
28579710
973319296
896663656
710452031
145653122
33881636
527241307
118694768
694414347
661632947
121504675
195641509
994826950
966170597
424063101
696473445
993576574
119593695
970017911
8709160
442474942
548303255
93481745
3064584
323606976
2072967
65163831
720501021
240144020
495979056
975320468
11572406
833733449
976029779
171922729
603889880
28233108
132887733
366292100
954317470
99038797
303421786
308862889
937724692
251715302
436956301
932395099
35124498
861344714
834508738
456284335
15500451
693534308
310142135
533156680
317501172
56791932
676603924
695090404
352487856
961307101
876986705
266142746
785743423
371288782
371288782
503070539
599591264
563746436
191082557
611394960
875166281
498655263
985224093
142995556
839919127
969756755
733145176
866024502
860664854
839159779
699809309
198237772
618138118
752164397
994652903
152211407
639337956
109788665
914158539
14100342
975320468
816612099
711141897
160044406
943731500
527241307
32636021
317501172
257773818
919524369
601580356
3064584
975320468
975320468
936082479
402046816
121504675
984275629
883794548
671523140
603329366
119593695
75002722
923268612
160800221
25608929
139654149
585809375
653710490
668154796
916738402
415833725
864646084
432294332
230197981
591120314
240144020
635040676
859366635
760027060
986901911
397992075
172266861
438598657
456230323
600987331
508089488
900785031
145721825
71191011
242754357
71243814
285588642
550247995
320276188
702823235
406126670
