577319905
166014276
878619596
175391724
690173785
87391449
61749792
519454120
51391521
752462120
650378024
224620633
287477882
313208260
290852292
316752083
836293105
649012048
87391449
116428872
193090990
468232701
915711351
888385196
4043856
969883205
449170106
927600935
71798261
4043856
391083536
311324555
322605487
529205136
438407300
659466297
557328763
792564775
720364931
407182819
929877479
54809310
591180578
922219727
400934818
589328673
910032847
389960567
718342598
468232701
544055693
309492382
915078167
477168524
750734795
119623316
561953759
225320088
105319183
718688242
922375965
988560360
355750899
340470448
266923572
387019369
322605487
463535608
982090665
214134146
275961603
105319183
779169929
24064768
72667048
63036107
289405193
584769155
18843964
439290129
520446944
105432451
896578694
452888607
194208625
367767012
583680535
764351541
208133547
316752083
809677098
157449737
153452389
128518037
597896053
219273611
800799271
885100585
6080655
881500799
411360111
2665066
287164880
147106807
290949402
946376318
941899656
203132571
148750946
465519302
863598145
220140456
826728452
696505976
756198718
308304099
949372842
383698195
407865098
126460730
574594640
345534144
875125083
895107300
157071009
170943334
471790646
491187683
81346862
649879106
851616494
93059700
153452389
436130104
241729086
520068681
59950285
657509167
165896321
166014276
124516562
933647665
966734882
860799277
499071462
290852292
983397478
280566160
79988591
718342598
665318692
722615098
727648135
746013271
279636639
306422969
196720436
856253626
240557703
835893885
491187683
522388162
646120352
335420293
646120352
138987879
817333589
740501910
534391240
545849621
505511577
65377293
498336192
213173849
203497929
923186705
986108942
734120183
18843964
866390333
734142096
695899185
982325040
334678785
966734882
681699062
831520218
951279962
937980894
968871904
303012529
644166596
355227668
693628239
74705225
892431176
232047132
927929367
754949287
148750946
197360700
718688242
701893889
340313218
103433865
389895194
929902599
275621772
897555021
238083499
650676072
447280792
383698195
879419176
722831987
662696544
153452389
706924585
734142096
941157107
295366599
424384586
118924659
967934487
126460730
597277459
890024540
846858611
590626120
23299543
462843939
54809310
520309116
6080655
668901086
403261768
249469416
1041797990
240906755
216359155
459809824
65377293
402598780
95333960
982325040
70408013
383698195
240906755
107995982
851616494
448368632
519722017
962043501
534391240
938051636
781999002
253834508
939497726
927310520
90352218
275152615
224026957
790558582
130356023
666232116
235609334
879349535
662696544
951598936
554988966
535874205
719577444
265040491
233002744
157071009
209812621
451251270
925080154
922375965
176156027
369551064
433247180
811085418
353927719
288299847
490419661
345534144
163321456
621627708
411962124
730479382
355227668
478254668
643086389
849527970
677998764
650242351
410086152
296775847
353927719
119623316
864624653
105319183
255528864
368375336
561217764
343784803
173709644
842805747
510321639
606018180
695899185
394025980
633201772
169787152
154586150
804597720
967934487
581800694
241199459
49650103
933855367
465627342
240217424
237337916
589328673
93059700
183191283
913266356
191389794
673606635
14340773
1031039502
225320088
982090665
183191283
367767012
248912927
489387471
863598145
91637403
237337916
374066469
116421075
118838
113530178
296917032
58918969
175391724
764576529
916115103
983361703
649879106
173270972
913388930
47572972
201293927
93059700
881922003
381376499
469658736
926847078
170727780
610875777
896578694
76601631
982090665
58918969
534944575
897555021
374961897
642044863
1065405240
662696544
852118210
51391521
686609732
312682572
989556601
157071009
91637403
592249577
534944575
594646774
138112947
637192189
718395431
811085418
507479023
90352218
477168524
554988966
130256683
52501157
464962237
943605739
728875674
65728340
638045276
721677266
165647489
857744228
100097346
126227746
522388162
1054734361
87926485
