1000 1000
1758 1204 1617 73 1821 5539 9015 7142 5877 5790 1770 4181 3381 3996 2110 3990 1469 6546 8088 9086 6034 7064 9089 5873 4994 9055 5040 9946 3049 9567 2396 9232 594 8666 1767 678 3034 796 4019 3727 4258 8709 5425 7485 521 3333 9691 8443 2138 9211 4713 3592 5776 4653 4004 7425 4947 5301 9569 2495 5189 4766 1504 9314 2545 7122 1767 4450 418 2986 7439 3306 7630 5571 9423 4368 1540 6692 858 1761 2581 5958 5113 6027 7032 790 384 4993 1221 7358 5522 8069 3984 8867 183 4031 3115 2083 5069 5465 5892 71 6907 1355 7702 9225 2225 9209 5363 1782 5125 2176 7639 3073 2275 375 2491 7086 4527 7661 8257 701 7739 8569 1713 9471 7897 6634 6242 7614 8516 249 3008 8580 5996 4864 4607 8684 1196 3720 7278 5766 618 7327 2093 9117 3395 768 4029 2562 1341 3643 3113 1339 465 4993 6085 9450 9354 7190 7007 3857 4120 2195 3742 100 7214 5803 1277 1717 8071 5959 8885 6260 9807 1272 6119 3607 5169 8506 4068 443 3602 6997 7904 8967 3681 9649 5242 6836 9533 3254 4328 4108 7320 4077 2794 8601 9297 2765 5201 6975 6027 2761 8014 7052 9220 2375 3605 97 9795 4697 4782 811 8414 5678 8113 250 1017 1792 9358 723 1616 2157 1459 617 5730 4974 9307 1698 4486 1932 4245 2079 3156 1686 187 8199 7249 867 8431 2105 7351 1467 6931 5195 1911 2440 7305 5539 3651 8165 927 6549 5035 5956 4373 3618 3321 6685 901 9737 4512 1777 8438 3904 7194 1964 9247 9409 5541 679 614 5660 9338 6951 745 7755 6990 7642 9781 3327 3991 865 9404 8384 7495 6609 7456 9735 8288 8982 2716 3988 8331 3921 6897 6271 2970 4813 6673 3613 4174 6354 2999 7383 6909 7840 2393 831 2066 2455 631 4740 6290 2686 7067 749 4122 7303 8824 6807 4995 3196 5423 5455 5818 4622 5992 6478 2700 2886 432 973 8960 9364 75 9083 7725 1941 2817 6665 2176 450 1993 8518 7760 5154 3398 358 181 9649 8696 465 8967 7543 7954 6482 8104 2545 8063 3351 9258 3568 5135 9593 8605 4975 2984 7292 6215 284 5360 2689 8707 1461 9834 5943 974 8152 4602 9428 3241 3722 5809 8159 4919 5461 9715 7086 929 11 2384 5064 983 2829 3990 9919 3597 7931 5074 8493 6230 7453 4493 5091 932 0 5817 3367 109 5616 8619 7015 9039 5849 2617 8355 4995 945 7808 6128 7755 6919 8179 6529 5896 9442 8954 2044 9733 2701 4438 8968 6752 1689 7590 3074 8034 6682 2293 501 1413 4624 1912 7565 9665 2003 4500 4712 5821 7303 256 2261 3696 2283 7374 1446 7418 4725 8045 6496 9775 8653 2672 5320 9802 3825 1043 1483 7569 9335 201 924 5371 4826 3002 4401 1488 7080 3597 757 4175 2722 2323 8511 7246 2531 3470 9316 9789 1811 2409 2475 5092 6547 8651 8697 9354 2506 1676 6212 8304 5658 2573 6746 9141 1200 9958 8381 8733 5909 7814 6010 75 359 717 4257 1009 5650 2923 3768 7352 7110 5207 3939 9270 1536 1468 5757 8666 8193 1739 8421 6908 9132 6851 2788 2387 3404 5680 8434 8854 1654 2820 5712 6061 3270 5755 7327 6623 4859 4969 7550 111 7673 3976 3710 1899 6691 1036 4272 8638 4546 3270 7013 2366 8666 4475 2627 2996 8707 6172 8799 7875 7431 1661 4017 3476 4151 6930 4388 1990 3856 6321 6435 2176 2667 7052 3534 6718 6180 8388 4687 4129 4506 8480 5566 1132 3603 5066 7789 2905 49 2353 8051 7138 3957 1661 2098 292 2732 9390 7170 3870 6437 423 7936 4752 8387 9923 6334 3750 286 8647 9229 9926 5823 7537 7721 7671 4354 5552 8904 7974 9794 2836 1989 1414 9666 2902 2454 1669 6174 5176 2401 7553 3436 7117 8756 1285 7506 1462 6232 5073 8018 1319 318 9882 8079 3555 2079 6333 5508 1036 6089 6126 6586 1741 7944 7141 8979 2421 107 5043 1254 8241 5756 8369 4438 9394 2985 7593 4301 737 4307 4155 7630 4323 4737 5206 1478 9493 3669 3631 7381 4716 474 245 978 681 5797 4279 7008 8759 5079 6409 3277 2248 5525 3301 6203 8959 695 3513 5040 9038 7011 5588 9816 6634 2834 7074 25 6340 1533 7779 1902 8322 4292 724 7531 7803 421 1293 567 8768 4310 9575 8496 1355 6555 8890 4134 8763 8701 8011 9755 1382 9852 7038 6392 9168 1345 8249 8176 176 1326 1040 5987 1375 5499 3057 3152 8459 5616 4951 3857 5085 2888 1847 9969 1996 7765 3199 2721 1119 8675 4604 4999 7598 529 7373 6017 4225 6837 8030 9090 518 8198 2064 6328 7633 3926 9181 4126 5805 4338 7565 2562 9165 5901 1223 8337 4606 8019 74 6964 7798 9950 8113 9355 7516 3737 4415 7123 8761 5851 114 3000 5822 5675 7323 4111 4102 1097 47 3788 3376 6034 9678 5089 3978 5302 6791 6439 4238 6933 6072 2454 9405 835 7658 5825 372 3723 8750 1865 6408 6371 7524 1262 3002 7089 8362 7376 2254 688 8486 1079 3935 2978 7041 5715 7217 5990 4912 6790 4528 2644 4593 2756 7927 7401 2384 456 4592 3258 8114 4246 6803 3694 8726 6541 5089 8165 7319 6482 5434 3612 7236 4642 929 5176 414 9867 2961 6615 1646 3706 7841 6856 7251 6788 4082 180 5919 8971 2028 8201 6412 6543 9626 5938 2894 5922 4402 5951 7188 5307 2873 4951 9170 5027 4601 9573 2657 2761 5612 2116 8132 3288 2998 7367 8089 4843 3513 7827 8836 2001 1497 5564 5518 9700 2761 238 6324 9202 7237 6141 7858 8696 6430 4749 9395 2029 6504 6817 2639 1669 6755 8402 5969 1284 3601 7999 1830 4384 5244 9437 554 5632 7857 3156 2985 9739 4173 7254 7449 7221 627 5374 6973 4783 5514 2274 9501 1509 662 3716 27 6536 3984 4319 7856 6553 1407 3905 5263 3829
2 519 904 9770
2 390 553 2346
3 84 124
2 677 785 8844
2 435 638 1821
3 49 612
2 340 428 250
2 245 463 6227
2 11 441 2643
2 194 866 6693
2 604 983 8276
2 682 817 5109
3 288 444
3 554 692
3 53 104
2 145 439 870
3 56 777
2 467 771 8016
2 61 86 3022
2 547 696 6879
3 342 970
2 523 830 614
2 453 693 2640
2 576 578 9609
3 466 635
3 270 989
2 147 480 723
2 21 149 5804
3 65 504
3 233 908
2 223 830 4898
3 232 624
2 564 773 9927
2 83 897 4523
3 130 182
3 172 325
2 26 627 646
2 496 935 2104
3 528 694
2 20 501 733
3 196 779
2 588 949 3220
2 173 326 6612
3 77 379
2 24 820 7424
3 176 417
3 547 787
2 206 782 4417
2 53 546 4437
2 532 640 9199
2 496 762 7205
2 215 575 1919
3 169 639
2 31 528 684
2 435 865 8290
3 2 956
3 474 483
2 478 616 2389
2 26 59 9323
3 911 959
2 524 634 904
3 111 845
3 849 991
3 499 734
2 194 413 965
2 196 200 4622
3 195 509
2 518 685 3649
2 460 765 6490
3 565 771
2 845 959 2704
3 120 145
3 317 827
2 178 632 7520
3 219 910
2 80 583 1765
3 176 543
3 368 892
3 326 794
3 52 290
2 346 863 3462
3 132 671
2 204 508 2167
3 38 757
3 297 899
3 203 724
3 561 934
3 43 472
2 608 731 4653
2 261 329 3651
3 136 265
2 697 782 3404
3 245 449
2 234 655 5275
3 638 970
2 473 629 9907
2 471 551 9051
2 307 594 4636
3 511 871
3 413 585
3 136 699
3 268 475
2 444 937 6224
2 294 727 9846
2 123 670 5243
2 473 897 6416
3 81 353
2 117 592 5955
2 160 801 5259
2 534 548 2230
3 288 636
3 857 972
2 376 414 4049
2 270 766 4719
2 447 652 4306
3 217 729
2 70 903 260
3 317 993
2 22 345 6413
2 221 532 6841
2 149 388 2818
2 131 711 9381
3 673 783
2 216 786 2362
3 354 819
2 605 923 6009
2 496 822 3590
3 56 289
3 912 985
3 556 919
2 541 562 5968
2 828 880 8141
3 26 694
2 6 653 1840
3 24 858
2 232 242 8355
2 258 551 53
2 535 750 6721
3 74 639
2 141 752 130
3 72 600
2 791 892 9098
3 39 111
2 145 728 8836
2 135 617 8437
2 569 935 1419
3 455 933
2 779 878 5205
2 1 363 1832
2 14 850 8114
3 71 117
2 214 326 4473
2 648 854 5521
3 105 361
2 463 778 4062
2 458 919 7790
2 548 905 8483
2 25 169 6986
2 124 891 3559
3 170 950
3 42 679
3 511 603
2 882 913 2956
3 187 802
3 89 324
2 178 480 7968
2 783 921 3187
3 565 847
3 169 304
2 166 974 2263
3 698 768
2 45 694 1567
3 693 909
3 346 544
3 344 866
2 264 621 7949
3 137 560
2 10 897 2006
3 70 767
2 409 740 1935
2 567 656 6886
2 135 478 3688
3 70 632
2 381 637 6035
2 167 222 3263
2 461 620 9099
2 829 873 1800
3 375 399
3 352 567
3 511 886
3 281 631
3 279 674
3 492 537
3 26 498
3 44 990
2 878 971 3011
2 224 899 3117
3 336 914
2 118 227 2220
3 308 432
2 516 725 3025
2 110 439 3067
3 599 762
2 495 789 7193
3 138 749
3 180 190
3 227 575
3 196 508
3 40 976
2 554 786 9427
2 49 571 6112
2 396 526 4402
3 239 292
3 319 949
2 529 764 2369
3 433 781
2 224 301 2267
3 145 529
2 54 127 2184
2 2 152 8070
3 500 665
3 160 640
3 519 538
3 216 288
3 511 879
3 39 952
2 414 556 1566
2 184 755 4247
3 200 679
2 609 659 5625
2 562 972 7381
2 289 825 6913
3 309 593
3 725 916
2 208 347 5135
3 117 425
3 33 808
3 318 688
3 616 942
3 463 612
3 14 560
2 342 654 9461
3 783 964
3 457 508
2 161 830 9372
3 90 924
3 458 899
2 815 958 4066
3 49 118
2 405 742 4613
2 177 989 8815
3 116 473
3 24 495
3 670 710
3 64 545
2 635 713 7875
2 127 531 5970
3 58 924
2 500 856 3960
3 398 441
3 430 669
2 352 566 6775
2 563 736 8011
2 639 803 7509
2 521 995 4733
2 296 468 2366
3 362 901
3 594 881
2 472 841 7562
2 27 902 5296
3 177 708
3 667 820
2 456 477 6915
3 745 896
2 332 626 9633
3 566 973
3 707 881
3 373 506
3 77 238
3 835 911
2 228 491 4544
2 161 829 7093
3 200 275
2 97 105 4523
2 886 994 9362
3 380 530
3 60 424
2 417 856 4396
3 452 663
3 283 505
2 804 834 1507
3 137 360
3 459 495
2 620 870 8061
2 22 470 7149
3 169 766
2 148 591 8236
3 526 896
3 370 543
2 25 657 3462
2 855 945 4588
3 360 518
3 549 977
2 262 1000 3738
2 226 345 1482
3 499 595
2 580 889 5782
3 320 436
3 401 663
2 14 481 2983
3 724 865
2 22 535 1234
2 511 548 301
3 341 485
2 136 507 9163
3 476 615
3 292 546
3 524 939
3 865 942
3 129 819
3 325 603
3 374 693
3 577 862
2 258 378 9587
2 83 297 6755
2 384 827 7539
3 549 1000
2 158 580 7121
2 176 501 5927
2 308 795 6782
2 136 420 3745
3 129 216
2 39 897 8721
2 484 620 1821
3 91 488
2 695 785 8264
2 535 650 6738
3 217 724
2 95 611 8731
2 31 727 4132
2 692 957 5090
3 20 543
3 124 411
2 13 206 6305
2 775 889 7824
3 958 965
3 464 490
2 18 437 8650
2 384 811 2179
3 556 822
3 189 940
2 597 999 3232
3 721 729
2 363 402 7821
2 80 643 4715
2 173 384 7122
2 802 917 9484
2 426 481 2685
3 634 880
3 201 420
2 263 787 2994
3 238 531
3 116 197
3 291 507
3 568 586
3 12 806
2 49 234 9393
2 373 971 6388
3 336 393
2 430 532 8910
3 282 660
3 630 661
2 139 777 3839
3 409 574
2 419 963 2669
3 187 956
3 114 533
3 567 786
3 316 971
3 17 648
2 700 933 7828
2 837 838 9619
3 56 299
3 143 329
2 135 596 7018
2 21 672 8879
3 690 710
2 245 417 4781
2 121 347 84
2 41 719 4766
3 228 616
3 237 492
3 389 442
3 555 948
2 234 290 6768
3 266 542
3 520 585
3 55 71
2 804 931 9128
3 474 945
3 320 716
3 445 742
2 284 715 2457
3 293 654
2 148 485 3455
2 210 688 1967
2 178 222 6320
2 67 115 1697
3 146 649
2 693 911 4570
3 213 855
3 83 781
2 28 434 6639
3 421 952
2 284 800 6216
2 109 975 7377
3 211 312
3 925 940
2 235 276 844
2 69 195 4971
2 350 681 3770
3 13 916
3 287 523
3 109 452
2 214 572 4219
2 444 844 5281
3 219 696
2 519 655 5955
3 563 912
3 420 867
3 114 707
2 313 467 8412
3 138 395
3 341 618
2 637 822 7087
2 198 397 7264
2 97 949 4269
3 623 983
3 902 927
3 419 608
3 507 699
3 246 672
3 716 891
3 215 550
3 436 534
2 235 673 2913
2 380 457 3002
2 298 510 7084
2 897 981 6336
3 17 198
3 147 905
2 668 919 5065
3 44 523
3 780 967
2 30 648 4910
2 175 180 6754
3 98 534
3 370 417
3 223 356
2 14 473 4348
3 865 937
3 6 135
3 691 876
3 111 431
2 312 788 568
3 624 883
3 739 906
2 27 272 8100
3 194 618
3 430 618
2 367 979 6568
2 15 285 5420
3 620 796
3 90 108
3 71 502
3 105 999
2 54 754 1459
2 474 557 7454
3 113 176
2 38 268 3416
3 252 855
2 270 843 9284
2 172 387 6495
3 536 629
3 648 754
2 516 606 2808
2 276 655 8350
3 216 447
2 102 561 2178
3 693 761
3 275 372
2 246 576 4073
2 142 816 3473
3 136 182
2 661 729 1237
3 294 998
2 78 793 2029
3 195 528
3 184 794
2 33 833 7365
2 420 856 3401
2 760 944 4588
2 164 352 650
3 114 494
2 309 412 9441
3 737 914
3 153 918
2 85 457 1976
2 898 995 3179
2 74 422 8434
3 326 991
2 840 961 1990
2 593 708 3331
3 147 225
3 293 314
2 134 248 6358
2 892 984 4034
3 101 247
2 35 470 8219
2 431 797 7188
2 763 833 1448
3 620 955
3 772 853
2 418 668 8192
2 102 230 7242
2 158 197 9915
3 32 98
2 545 610 1082
2 182 692 1411
2 166 572 9931
2 23 983 7160
3 173 203
3 250 517
2 889 988 128
3 399 864
3 32 370
2 72 545 3170
2 149 853 3727
2 597 877 5615
3 128 380
3 179 698
3 753 893
2 892 938 2722
3 518 782
3 632 684
3 103 167
3 349 756
3 258 675
2 169 886 6769
2 233 745 9445
3 11 428
3 415 446
2 258 416 6281
3 682 937
3 919 935
2 258 871 8039
3 445 789
3 94 382
3 273 468
2 539 809 3792
2 40 961 9106
3 386 719
2 301 910 5399
2 331 756 5400
2 177 309 7643
3 587 815
3 55 645
2 299 425 3339
3 165 644
2 111 860 8962
2 402 730 8246
2 251 677 2924
3 621 943
3 397 510
3 330 518
2 11 20 1366
3 17 111
3 330 898
3 561 988
3 339 943
2 183 708 3994
2 583 715 1454
2 32 843 8160
3 448 858
3 130 895
3 551 655
3 354 978
3 406 432
3 740 787
2 375 876 6569
3 772 875
3 671 875
2 57 974 9304
2 657 850 2875
2 98 304 3995
2 249 550 2990
3 408 590
3 130 897
3 591 654
2 272 704 9952
3 210 264
3 171 738
2 557 835 2859
3 156 518
2 103 729 1036
2 240 260 8486
2 105 431 5855
2 97 733 4031
3 53 68
3 270 989
3 418 718
2 498 912 371
2 81 708 704
2 344 481 1223
3 271 595
2 666 760 5561
3 522 691
2 244 691 3653
2 257 642 6130
3 328 542
2 731 976 8158
2 583 764 5269
3 95 119
2 828 899 5231
3 295 889
3 299 474
3 218 858
2 790 937 2762
2 89 166 9762
2 486 642 2564
3 206 953
3 188 556
2 510 950 7449
3 160 181
3 225 797
2 495 684 8407
3 113 218
3 57 865
3 33 444
2 125 454 9284
3 159 279
3 450 812
2 19 626 836
3 510 896
2 43 915 2179
3 384 762
3 340 342
3 879 899
2 193 495 5881
2 380 687 5592
2 312 456 1273
3 624 775
3 581 735
3 886 923
3 169 468
2 245 432 9834
3 171 254
3 250 985
3 470 920
3 1 633
2 617 666 5359
3 231 915
2 333 457 7375
2 70 476 6817
2 98 651 1404
2 430 574 3707
2 569 616 9016
2 146 989 7682
2 805 934 3916
2 130 343 2424
3 273 397
2 127 688 5623
3 756 919
2 202 456 690
3 450 642
2 278 537 253
2 316 813 7651
3 390 476
2 252 349 9543
3 190 325
2 11 969 622
2 73 901 8905
3 111 667
2 416 501 8218
3 242 633
3 858 858
3 96 410
3 142 797
2 24 664 2263
3 285 518
3 65 812
2 203 320 6176
3 531 674
2 91 908 5625
2 604 947 664
2 1 378 1836
2 673 890 7646
3 258 926
2 53 913 4278
3 95 467
2 651 934 6324
3 14 878
2 31 240 510
2 69 444 6326
3 471 923
2 142 893 8306
2 144 788 2290
3 577 738
2 85 789 2319
3 103 671
2 503 716 7481
2 230 450 8847
3 48 795
3 209 523
3 179 912
2 330 926 6663
3 67 836
2 293 830 1805
3 194 217
3 650 964
3 147 891
3 59 180
2 16 319 979
2 203 705 9706
2 112 132 1937
2 487 833 5466
3 180 940
3 575 881
3 127 838
3 235 255
3 113 337
3 247 977
2 721 790 3954
2 150 484 5012
2 259 688 6469
3 719 884
3 313 748
2 382 889 8607
2 207 506 1936
2 410 574 7579
3 225 945
2 192 399 3839
2 790 857 6638
2 639 799 2293
2 536 557 8038
2 150 536 4632
3 299 822
2 353 637 5195
3 715 722
3 14 647
2 249 614 69
2 76 265 4637
3 316 497
3 9 162
2 412 802 1683
3 258 315
2 466 779 854
3 31 999
3 4 622
3 90 371
2 324 410 1988
3 78 331
3 817 929
2 581 666 9405
3 623 997
2 52 163 9759
3 60 705
3 365 591
3 464 589
3 349 991
3 269 647
2 792 811 1693
3 156 888
3 69 386
2 254 857 4596
2 463 701 5025
2 231 493 1357
2 721 887 4291
2 331 567 9673
2 543 627 221
3 172 228
3 306 834
3 387 939
2 230 723 6838
2 377 711 1813
3 131 613
2 31 560 1073
2 525 605 3687
2 197 673 2856
2 129 736 4658
2 252 951 1833
2 673 770 8468
2 795 799 8928
2 580 755 8925
3 211 346
3 652 858
3 733 844
2 311 371 3211
2 194 246 3432
3 388 701
3 94 987
3 510 905
2 345 746 4275
3 879 935
3 800 842
3 608 937
3 192 905
3 910 921
3 132 387
2 977 996 8773
2 116 966 3086
2 828 935 2757
3 320 419
3 920 949
3 629 859
3 134 578
3 555 646
3 405 759
2 118 699 1126
2 247 799 9040
3 370 939
3 913 977
2 334 577 4504
3 319 947
3 232 437
2 74 705 4435
3 21 364
3 112 906
2 26 724 7363
2 915 974 5119
2 826 917 6306
2 83 652 4885
2 98 450 343
3 146 648
3 236 978
3 224 281
2 75 823 4941
2 614 948 6665
3 189 709
2 295 902 5993
3 69 424
2 346 423 7484
2 317 665 7708
3 14 858
2 326 651 1188
3 577 816
3 368 1000
2 348 718 619
2 256 391 2024
2 378 473 309
2 187 748 6085
2 809 975 274
2 299 703 7548
2 151 476 6736
3 431 888
3 452 952
2 21 549 5156
2 271 644 8687
3 141 841
2 79 627 6147
3 22 275
2 72 891 1654
3 46 895
3 760 906
2 204 552 9246
3 185 896
2 488 870 534
3 472 592
3 1 681
2 160 256 746
2 668 924 9688
3 731 911
3 110 561
3 149 693
3 120 882
2 54 928 985
3 24 721
3 662 914
3 182 842
3 136 917
3 512 542
2 117 704 5671
3 691 741
3 488 892
2 127 471 8273
2 277 345 5429
2 47 730 9036
3 58 208
2 465 938 9024
2 648 755 4531
3 86 250
2 385 581 8382
2 154 670 6130
2 47 89 4423
3 148 771
2 108 886 6792
2 403 949 1251
2 88 824 9977
3 371 489
2 189 662 1835
2 687 838 7180
2 197 942 8496
2 63 193 4698
2 172 885 7246
2 375 633 4713
2 478 917 2612
3 426 489
2 759 883 5402
2 134 343 6620
3 141 510
2 86 602 1666
2 521 956 1181
3 67 839
2 678 917 361
2 663 735 567
3 679 939
3 682 813
3 808 834
2 146 911 8859
3 209 453
2 484 700 702
2 826 917 7187
2 60 897 7272
2 315 989 3542
2 61 549 7564
3 703 989
2 65 348 427
3 559 711
2 509 759 6437
2 315 707 731
3 529 875
3 210 710
2 340 735 43
2 484 940 5873
2 57 237 4365
2 230 937 3218
3 524 931
2 257 373 9780
3 195 446
3 243 918
3 136 1000
2 131 216 2220
3 142 671
2 769 956 6938
2 305 394 5648
2 732 848 3047
3 683 842
3 89 454
2 139 977 4200
3 89 898
3 545 975
2 209 600 3371
2 174 985 6893
3 155 361
2 163 273 4728
2 88 485 6220
2 136 966 4421
2 38 416 5696
2 140 383 4350
3 97 513
2 141 709 1349
3 85 267
3 404 601
2 220 478 8426
3 293 319
2 353 356 2584
3 122 710
3 145 536
2 371 595 6086
2 233 416 5108
3 139 154
3 236 941
2 100 859 5911
2 299 970 8877
2 358 683 1920
2 723 809 1716
3 135 695
3 403 743
2 197 612 3228
3 127 284
2 389 634 4543
2 130 158 6603
2 10 618 6211
2 205 535 4820
2 60 819 165
2 595 995 496
3 37 107
3 687 722
2 73 815 1864
2 340 361 9758
2 510 640 5663
2 368 729 5563
2 892 930 2720
3 367 639
3 394 733
2 48 414 2692
3 383 765
2 79 411 8547
3 92 644
2 518 892 8426
