507882745
669208919
706257390
200437116
840751801
152704346
666899051
732489741
596543217
325016114
466794154
291182787
317700323
626911082
146136261
425643100
846661066
894293073
568801529
300890633
199867240
596632145
295648798
247198434
773844168
719314358
937722480
969884539
903521030
611175062
197306886
673785224
530073952
292089948
354930708
323612827
347552546
500555442
31271715
868280891
925839592
340399908
217716031
516179887
380226863
886411016
695712205
247794854
739917982
195579173
674292116
631591535
418785129
936822330
556738389
416991083
5151662
335274305
808003092
940695774
936796469
955282947
854144348
313786360
302077382
422372640
512746572
364501757
896049156
986792690
456914513
928761037
448449876
819601976
309617499
348038544
177839274
800812525
472031786
374559780
970134666
850582223
825483896
689309414
915829509
885978076
330673115
641440535
643115037
422845946
212746688
9735595
125950584
245178480
246054522
418086461
691367021
82481853
764145455
611230845
580968292
859730663
824901631
161847473
327375637
669605612
904688094
266590722
542019668
958722315
744835377
723442284
606933907
464080152
51676556
653958357
465590764
602759278
297489549
16134376
188192270
573719947
578876412
555758944
635627814
832221381
719782406
261663072
337426847
947573364
292722741
440612158
650435705
607391111
786163726
203094733
260281855
526410842
814899772
533312553
253995330
640418644
963284338
226865780
620239691
380468677
946586530
771713546
569013116
655106809
322287994
340406877
939587467
949812812
111769042
261203064
133991734
590282579
760426533
358699096
318012851
111745168
662142735
643933195
966153807
227749417
811403287
116746649
757061777
891545863
710858327
665778530
490105508
650526763
216635972
743518577
543228359
212249598
782003688
75317873
800848830
754683911
452896565
250555131
817905040
529637358
969421307
565139801
703247342
631458847
678031633
986194566
825231823
759796158
252379529
704004625
769166229
75165434
363975913
621535788
278475109
909017150
289519258
421531237
873991237
536817994
656630757
102739111
437632787
514173808
416734741
984550568
830827985
767603570
747368701
330665396
516365846
763144126
995210398
971423870
528487560
102180670
666236750
500265606
903033579
972980772
101174356
548017707
913148687
12628459
185263730
908007215
20158621
917731815
298226299
566600975
112230967
478084288
495775040
37859732
173586660
369004010
210553340
462803685
81108955
334926071
821772809
317142165
819523640
278888064
605607470
913558203
208101861
995430691
815992278
161664993
939003851
701687955
192069489
33025467
289846752
846721195
623209449
652620104
701317100
733207784
625540468
914982036
151008662
767143072
88488624
768260340
98797524
923184403
138932957
732164778
344977976
233110085
357397863
158766357
992278937
314816811
75086973
190928213
154257355
827431139
235609513
525995307
160714779
455148666
606716050
112629568
491694058
766975926
917258180
770255180
16356035
668118093
696944197
471602504
107593297
7423690
557472843
1001054158
224091600
156867842
850087286
624648249
200360776
165869643
635824174
868358467
454959986
108547901
584162791
119166489
576754720
295951921
866276080
575424765
457116563
875678009
228004073
469044069
920691669
900662328
546799409
350525892
137804761
556742620
185244573
784461331
262706467
57056700
329278968
83674412
124217209
731506677
420036472
563135492
674570151
662603333
167598554
570570620
37139258
173391930
655244903
873689120
212500791
985008064
804873525
844383071
61151740
761566325
691044646
627217783
713887945
955108610
610395693
90532233
578381169
915313253
431113732
915542882
466222466
532069872
154024088
881371271
606823894
345217392
718061906
95241485
611433737
374181747
798793347
757752953
14981495
977009927
804053738
474695595
116762275
455236709
438641272
999132677
583115949
164502599
990679085
276191471
498484988
74502485
304981684
840036851
476167658
350009124
574197418
217023015
779567287
157863889
673664862
248974343
