1000
1 2
1 3
2 4
4 5
3 6
6 7
6 8
7 9
5 10
6 11
10 12
7 13
2 14
8 15
9 16
4 17
15 18
16 19
12 20
11 21
8 22
2 23
4 24
16 25
8 26
10 27
10 28
18 29
4 30
21 31
16 32
12 33
20 34
5 35
23 36
30 37
16 38
14 39
36 40
7 41
41 42
11 43
15 44
5 45
34 46
3 47
7 48
48 49
17 50
2 51
30 52
50 53
34 54
15 55
47 56
38 57
28 58
19 59
42 60
36 61
24 62
3 63
41 64
34 65
24 66
3 67
6 68
42 69
4 70
56 71
28 72
23 73
2 74
21 75
9 76
45 77
13 78
43 79
37 80
11 81
79 82
33 83
51 84
25 85
9 86
26 87
65 88
17 89
68 90
61 91
27 92
44 93
3 94
10 95
19 96
87 97
29 98
89 99
77 100
48 101
5 102
55 103
7 104
44 105
81 106
18 107
23 108
87 109
95 110
49 111
9 112
108 113
109 114
45 115
30 116
41 117
100 118
101 119
50 120
2 121
5 122
24 123
51 124
40 125
58 126
7 127
26 128
23 129
8 130
45 131
32 132
69 133
81 134
14 135
8 136
33 137
120 138
87 139
139 140
136 141
138 142
39 143
140 144
13 145
53 146
110 147
88 148
115 149
34 150
144 151
75 152
143 153
98 154
48 155
24 156
56 157
86 158
51 159
141 160
151 161
151 162
96 163
158 164
91 165
117 166
157 167
73 168
147 169
126 170
79 171
22 172
48 173
156 174
1 175
70 176
82 177
18 178
165 179
163 180
157 181
32 182
19 183
123 184
16 185
69 186
111 187
12 188
162 189
177 190
6 191
131 192
117 193
168 194
187 195
149 196
134 197
182 198
19 199
92 200
70 201
101 202
191 203
26 204
3 205
159 206
70 207
59 208
184 209
23 210
28 211
45 212
112 213
187 214
158 215
104 216
182 217
53 218
35 219
124 220
25 221
124 222
38 223
48 224
71 225
197 226
7 227
170 228
3 229
219 230
137 231
43 232
43 233
100 234
64 235
96 236
114 237
51 238
40 239
226 240
61 241
139 242
175 243
89 244
134 245
99 246
47 247
164 248
114 249
203 250
10 251
66 252
145 253
39 254
13 255
119 256
148 257
206 258
156 259
235 260
130 261
65 262
89 263
107 264
211 265
199 266
241 267
71 268
93 269
101 270
148 271
185 272
205 273
158 274
220 275
227 276
49 277
176 278
266 279
85 280
109 281
58 282
180 283
150 284
249 285
153 286
210 287
88 288
282 289
152 290
242 291
145 292
39 293
165 294
209 295
54 296
83 297
68 298
218 299
296 300
175 301
273 302
52 303
102 304
17 305
19 306
60 307
271 308
280 309
49 310
8 311
198 312
215 313
42 314
302 315
136 316
159 317
171 318
96 319
45 320
246 321
146 322
23 323
29 324
152 325
185 326
84 327
101 328
300 329
60 330
249 331
62 332
303 333
183 334
111 335
165 336
228 337
275 338
56 339
227 340
133 341
185 342
174 343
46 344
232 345
143 346
47 347
6 348
85 349
79 350
288 351
3 352
102 353
208 354
345 355
10 356
202 357
248 358
178 359
40 360
37 361
276 362
351 363
7 364
259 365
110 366
114 367
155 368
222 369
32 370
283 371
216 372
187 373
354 374
130 375
256 376
144 377
236 378
370 379
38 380
325 381
163 382
44 383
145 384
69 385
151 386
127 387
86 388
256 389
294 390
66 391
97 392
362 393
41 394
231 395
202 396
296 397
343 398
224 399
25 400
297 401
12 402
28 403
123 404
44 405
7 406
21 407
231 408
168 409
269 410
315 411
313 412
411 413
380 414
174 415
154 416
39 417
93 418
417 419
228 420
293 421
270 422
67 423
351 424
147 425
139 426
38 427
359 428
145 429
384 430
381 431
189 432
130 433
319 434
2 435
161 436
297 437
164 438
204 439
240 440
420 441
133 442
214 443
71 444
225 445
276 446
295 447
222 448
337 449
318 450
415 451
294 452
20 453
138 454
291 455
310 456
81 457
402 458
112 459
270 460
446 461
60 462
94 463
399 464
455 465
337 466
39 467
29 468
20 469
338 470
403 471
250 472
255 473
205 474
299 475
12 476
165 477
199 478
70 479
116 480
7 481
477 482
449 483
43 484
79 485
225 486
475 487
151 488
372 489
156 490
310 491
11 492
236 493
278 494
98 495
154 496
215 497
308 498
178 499
137 500
56 501
101 502
98 503
265 504
171 505
413 506
146 507
470 508
74 509
416 510
376 511
194 512
502 513
505 514
113 515
340 516
272 517
209 518
231 519
429 520
222 521
250 522
235 523
522 524
4 525
34 526
109 527
223 528
488 529
495 530
72 531
408 532
513 533
463 534
518 535
28 536
458 537
209 538
114 539
421 540
255 541
128 542
78 543
62 544
35 545
262 546
172 547
354 548
507 549
170 550
38 551
6 552
12 553
145 554
375 555
48 556
317 557
350 558
109 559
50 560
229 561
526 562
460 563
537 564
46 565
32 566
16 567
456 568
221 569
554 570
498 571
305 572
5 573
511 574
329 575
10 576
130 577
417 578
331 579
487 580
524 581
44 582
203 583
212 584
152 585
77 586
483 587
410 588
503 589
215 590
57 591
68 592
34 593
544 594
212 595
535 596
494 597
67 598
143 599
596 600
51 601
496 602
431 603
537 604
597 605
553 606
434 607
108 608
411 609
448 610
418 611
213 612
130 613
112 614
590 615
113 616
475 617
524 618
266 619
474 620
586 621
179 622
113 623
508 624
242 625
70 626
593 627
42 628
70 629
513 630
578 631
39 632
200 633
395 634
625 635
484 636
285 637
105 638
459 639
139 640
196 641
616 642
394 643
642 644
406 645
626 646
541 647
78 648
152 649
318 650
455 651
215 652
170 653
255 654
560 655
238 656
528 657
192 658
162 659
649 660
57 661
542 662
201 663
602 664
217 665
512 666
393 667
225 668
293 669
258 670
155 671
59 672
537 673
348 674
628 675
140 676
441 677
67 678
620 679
281 680
347 681
358 682
83 683
363 684
447 685
335 686
306 687
82 688
618 689
512 690
617 691
547 692
31 693
184 694
265 695
78 696
142 697
128 698
663 699
472 700
9 701
444 702
675 703
70 704
95 705
481 706
665 707
638 708
599 709
658 710
479 711
332 712
12 713
137 714
334 715
309 716
706 717
611 718
613 719
419 720
178 721
378 722
164 723
220 724
35 725
656 726
498 727
664 728
506 729
197 730
505 731
443 732
243 733
198 734
540 735
722 736
184 737
689 738
460 739
733 740
192 741
603 742
301 743
658 744
485 745
504 746
431 747
583 748
211 749
237 750
224 751
428 752
495 753
138 754
583 755
456 756
591 757
50 758
175 759
327 760
282 761
334 762
394 763
592 764
170 765
57 766
350 767
623 768
379 769
125 770
582 771
48 772
723 773
78 774
761 775
422 776
210 777
648 778
651 779
234 780
129 781
86 782
127 783
516 784
659 785
618 786
264 787
60 788
537 789
127 790
465 791
560 792
668 793
674 794
247 795
15 796
637 797
14 798
427 799
630 800
681 801
424 802
495 803
679 804
281 805
482 806
166 807
1 808
387 809
445 810
30 811
509 812
142 813
729 814
341 815
415 816
789 817
594 818
623 819
23 820
247 821
568 822
404 823
407 824
586 825
683 826
782 827
195 828
102 829
180 830
813 831
286 832
500 833
577 834
190 835
659 836
353 837
166 838
832 839
349 840
502 841
276 842
340 843
294 844
184 845
362 846
724 847
504 848
396 849
299 850
161 851
109 852
271 853
460 854
182 855
378 856
649 857
506 858
439 859
164 860
57 861
297 862
701 863
79 864
831 865
64 866
589 867
561 868
202 869
707 870
276 871
395 872
98 873
92 874
81 875
832 876
732 877
133 878
44 879
242 880
458 881
742 882
316 883
168 884
605 885
677 886
710 887
238 888
328 889
5 890
696 891
424 892
561 893
390 894
747 895
172 896
696 897
482 898
187 899
313 900
816 901
609 902
454 903
336 904
165 905
478 906
333 907
761 908
214 909
650 910
307 911
432 912
882 913
327 914
293 915
674 916
202 917
658 918
463 919
71 920
714 921
757 922
466 923
656 924
107 925
107 926
69 927
907 928
811 929
734 930
85 931
813 932
569 933
815 934
138 935
630 936
72 937
743 938
727 939
889 940
155 941
437 942
536 943
382 944
753 945
798 946
268 947
129 948
37 949
833 950
550 951
192 952
801 953
386 954
456 955
377 956
569 957
577 958
212 959
150 960
614 961
508 962
627 963
533 964
902 965
281 966
817 967
42 968
200 969
727 970
115 971
899 972
573 973
844 974
321 975
301 976
224 977
356 978
852 979
133 980
491 981
48 982
745 983
730 984
42 985
18 986
357 987
154 988
813 989
292 990
428 991
143 992
318 993
513 994
500 995
798 996
836 997
238 998
910 999
686 1000
