100 500 200 25980/32419
410717256 295123902 280033704 120671358 184966506 77183205 599695350 568566598 562811292 5450436 275043658 32720280 237263130 944658444 150105942 259117712 518256420 15185164 238620525 209014064 24538269 39238920 24739777 81960912 46427255 595678158 702404010 77638176 819611716 14976316 66562056 203058728 182689690 248234475 91149872 33895514 214793742 4375968 327793928 30061928 14767432 817236299 353141026 301847182 231567240 430743438 29341592 85187349 26881180 124362652 653569756 280778 209287188 268885760 205824773 10473040 174677329 616075838 104184829 62210600 30835260 696384900 454510512 152755056 187095300 97913537 19725513 470895070 554581908 7795524 303322840 366901822 167831526 123323721 118387032 344041240 178213500 814507744 23998612 13749916 137605968 51708060 222757896 40051648 122835680 8063484 1982497 646998826 542677296 236553432 126568193 246973800 40464960 249156816 420589792 148602195 2488525 73267284 16743760 87050544 
36 61
8 36
17 36
34 8
34 36
34 17
87 36
87 8
16 17
98 36
98 34
98 61
45 8
26 61
18 36
18 87
18 17
18 8
18 26
18 45
18 16
18 98
18 34
18 61
29 16
29 98
29 45
29 34
29 36
29 26
29 8
29 61
29 17
29 87
35 87
35 17
35 34
35 8
35 98
35 29
35 18
3 34
3 29
3 8
25 3
25 35
25 8
1 17
1 26
1 18
1 16
1 45
1 34
1 61
1 25
1 8
1 87
1 29
1 36
1 98
33 25
33 18
33 45
33 98
33 16
63 33
4 34
4 18
4 33
4 1
4 87
4 61
4 29
4 16
4 17
4 26
4 36
4 45
4 8
43 33
43 18
43 8
43 45
43 35
43 3
43 4
31 45
11 36
11 26
11 4
11 1
11 34
11 45
56 98
56 34
42 45
42 26
42 18
42 4
42 8
42 17
81 17
81 61
81 87
81 3
81 34
81 35
81 63
81 56
81 25
81 45
81 26
81 36
81 98
81 42
81 29
81 11
81 8
81 33
81 18
81 31
81 1
81 43
81 4
81 16
14 35
52 43
52 16
52 29
52 81
52 18
52 45
52 36
52 17
52 98
52 87
52 4
52 1
52 56
52 63
52 42
77 8
77 1
77 18
77 35
77 4
77 34
77 33
77 25
77 42
77 31
77 56
77 43
77 29
77 17
77 11
77 81
77 98
77 16
77 36
77 26
77 45
77 87
77 3
77 63
77 61
37 77
37 29
37 11
37 56
37 25
37 1
37 4
37 33
37 17
37 18
37 26
37 98
37 81
37 87
37 43
37 34
37 8
70 45
70 8
70 98
70 81
70 33
70 87
70 29
70 56
70 18
70 26
70 52
70 25
70 36
70 11
70 4
70 37
70 61
23 98
23 81
23 45
23 17
23 3
23 37
23 56
13 4
13 98
13 81
13 77
13 8
13 26
13 11
13 34
13 36
13 56
13 18
13 31
13 45
13 37
13 63
12 52
12 36
12 18
12 77
12 14
12 42
12 31
12 17
12 34
12 25
12 63
12 37
12 70
12 35
12 3
12 61
12 16
12 45
12 33
99 77
99 18
99 98
99 63
99 34
99 23
99 26
99 31
99 37
99 16
99 14
99 36
99 12
99 3
99 42
99 43
99 11
99 4
99 70
99 33
99 17
99 1
99 45
99 25
99 61
49 37
49 1
49 34
49 35
49 70
49 23
49 56
49 16
49 77
49 25
49 42
49 11
49 14
49 3
49 45
49 18
49 4
49 8
49 43
49 33
49 61
49 29
49 63
49 36
49 99
49 98
49 17
49 26
49 52
49 31
49 13
49 87
49 12
74 99
74 8
74 35
74 56
74 14
74 61
74 37
74 17
74 18
74 26
74 16
74 36
74 3
74 23
74 43
74 45
74 29
74 4
74 31
74 70
74 49
74 63
74 98
74 12
74 25
74 77
74 1
74 34
74 87
74 81
74 52
30 16
30 43
30 98
30 11
30 31
30 81
30 63
30 37
30 56
30 18
30 49
60 74
60 31
60 29
60 45
60 63
60 43
60 13
66 35
66 43
66 30
66 49
66 14
66 37
66 25
66 42
66 3
66 56
66 98
66 4
66 29
66 61
66 34
66 13
66 23
66 33
66 1
66 18
66 60
66 26
66 12
66 17
66 77
66 74
44 66
44 16
44 34
44 23
44 98
44 61
44 33
44 31
44 77
44 29
44 87
44 14
44 63
44 56
44 37
44 12
44 25
44 74
44 43
44 4
44 17
44 30
44 8
44 1
44 49
44 60
44 52
44 70
44 13
44 45
44 11
85 61
85 98
85 18
85 87
85 23
85 37
85 43
85 33
85 13
85 60
85 74
85 44
85 25
85 77
85 52
85 1
85 35
85 49
85 11
85 26
85 66
85 63
85 17
85 34
85 56
53 3
53 8
53 14
67 3
73 36
73 42
73 26
73 56
64 8
64 60
64 43
64 52
64 81
64 30
64 13
7 29
62 8
28 85
40 7
41 63
5 28
71 60
58 18
92 60
89 1
88 41
39 70
96 29
65 5
47 12
80 40
78 40
10 44
32 3
72 88
90 26
100 96
57 63
38 13
24 47
2 64
15 3
55 43
86 36
91 70
95 56
79 23
68 58
83 12
51 7
27 78
69 65
76 47
93 11
48 87
46 57
22 69
9 34
50 64
20 88
84 81
82 100
97 27
75 63
19 10
59 48
94 87
54 81
6 14
21 69
