10 0
99
2 16 20 24 33 36 51 58 27 73 87 40 81 71 37 80 89 96 67 99 61 79 63 94 21 68 97 15 47 29 46 70 9 14 5 44 72 82 4 11 77 7 55 38 10 56 59 35 32 28 17 23 52 13 25 6 62 66 12 53 43 45 78 54 83 84 18 88 22 57 90 1 49 60 26 31 39 19 8 74 3 34 41 42 64 30 85 50 75 48 98 65 69 92 76 86 91 95 93
100
1 2 3 4 5 6 7 8 9 10 11 12 13 14 15 16 17 18 19 20 21 22 23 24 25 26 27 28 29 30 31 32 33 34 35 36 37 38 39 40 41 42 43 44 45 46 47 48 49 50 51 52 53 54 55 56 57 58 59 60 61 62 63 64 65 66 67 68 69 70 71 72 73 74 75 76 77 78 79 80 81 82 83 84 85 86 87 88 89 90 91 92 93 94 95 96 97 98 99 100
100
57 85 75 18 50 100 65 62 88 28 48 52 76 15 55 95 58 87 63 41 46 86 56 89 26 40 98 20 73 10 4 70 54 30 77 21 27 78 53 69 49 5 47 99 37 83 3 14 82 9 74 64 7 68 90 35 34 29 43 1 72 13 2 8 61 60 12 6 42 45 31 11 16 71 36 17 24 67 44 19 33 23 59 39 84 22 93 25 96 94 32 38 51 81 66 79 80 91 92 97
100
2 3 5 7 9 10 11 13 14 15 20 16 21 22 24 26 8 28 29 30 19 31 34 35 36 32 40 43 41 38 44 45 46 47 48 18 49 17 25 50 51 52 56 55 58 12 59 53 60 61 39 37 1 64 65 54 66 69 67 68 6 42 70 4 62 71 23 57 72 63 33 27 73 88 74 99 91 77 95 80 81 75 94 87 76 79 82 78 84 83 97 86 85 90 89 92 96 93 98 100
98
1 7 8 11 12 14 3 19 9 20 25 21 24 23 30 31 17 15 32 26 5 37 10 27 38 40 28 2 16 36 43 18 44 42 34 45 33 46 4 22 47 6 49 29 39 50 35 13 51 41 48 52 53 81 58 54 63 75 55 56 78 67 57 77 59 72 60 90 85 61 64 95 62 94 82 65 66 93 86 68 80 69 79 96 70 71 73 74 76 87 83 84 88 89 91 92 97 98
100
3 4 5 6 1 11 14 18 20 21 13 19 23 16 24 15 22 25 26 27 31 33 8 7 36 2 10 32 37 30 39 40 41 29 42 38 9 43 45 35 46 12 51 52 50 53 28 49 56 54 47 57 58 60 44 55 59 61 17 34 48 62 77 75 69 63 73 64 80 68 65 67 66 82 74 94 70 72 78 71 81 76 79 88 83 100 84 85 86 93 96 90 87 89 99 91 92 95 97 98
96
8 11 41 28 43 64 80 22 69 52 96 31 94 85 57 40 79 23 92 27 77 70 63 53 38 14 4 56 42 76 47 50 54 12 83 88 16 34 13 18 89 90 72 95 48 45 19 71 5 39 93 59 78 20 3 84 60 75 6 81 32 87 73 58 26 33 66 15 10 30 21 49 62 24 35 25 46 74 29 1 37 2 7 44 91 17 9 51 36 55 65 61 68 67 82 86
100
1 2 4 5 6 7 8 9 10 11 12 13 14 15 16 17 18 19 20 21 22 23 24 25 26 27 28 29 30 31 32 33 34 35 36 37 38 39 40 41 42 43 44 45 46 47 48 49 50 51 52 53 54 55 56 57 58 59 60 61 62 63 64 65 66 67 68 70 71 69 72 73 74 75 76 77 78 79 80 81 82 83 84 85 86 87 88 89 90 91 92 93 3 94 95 96 97 98 99 100
100
1 2 3 4 5 6 7 8 9 10 11 12 13 14 15 16 17 18 19 20 21 22 23 24 25 26 27 28 29 30 31 32 33 34 35 36 37 38 39 40 41 42 43 44 45 46 47 48 49 50 51 52 53 54 55 56 57 58 59 60 61 62 63 64 65 66 67 68 69 70 71 72 73 74 75 76 77 78 79 80 81 82 83 84 85 86 87 88 89 90 91 92 93 94 95 96 97 98 99 100
99
2 28 81 59 99 64 80 13 21 65 69 14 15 84 98 19 22 71 78 79 37 35 67 18 6 58 56 66 7 77 27 43 96 23 62 75 1 4 11 9 12 52 8 3 20 16 42 5 51 38 30 36 63 10 26 39 17 34 33 50 25 46 24 57 41 82 29 40 61 31 88 32 44 45 86 76 47 53 48 49 54 55 60 94 68 90 70 89 72 87 73 74 83 85 91 92 93 95 97
