11753472
5705344
1991826
2617132
1363392
5070060
1163940
1141325
1060020
3453384
3161288
8397268
4446204
157501
775620
753237
2361555
8546409
361788
1192523
475494
2298786
2043509
4428000
389456
2014080
395255
2768238
4323849
9704270
3764394
730855
3564216
4873292
2511958
9173320
3219700
99225
2257694
7584318
346302
2719626
329268
244818
2934920
3359104
8693676
79920
2191791
1254674
4070017
2517925
1020894
4876778
12222
2152365
6805458
1308802
77448
2363904
330400
539000
8292866
968247
1242920
2287467
501336
2291352
1161828
1130871
6455322
558022
3588201
180880
513744
3391687
3947580
48864
1914922
363960
5741512
819396
1044288
1551715
5926415
309396
2443221
3292636
807636
863025
1178228
2772980
2049464
984368
512240
1437105
4557350
397995
2575808
13375938
10405887
2526795
275338
316800
4262804
1156974
729797
680544
3222732
1113552
2987388
1184175
6876040
401348
1219410
5617260
269082
4014120
1347386
3643848
484704
3821666
132252
3364864
8347808
4141538
408135
4966388
4286178
907392
272742
1717144
440088
2706939
8819115
671200
2148300
2373890
5373078
1744742
921690
1467126
328160
4588580
1188540
543088
9107175
930468
5879104
1390870
617604
11640590
76281
9025954
9027
1692565
79452
125083
385992
2085888
3243600
193869
999688
100276
4779190
871479
1126362
1139138
753536
390166
11664456
6780202
360801
735930
2796364
1447620
201480
1726872
73487
378216
185650
5910140
1913620
56886
1776849
3733260
471891
592960
987910
4475548
1025000
1148532
499224
7425520
123305
1986952
3370006
2861382
6878466
4634780
1209552
429968
3678528
3901796
308880
1035793
1682195
1642410
1301864
2466672
5211596
7816255
256690
2189732
4289040
954522
5165834
8829
4378800
656832
135432
10085460
2244438
1132446
7002810
3769328
1949784
217710
2306736
3769269
3780150
12337764
3605660
3802788
361372
65491
1490395
241192
180040
171760
2987080
870090
982080
1509300
3338944
4212167
79296
4959290
555282
2972450
3822998
1912482
4000750
10254510
938080
1046292
2346975
5218122
694846
3778155
6943013
1797609
12330
1482978
466497
10906
1047966
1097524
1368537
2552816
5911248
4262984
12410
3233680
3503655
5587116
1280082
3978140
547734
1996524
303264
213435
625056
669438
4205883
2437449
8365060
5288
3659250
873613
2132352
83674
1342959
488880
404538
415522
2849644
7672840
156492
64272
432779
232470
333795
415272
9163200
6402102
8985408
4353276
509320
11333762
1161392
1468415
406980
1512252
1097230
152220
1391780
395276
632247
416130
10691814
3225375
2385760
770661
12853302
415695
431685
85198
896610
1974291
186940
837408
2371680
227304
704600
114138
10079526
654318
673208
2283440
2714118
1985752
2100
561920
606404
228750
5090058
2857773
955332
112248
356105
739102
3662684
2269550
99825
2815056
1974504
11412444
11428406
600790
4946160
497280
5848542
11709277
585837
19438380
3358544
108317
3483040
484071
2807145
152134
4246636
7749
2725536
569748
129780
885098
323059
3036680
3901020
145632
4906085
923286
50572
116370
71543
425952
1727730
584156
8870280
2882944
11428880
111321
1552644
3350448
2205840
1886478
1278316
2057672
56808
1110538
1714028
209466
393816
3416968
357230
724176
1197800
2931780
5018400
4402944
1864128
6639549
1664970
1245816
26307
906400
14770
2171586
2350656
18402164
530904
9278020
5045140
17112032
1710856
1842051
231066
2280060
1868496
762132
176035
5249981
475890
364224
751140
6400108
2738328
522410
273304
2895060
2570660
615825
126437
76558
4833600
11953994
1581870
3182592
8289500
3003168
6579200
16112538
2879136
467650
378870
1532168
869952
4614650
70272
2959364
2944620
1545629
5181722
211050
724
5463864
3361072
1237152
1626807
1610496
1137793
1242510
3522288
4251852
194649
625641
537660
893382
5273664
173040
678014
5664176
990000
864563
2415847
1085184
3396328
2127976
640278
74800
128010
3928008
2238306
5161600
2041296
4047228
522822
1515577
331122
1756800
4231386
875952
5206346
3467197
623250
17955
551616
271560
11183877
2304804
6202428
545261
2774650
401880
3536160
3950848
297122
124520
491520
1863618
5895295
1199765
10104200
5398176
88480
183040
529404
312784
5400
4054051
3834402
676634
1777880
978870
10365992
758540
1828000
2101410
566384
298150
4235323
324240
6835869
6522425
18696
6380010
1987809
3882765
4483840
557700
680034
9437724
5261760
4307870
6176508
2718115
1241255
426006
2547870
6166507
3911184
726620
2041248
9513477
8340813
6092312
3264960
6311840
492912
356487
1572568
5709600
102144
632700
5706624
9549045
4361584
1453230
342116
8394612
281396
2274872
2210634
675856
154364
11841687
486220
2203296
178752
414876
6030644
896100
1897730
6227844
685993
1811305
1295490
181395
5086055
4799826
3037690
3739200
2457724
3022200
5554688
199398
254160
1814736
3004375
148190
4810749
2933550
4062351
257843
9491580
3665133
2262840
1574768
1243256
137386
790790
5889114
12855430
1820220
2989536
108916
7293660
4424310
1347696
2541497
5388492
879417
1423800
4922892
7062328
304580
5472091
3357508
3247704
630360
8749281
2229026
419352
423660
778932
306432
762534
174585
9656136
3057750
634087
1706351
5267579
9198432
1053702
3217809
1715776
5855895
538675
1819194
9966
5600164
452187
1119405
539478
1244310
2157610
1474636
3999912
6942650
2851632
6486975
2171819
377508
5431800
2188197
2513085
133362
225201
9057024
1681227
5516004
123692
7512522
1561830
2191305
2360610
5490420
2831136
1926536
8262540
596360
850700
23648
3603160
4649635
18491748
4307426
611544
10134366
5652182
2307630
3136005
3861312
30820
2430952
2632476
4180190
249375
112420
1218204
1017338
615492
6482160
4113166
3508890
2836002
141930
1214136
637604
2929824
934122
230405
2151630
984420
1704640
460495
1260040
12949690
3356248
1349446
2291900
4915307
1530620
701992
2690640
371472
1594812
8612769
5508720
206720
3497013
1602756
2071560
1072122
4182855
578448
476204
1929208
606960
450892
2459436
1379660
119250
31486
2939916
15151916
433010
347600
1694520
5305176
3721164
873668
3688780
423981
347306
4634200
852040
92480
90246
5311800
9721660
2267524
1744005
140722
13521086
14486622
1153846
2391846
2155056
8856273
2213715
1811895
370740
3153891
6519040
2869734
1232005
473352
35394
2529568
1734119
8816720
1776620
101500
396474
2177100
58905
1234791
4417331
39780
12416688
28440
3578529
8022400
795062
340770
2561436
272800
4486580
1458600
1586924
7548400
4911555
1527108
10877386
7800
5078528
91184
882300
524560
1415456
1247001
802835
394317
1032651
3712148
343689
3487883
315222
10353
2025408
3953796
7464600
210326
11763744
1422160
903210
930810
784512
5803868
3132452
1886990
1137584
2743664
4542399
5653780
16886714
1134360
401550
1575966
354576
2724260
5302518
519480
1745730
148366
427520
4993264
967356
1507187
2188680
705565
1962480
1295004
6846000
1540710
56700
895788
7892360
4485380
1964160
419905
6864005
337221
452226
5985960
1443662
984335
921041
10496934
7236611
433290
408880
5284246
4634
3874884
314340
4975856
3097931
2700654
2055274
3132196
189924
5135220
2348481
452196
99870
7924384
18544
442104
1801134
1983488
307944
2923461
542604
5908460
3450912
170478
229392
1695093
7924218
1066890
4814100
355260
274720
3058680
2049785
1019046
2645040
27594
1382535
278418
1408641
5120891
1638220
108731
5367546
2113304
175708
260592
2766741
2964218
1356004
122139
5773320
271518
15030054
1814030
702032
2168928
2387779
663168
3446070
3422094
5995134
2139070
1484520
78384
1567840
615025
3072384
464548
824237
11126087
2202180
592194
4738500
9930549
1423241
549189
6669797
390610
396240
792960
56225
21498986
2203558
2686170
458200
3247335
4289895
7479576
3084966
961814
1124750
15864808
1036980
1099131
7398952
5071680
1645535
578306
6541
2205060
80433
3030440
251532
1353066
16203197
12649449
2551688
68768
2229206
573216
1226051
1267266
12034176
1256400
3818206
3827736
1215228
221472
14696
12916210
522376
1494834
5208970
6965900
857631
523296
1225889
21280
7379682
3845410
7639122
208960
2445612
3372060
594945
31328
549779
3706335
425880
889343
354288
9335508
1476044
1825310
1895556
262119
9618516
3382560
1475292
6091841
3982362
9463644
2698370
4055
3314119
4279870
430353
1972782
3916913
230574
593488
2380707
1673727
202878
626934
11105127
3860640
7428516
7936680
3893344
753500
2315646
2186136
455488
3766597
4374042
5569200
6293430
593835
660300
1481760
4954500
5216272
6826512
1854840
1702998
1150904
3784
1599375
2024753
864156
607840
1756156
273195
4946010
3993491
1185211
377338
904200
5877215
3718528
3065738
8491600
1761452
145136
2034666
81972
1510840
544480
1613560
1658388
16710
6113625
1700118
1092806
752640
1415490
2998548
1105200
5412117
1239654
332112
4422210
6129063
8693907
396270
231874
6965366
2227284
365146
1856808
98325
5759354
4372368
11746427
8328320
752310
5222276
781840
5112576
78666
3944626
1414275
244270
12335240
2501313
4833220
4490175
61320
2895632
370678
6123453
7123536
348140
2754170
998098
1992900
2057160
519844
1238040
5538960
4999505
41055
2718567
141929
48510
441763
102942
3672845
37030
748372
559200
956802
1229856
3289198
4304520
5276780
1581520
536540
77256
2845030
597713
1479748
899019
5720
5722728
2285436
76477
6629256
870075
9679274
1915825
222956
1433268
688262
3449201
2081664
1171688
147333
3540390
714126
37600
3243492
11192697
1174584
3292575
1525700
2198300
7332597
41220
7529928
141243
8794852
3001544
3320142
3069394
939624
507569
7938708
115665
1006709
33408
380970
7119252
398286
80427
34370
7535332
7496112
3580601
3525896
8896404
8714448
926992
10080450
128200
3803534
594370
6939045
11733924
5686272
753678
9849
848016
700321
135765
2065140
1223728
729408
195132
63620
2391630
704472
7411024
2249900
150880
49920
2314904
1479555
823404
950144
6645408
1107678
419475
2878982
5633115
716454
868756
275655
4086824
2334270
530245
579461
848631
5092568
397102
1282229
1969105
2561661
3447288
17928
9351615
1146379
14692320
120930
996822
541710
12002160
3482984
627968
739284
3105949
1069845
10959584
216908
2137117
2587860
7065108
1088100
4318439
1138037
71720
3838610
2087944
3585566
5484150
562105
1998792
22330
6339963
1860320
1716176
3399111
2032165
1695824
2255594
3359712
147186
706266
801307
1013460
2301810
379824
6119694
3239166
15471069
8607378
7725876
278556
2380
7770942
4273378
1849113
336036
818844
2408224
1483944
744555
2937863
707606
388648
174267
1762344
1074953
4296207
1206975
1514520
9075704
2199288
3647202
549188
3776674
1032750
3786
1798209
2562360
1096758
2444248
3179925
173230
4369521
9641728
26410
3500000
1974396
2093899
470215
1597584
2298912
11062080
1473566
658320
31266
2004921
976725
1374248
105896
7239433
8788492
6917526
14212938
1701945
7675119
1919865
215140
9713392
6870150
124950
3810640
665280
243272
2163648
2429049
1064553
495709
1528368
1792626
5899806
5735212
1274208
347820
280873
6233550
5448615
1623192
10203024
310628
3236382
554785
6970302
2169330
5707074
113866
117686
3117654
339072
7858352
7267148
2893056
1145417
4079559
1731117
3432
5603904
807816
7615537
745620
4618536
2610387
583914
65780
3788380
7307355
115654
4215933
5772312
583440
8256010
872500
403172
1853696
239127
23443
6592860
341460
1060208
126811
55944
5356593
148649
10064360
4447832
6986562
795907
125891
143787
2707036
666204
2412676
1308545
23092
1756138
2155600
514017
1648890
1088000
11755618
4340506
9442431
22800
2549274
1884870
4075216
150784
432883
4701306
1225242
1146354
6315876
1199256
329784
2359425
451764
2016000
2988300
61056
1459960
1792298
1379728
15345330
3924500
504432
194546
1730272
1724408
120274
176
1785960
3609
1828260
260322
4717815
6375220
3932110
844560
4523706
776986
4582242
134611
102510
2110680
3211790
831925
1596375
8043400
341936
5844998
5579450
410031
6194280
1366016
502528
1643733
199785
601992
574164
4306543
3904560
9808560
2712272
2723885
1074624
8115118
162127
2710953
1819774
916774
5460
36540
1672141
5839080
6324696
250790
1402380
391812
41032
5688928
441830
506174
43091
5688600
3370878
2501576
630484
377246
1046844
8295352
239224
2533020
1538690
2317860
10972605
330300
816240
105410
982692
583848
2674775
883800
32223
1876305
1987618
695609
1556537
6121434
46520
1604988
808479
188738
48307
629340
3304182
37290
2242812
401380
1823525
4084550
10640
10794
1038496
809458
2563561
313962
3365650
285219
90432
846328
13553547
607383
47288
2010522
3814478
2992396
1108734
418770
435660
853314
154944
52875
378184
1540264
135634
2460356
261870
399306
2225280
351592
9902947
1366164
903000
139236
4377756
61008
13903475
23168
707098
1034352
98384
3848904
5400425
704753
4128586
4753287
935544
4805974
1568040
233025
464000
5758478
2626694
1658052
2105865
908424
1852035
90675
96005
8725420
1236480
240800
2811240
621432
51150
630240
175218
1194624
3508650
2911060
8259195
111444
613713
16427922
1142252
1367640
3496276
2400156
7950960
3206424
1515696
5322104
7509359
1472489
10391316
5459900
1312230
225900
758646
7018083
865053
2900
1471632
1015333
110606
7376442
2538642
21390
510048
689715
18170
3472669
1046820
4827258
1240410
233531
370695
3107830
264327
318648
327496
19944
1850088
9625464
1857544
9634240
5106990
2107112
2400488
4725405
820505
1550049
262010
5902905
7991764
934690
5853330
4592133
964733
4112662
1415238
1702058
530040
3069360
708448
10836576
166152
287535
2809625
1195791
28770
1662003
287144
3879635
5653512
5357300
721981
1219530
5564160
5167360
4606910
2175524
8847494
111867
5006274
4399650
2274844
1297356
3661020
8121116
2445549
1986644
455000
6713080
127712
3591308
2695
9634040
7628544
6769170
48285
8919680
507826
87091
2969220
523050
1824852
1559024
3919776
1880648
2869314
5537613
5119110
5608402
98465
1264368
1845695
61948
6582060
2940932
66651
8360890
3413942
2276928
2262273
627912
5412369
138856
52212
3383320
1353591
4357432
3930983
4789512
268203
10692
1262624
212280
706002
2230869
13583724
1560116
8108940
4887364
6607371
2696200
1059195
66447
4989160
5932710
4180906
1176543
3732165
6094348
12036
1079356
764208
188254
802576
3733256
34736
3810442
78802
25124
474306
6232512
1007627
1998170
10985056
10448782
6062140
1953504
858600
3639488
961906
848804
9849120
11100216
545790
6885578
542346
6388192
113880
516005
441470
107440
544960
355626
886301
2373792
6144588
2212439
14329743
2350008
124915
4427744
734916
169918
3453824
1920522
1721169
3703960
1660737
534072
3537098
4680788
221128
3186995
7182736
7508534
79365
413416
7234056
189072
369186
1401348
2511744
13187517
3760176
442568
63832
1320786
365646
480740
4949274
1660257
115056
213708
850025
4789485
109800
2076360
20931272
3456753
1975296
651070
5116580
1931574
4082364
19800
832120
2833522
2698962
4686872
1370152
4020792
2766276
661988
5997916
8849160
3113376
71344
8548684
9649040
5339377
2914947
6714303
2657408
1147764
4236544
728931
1595936
920086
4658420
1734420
125790
941688
2437760
7770840
4319042
64376
4533015
7395466
678480
1277144
619836
5010817
10323353
2408313
38037
28288
53690
1012738
2199495
363792
3133136
2049767
257278
558672
1468374
1694686
456608
4836000
275547
3045600
3222690
10665252
2933782
821073
100016
1295226
330484
5765160
4919328
1505306
2353662
6541100
3276000
11299887
4517640
1046796
3482330
2322594
3470
276528
1744500
1841895
264306
151432
17319970
3679632
2617080
968418
504422
1314206
146200
248490
1017060
1525980
11134576
2699845
5771256
1033277
6155352
7048080
298285
1051974
2456030
756224
245210
297790
30268
11339860
1640250
11475
140700
4536
370510
5488280
7067648
688600
424725
41318
585900
1878968
1638063
6006422
3019523
912420
1422573
619045
198828
3738420
2526639
1061802
1948244
28899
6832485
195447
306348
1788438
66490
4566672
5075329
1644786
742628
1423170
3903912
2337086
224000
3576625
670530
900232
2372096
435682
1840640
2124000
4546962
3052015
128781
5813082
330522
8242675
1451352
3113430
377067
1569666
5882205
1619160
1714312
12023476
3912144
5537784
145230
5693136
3765950
125373
2244968
6507336
3489655
4275324
2874885
2109289
1359072
1201824
15143760
1027389
491878
4716030
11401776
8783800
166860
2708413
340375
65772
62463
268980
2720736
4638945
369952
78647
3665580
67937
54366
893520
1274240
1384579
14683491
867928
744786
8776707
618690
715875
6141262
4928652
799474
1260738
6116517
1023400
5459200
629926
2685403
4740000
4279431
103224
2222376
110538
3541944
291455
402960
1600452
8523050
2329740
998638
102857
823095
6344550
2970099
1787578
552292
198000
2855259
8185580
5030298
349444
10908
881260
1498658
186732
1339632
1684224
786210
374028
337183
3197045
1900080
1136070
1930878
56265
676082
86901
177410
5740050
11081994
5805254
5739440
337022
5981904
1050873
2618067
2643372
2838884
716534
506363
1078800
471744
1070433
128800
6260688
801576
3357696
5709640
5139515
915824
8322
2276504
5414070
14340500
711550
327831
697059
1288016
2572647
3161058
135837
2477948
1824960
9593262
7895456
646020
4994784
2744920
1597244
2192668
4739541
967140
348382
46610
972499
26950
853237
1406958
2014586
1469052
4671060
6295968
1045975
5819800
10475672
407389
1305068
1352929
6813697
5072380
1211800
2841982
284380
240870
498908
2425962
649650
369138
1330662
54880
1907080
1668178
13909320
67727
12498265
5263489
3836556
74295
3084128
2913276
5205730
2661268
912240
460600
737913
6335625
5325000
314684
2694912
336889
469448
5678288
392762
1559834
521785
320829
191580
497907
5635932
210680
256817
4850
553080
192423
6433413
711760
11144224
322812
4344119
5186356
822180
950012
498465
642208
536109
1810948
1289102
9867531
704106
2713638
2646560
125216
530796
3171920
633036
2633280
1703835
1096362
1829250
4405272
2310160
130758
1736644
113438
6129586
1821600
498771
12852000
2586024
351090
9992580
124075
1791035
10043
477750
4216096
6177680
4288290
8112489
14048766
159410
1793568
2490534
943160
2471148
4789350
2129260
1412712
1969341
1462600
876779
88090
9912
608640
8496544
1128225
107500
6020235
2619618
8010311
11020138
4026396
305870
847530
6172200
2803072
16281216
3375624
279972
5496336
5294080
99144
1581188
1415640
4856880
676874
2332176
4250224
808722
1655325
0
7469980
7692948
2794309
2111382
6348041
488720
4543020
1071260
10767809
4175652
8343966
2806624
677637
1783755
4533210
1891640
23328
10179438
4692270
1605144
549632
757988
7711743
417954
7121466
47544
896808
109906
1838331
544148
1372314
144722
13965088
17820
2837692
22473
6457906
125891
711262
1566312
2814924
7343490
4998567
7220560
312746
160732
433060
1525138
3222384
942737
2525132
2014649
9504634
175216
214248
184064
418860
1520000
1483518
337930
1054704
4777444
865676
3914584
2644936
717550
4854080
940940
790020
27864
12041568
6916252
1878678
2818920
106050
5424972
320875
24304
2971566
148400
1075800
260574
4002768
812700
3041906
5550250
2864687
1275308
5927653
3582472
2567100
32818
468456
118338
4528329
3124965
4572169
0
16436680
4056966
1106622
1539384
13818892
2881520
12804798
223202
741108
2990715
4357474
1754148
32480
103894
678262
8746870
2209164
13419255
7820070
10796975
709700
1532592
4625424
8975624
1303800
4505948
13388760
1024794
1973726
5704002
5907442
2081653
7248625
2692800
13640237
3693762
263529
2623320
967704
7557984
5663838
1431109
1442734
660860
2112387
3397797
6221976
2962617
148135
65169
4376970
189300
6506464
495410
780500
9926895
1433190
87854
7940722
996732
1469216
7619898
7850175
768196
360240
19554500
425628
9445280
1619001
1319565
6460524
6149044
1286712
6711138
2123360
432900
2233188
371145
3076025
353080
1517450
2126564
4589011
989736
10048224
1408704
3234226
1135889
7860
452945
62816
8025024
450312
5629278
424194
5152835
807498
2787984
3232770
516608
329588
4987980
817626
4066736
3362911
66611
490359
1805440
1570464
2839586
3090192
503104
4540415
3349240
3519176
6855354
2744253
1956813
375073
1347108
8028438
5299399
505176
6048720
11475000
68635
576332
3172890
1470392
1175328
3680496
1838660
10676640
6628006
886
2051808
252285
851400
573804
4800447
476784
790
1577588
12321260
1389201
1488440
2801820
572418
2911675
6030558
2510651
1380229
37185
5211693
244673
644436
838935
5928076
2605416
8917168
1586562
2006475
94864
7583544
8759664
2473536
2082500
942448
1395394
583336
4029272
3224966
3038164
1334742
3343977
2741220
4209260
685089
5255737
1423548
3712086
1189514
183230
7729900
373085
4425775
2690400
764696
1136220
5361616
989410
4867202
7697980
363776
1035606
6560658
128700
5010672
417750
2116617
5243196
2410320
5041932
420225
75824
396090
3765534
3307392
2253510
230509
4033874
57205
2861144
2000400
3179046
515529
443394
2108487
106272
6517467
7927712
7556056
2438960
6515900
3204510
10181248
1194270
1721340
7771738
331800
5909794
12687300
1279170
1360298
3486756
15055710
504384
4640985
485634
492522
3725740
578349
805955
5504169
31624
749380
757557
4414757
7958076
1616292
817022
10299001
313875
8790750
1056864
456924
431720
593578
1083150
1046089
2066298
3107265
111081
10861312
5868610
406350
2912992
7724028
11867280
7200765
985320
113701
822613
8825941
2899551
15872
1216126
1094646
1398240
2571250
2172312
277200
314070
21640
1171716
18947774
1894338
47443
1646084
5663813
564820
164920
839808
7723486
1674549
141298
192796
1106011
6262456
5690672
422740
510230
2276001
136080
1497150
715152
4035200
15680000
3277880
1099285
2630840
6634212
1651518
1608852
2208843
832125
236094
3270750
7291616
3426192
11157534
3437399
715824
54115
1891296
98691
34500
184426
831312
1457890
11493790
137352
2265865
2154784
3167632
431595
597080
3434238
5047504
5662440
5671414
9371790
5649150
3508297
676280
98345
44310
1049620
6430512
2363280
6965673
2174550
2381343
4373613
2256579
8484792
2878300
228780
1610176
120687
560592
797335
2283302
48625
1359831
521454
3639564
551200
435378
139476
4171420
162396
5025876
1731793
447780
550554
76020
6351
2934356
71024
1429208
61465
66608
7695845
2272494
3757748
1501672
1578409
4079322
3701502
1012928
284620
848448
5984956
117705
34632
781850
4681250
2550032
1266079
16344
1122488
299991
5904678
579
2039874
2061332
8995448
156600
14137668
2527020
325052
3555128
4997541
1383327
15183945
1940418
211225
525503
1952960
267145
1102761
569568
463136
1575500
1660012
157590
3247967
1762748
3379378
11758920
983301
2201925
1251585
79779
15488
155520
482160
134368
77679
1036750
3366297
319835
265680
11981184
8820
2450592
141349
2264353
3682053
1681980
2087362
968709
145917
105108
1383148
1103936
2835495
25392
490546
2888
2256363
2643007
624988
5683200
278936
5177898
1386639
10342074
2799470
889056
918771
995328
12007297
890659
673521
640053
2795359
5765155
3830724
4577309
3478266
3651500
393113
41015
70818
1123200
1029701
159229
1973460
994851
174470
3576053
39866
1428440
335426
146200
1876683
2997552
381524
930737
263444
958624
6537248
6133485
620379
3004848
454734
991648
138240
1390515
4927126
441228
612864
1032930
476775
1792917
1622534
2704275
682860
6942460
6859254
242079
1085950
20856
2737050
10470376
2807352
6983639
1844908
924495
2563500
5714683
1693330
33450
714240
963716
186060
11341638
933912
19806336
1483132
1085007
751688
1534797
14796336
4554060
172305
3074848
231518
800250
5165918
522573
108273
395053
2642520
41184
3760236
6411006
1036962
5284736
543068
1674990
23769
1507716
210762
851187
1443096
793504
1529202
106834
403520
2802664
69276
3069792
1573570
3574250
1770160
2034240
9379880
51811
12057295
7851648
65224
3722826
4387850
831600
426852
311895
322518
61222
5746160
4145625
2169860
1183985
2338726
5539329
6157189
486222
2262216
1877187
29084
226431
12143236
430353
644392
4960962
2167806
1479712
18436656
9115620
2577940
2307360
3303090
307607
770777
1415500
1052352
5577270
728532
1897665
4976916
2707110
315840
2656650
344925
4724632
204864
847974
4176506
6742400
4931074
9156
212313
4381040
6338304
2191700
8024306
1057190
1489376
6895592
600456
6915581
1629960
1029190
994112
2693152
9993630
9163910
3131265
1809010
3156899
6278499
1940970
6803368
391328
2228240
155956
585111
1604715
312248
3533075
7681564
1988808
408871
1923846
4574540
8370
241892
89900
529761
14537556
2752220
159570
2583303
7126125
1535002
449608
204533
319368
4834128
1288960
6007634
95400
1187319
459955
4265672
37701
1395369
7201884
5434520
1443435
1004700
2638490
2338367
2450718
240008
3549236
7277424
756510
292314
6923680
172224
1033530
944187
262845
1511190
8545724
1584038
866002
125748
1415979
10830000
21264
114471
983070
9683920
23754
422840
6793632
2110277
2012010
6247120
533990
4418260
2623995
2302139
211128
628260
235675
2400
115083
468743
2383150
4602682
84216
8482539
32361
10232153
2670319
3495047
995657
1742175
37929
3247772
8114550
185472
11453365
15846
8172030
2939009
55284
430276
294138
3247950
3730510
982575
1818411
12234400
55265
706836
3362810
230142
11611149
12424025
1219416
865123
277564
1886612
1520842
185356
14684036
1601236
3622698
4904820
7407680
959497
1253850
4489377
1880775
1208412
2177244
3436227
1681900
671524
285
941488
2111952
29760
2811727
596752
4362720
246696
5719168
1570920
2900877
2358280
4908192
26486
14887593
105342
625400
1059114
297900
2721933
10570310
996360
94696
78315
4836222
502467
573696
639936
1355820
354016
1080720
4035600
5687010
917244
1745722
99560
3186549
1648979
9738025
4409991
130295
257712
1196032
355950
182939
321480
17823307
2889558
2393925
11495380
18232
166940
2308218
910728
241267
10765440
7246464
37310
76128
628670
626232
8307117
914701
2072046
6257815
4709259
6157168
1165518
10355499
168728
1666209
1093664
5852420
2634065
1214136
1490230
163680
7479728
3234070
1688025
25449
4782240
6397095
423243
3505260
9512665
2346864
228588
48120
120615
4993472
218295
326363
1299445
706875
1865535
1302828
645540
590040
834159
2616028
524496
81585
125280
297024
341267
879320
5530608
2368400
2350551
1274036
7611207
5388102
1261212
631176
2283642
1568465
796708
2828672
386715
9723411
676170
818202
2888912
7917312
274725
32040
5839668
649540
2474388
6432236
8026466
207324
3607794
287040
343744
138816
2368775
486685
3279639
6351020
2099523
73094
497043
456489
7467488
2078395
3939200
2178393
1779648
6287106
1095936
225568
499720
1915640
1456726
1436778
6877744
2198117
2264274
887800
4244877
3093420
3960000
1245420
2501250
2139072
2137536
1413243
6304925
446368
4080984
1031232
13168596
2943486
2076497
611424
2549316
6543120
409728
1215625
2165202
873730
2184648
657114
8109714
3037880
352871
1450890
50666
1857760
4569208
954865
1578026
164220
73602
321594
7750655
4782960
226860
321160
13049628
575190
5463029
149265
1472446
637880
8654100
173382
45045
4059860
6919656
4752137
844200
9680580
422218
3404310
4434744
2617342
7396940
801550
7772136
3318878
741177
866718
1806940
374748
4581797
148030
4957540
4034400
1792004
1357548
91932
3872377
679200
2532556
15696
187695
6392151
342975
225970
2923765
578578
544730
5449356
16572816
6237504
4685376
749060
176550
1048512
96168
225155
839124
4248480
4674150
3068595
13116068
18166071
1725154
4999398
820690
12908480
8680036
10070496
6611304
314588
118250
1109460
2028750
1466850
949620
7957704
2341248
711730
4355770
79212
212592
12760728
3895110
14013054
3603940
4430346
6723035
461664
480806
5146836
794195
2362717
510996
3746759
977626
25560
1554020
531240
2342428
1793504
173160
119180
474222
621453
2813882
207690
4823937
1401413
135120
2601743
3640328
1804656
7177948
1763392
2489268
4446912
1121596
53847
6350750
135916
7682301
8710813
4031928
6157998
6529852
12642735
23452
6966695
38752
4549080
135360
8242728
496824
4671552
1191950
4636015
1560116
5849691
1763518
3372370
1656092
8248492
5833477
38150
4316250
2392065
444093
491504
10072842
168204
1805728
2545350
867989
2152744
9880
226380
3420270
1004508
179949
13107360
3072376
831720
7096320
197118
5982300
296856
3655862
9382452
401120
223027
3389664
3618840
821204
4262934
507528
6635303
5123250
898240
628694
6185997
1865241
3783036
900240
2845106
90640
214695
3792360
4975965
214232
2023830
1228220
370576
1559666
74448
1743420
9924040
3260136
8636100
1778292
6261819
2540034
915642
2843738
1454315
1334928
5812224
3903687
252588
1291590
1285144
6444292
12518230
2137120
158268
113356
876548
1392858
2462850
516483
1218848
170648
1140912
1637725
1877421
1373400
438746
1126254
7958808
710640
8442618
80115
10742760
5714280
8596644
3598364
4302298
778344
112550
1089368
1472184
3725872
2381652
7827255
2265416
499415
1443720
759206
179828
459420
4169148
7380972
2404870
1800128
289872
1719894
11433888
87804
2912970
826336
5245185
1559149
498820
9137463
303644
77700
1518100
3358740
2627722
2164734
84976
7310900
1222212
4719600
246426
1015872
549822
3861108
5372640
451050
4285863
968190
509936
2176583
1727040
442860
667008
5611428
1139580
88560
4603234
1610952
1983030
1166358
397091
1293176
44489
3808240
6686100
2773199
1579708
107715
2475206
6321430
2504150
1142964
8213792
4292604
105448
1267819
468000
846657
4348152
3481569
1187956
587315
590736
496496
2439312
396865
4103715
28368
1060010
3976764
877368
27948
1811403
1307710
1464256
5016190
498888
2100225
5131882
7448832
1678948
2290308
2090275
5195212
1790945
527670
1912265
16041816
1487190
13621272
10725400
3519810
5436123
7330677
3717220
1950768
4021488
7684170
3832746
2550258
4410
2592104
5044452
8377971
396720
2093460
2085804
6985170
819798
842194
186796
520344
11696958
102992
566626
6413964
182817
33120
6672
12876600
3696074
2327031
4052890
2238845
10685136
159487
11373
309396
3294720
708994
611144
7846116
4322080
1491790
3192969
6047703
2914600
3012900
696936
3998113
7224756
2801858
2034523
2724420
3210936
2211915
1516344
8646660
3674951
1168462
5244177
2300887
46092
1330355
79610
494774
2375176
1163820
570843
2390428
25290
1109790
15954300
1133697
1498200
123003
17433540
2834640
129200
3467898
2832140
205773
6220776
5256013
5220630
4114260
3012096
1096860
13343770
3653884
7392596
1396640
3682770
5827080
5779200
906620
1041495
2867390
3325174
1340416
233325
5106870
1519301
3800027
863655
5386170
1089712
6223462
4399200
3728808
2734875
2167730
337595
209232
31347
438700
2060027
1918548
3528844
1058496
2279316
2996796
276605
2154033
1913485
4388496
1142700
9865180
430824
9010188
4287725
469477
503230
876090
8800308
438906
131176
3516939
3256214
1397682
4937164
3611300
898807
861328
2339037
11864754
880680
3312428
3905792
2893575
2517386
3300354
2084346
5866787
1179198
390500
3593400
89628
239020
1849790
5342568
1450680
893312
5059476
2859230
812916
2068779
985792
695952
688870
1203783
1461691
1253523
193458
1262976
3081444
1466492
7085785
1327270
363075
3968980
71495
20708
1405430
748384
4111890
1066338
1306365
74712
156978
797379
9240696
288225
9823352
3578256
4991805
8317715
1385466
42360
3478450
1637606
130806
845768
281232
279136
1001525
1272572
1154538
4936176
1726270
1248210
7600608
1605555
1842640
2142434
2984697
687140
82365
2818179
1471514
384336
1416639
96118
2047788
8073000
3353298
6710339
4728375
1491045
55770
4525920
206340
319920
620163
1432446
627846
2537460
397524
140208
2932265
402646
1404194
733488
4989272
383748
2852846
5138148
507416
3073770
8610840
237444
1472992
269544
1362768
13503
6740802
31317
1073952
8331198
42066
2397106
14883960
2643786
1510432
23320
1161853
130680
251698
1651156
1652238
942480
1014156
3570632
500094
413808
21168
4925360
3993600
947752
157248
1207184
308412
901968
3399875
2494604
537405
34925
2872084
6067611
2321900
1674530
164136
1194974
3304725
2669265
1088550
16530
5152422
1754655
349431
1860565
1880380
4236084
3100375
619167
4282173
1397677
1052112
7721553
3489956
4959966
3722920
8570130
2623656
483778
5376999
5094312
531267
474888
1368
708414
126891
514675
313824
1783803
11272527
595209
2687912
1370058
38198
10740224
47925
587552
1254225
358704
9223740
263304
102366
68510
1157488
952740
1622052
1173851
396206
1248060
12166970
1355476
781456
3459072
77811
23688
3015956
7391694
1932300
46818
3111478
9097270
4674585
13923755
10943682
1655784
1834118
21148
80886
3970546
3171276
1007944
1347200
551991
2461894
3764760
1495300
1865173
854261
2839129
267435
5168030
15305247
2520298
139200
988550
3764487
1896540
576450
2490940
16440
401988
241109
2829312
1222164
1088
7055000
588756
262208
835263
1822064
4069299
6332656
6338356
112499
10878144
1372235
346632
5979344
155312
1701360
4352224
10460268
935130
6333613
1137624
3941962
943888
1490775
399399
544029
2910571
2039394
1455176
836154
6038208
3244780
545385
2098800
1927504
9619892
1109250
3906276
496188
294630
1536127
2575670
1151856
394878
15362253
356526
662818
107800
369852
5150720
1043058
145873
622117
2116960
2737140
3451162
6800768
932148
1091696
1704560
599798
2760
1912086
1705011
373674
7240800
3558159
351288
12765150
4934860
951808
2592350
2144173
3433703
2705118
3205827
4012352
363624
2107168
8325444
2199962
996424
1991297
10435790
568197
1466288
143700
5931376
10935600
4388670
3563108
3894326
2478147
7000924
94860
3232658
2222724
2346940
3933271
8919900
1290632
620483
2323796
961740
8825877
207010
649728
7289770
1939444
2494296
5167509
11791926
5056830
1679994
789714
2440722
5695368
9693420
321160
140240
178857
14855184
2771000
787474
662418
1087450
631192
2348436
1712799
2291485
2308882
10437856
2167988
265512
226610
4431496
186296
402240
511434
5543640
41080
4044882
53109
4826470
2973481
26908
148819
522600
2679680
818550
761169
119540
15031008
502848
264180
314262
647292
133164
4583468
404984
68388
1210762
285480
384336
3166017
1226546
4099005
186995
11364056
1419776
151029
4551282
354812
602272
1867535
855608
2252989
543720
1522908
124200
5672160
2311764
11923168
370185
2378000
3493752
394108
13311870
125118
3971200
4359824
4817504
12282741
1497620
1731268
812690
883120
1210488
329927
2708304
7160790
7046036
1640359
1455552
3390408
3148689
3070782
134566
5549128
488898
2600233
4680153
2668930
517860
5115098
103280
2917400
952848
459606
387115
2519896
255476
6297248
1460004
100128
7162096
668326
9220366
6946392
3906100
2894925
6478380
2285020
59568
10530
4238764
3486105
4193395
13528746
2421936
106503
1532034
1835732
8563410
121784
5266944
1811944
2723328
1569108
866124
10436272
2140380
309222
2972042
218250
11687744
2098516
1757833
2403450
110864
4730180
5884224
2086782
1238610
2289573
5327184
403492
1390461
8118768
1155824
1160034
653310
1591800
8996751
3738240
12064080
12069588
3422369
1501335
965028
2291618
1371876
2548392
1367872
121520
810825
1109221
1216233
505854
3451136
4965410
853464
577296
1931548
13369293
294408
1271160
2497236
4924560
11852505
1351695
120832
1048580
533628
491568
12852480
3455575
132252
1675040
7858800
194320
230400
8660952
13644925
1298897
924440
314325
4634733
3540045
285243
6108202
4430678
2088515
1078476
60246
507816
15936770
7990840
283662
1750248
8110122
296339
3996630
391000
6314893
77016
1611617
1025420
4575420
610368
2035240
2164708
2337487
181048
435843
427248
338684
1814541
1191856
6317234
2193652
1437753
73800
273110
84960
2469852
2515200
3125874
6706917
14868
1911195
2882265
799668
3039519
1519479
400675
377937
10431780
29464
11567
112212
1571652
71148
5249732
273585
13703781
349944
440271
2570874
407704
3361395
8144640
691641
2390313
17664
4998844
992787
2010412
880632
2046096
1565559
412137
6793812
10032044
234257
914300
254835
1697400
32648
1525458
387528
577239
2512515
276390
1119255
1753479
5341238
625408
11811
12468500
1867136
5329800
436356
353025
7408024
2647434
4681840
966366
19825
3341445
1349782
2667063
569490
11048422
766120
2008500
265456
7299840
3224200
6284880
693000
3331360
199155
4063778
1253175
2678400
400920
268191
5320825
1173438
7436304
2888130
3240160
2415707
2457
164844
928290
303240
852368
945006
964550
6588
2840649
2028250
1971840
5272760
4394250
6824438
1670165
15117395
4508394
1894000
7994224
904800
2900870
819540
1188472
2908400
9636858
1497340
929314
1769904
1548624
1052253
655712
24920
1756664
6167352
3311271
1282610
2433312
2727065
3324468
226980
448395
327025
4779580
41472
2245716
2322750
707174
1032750
763263
2627577
149372
1346268
1904175
6349590
1769768
227744
1076375
843419
2246232
1818301
5043885
5801170
3057042
1206940
999620
3045130
2812392
5578430
3483304
452466
10588932
3724000
8474382
5166
1554087
1180973
2098665
1888353
1649006
2630073
5381112
1518972
2197806
4411635
3435675
15327144
5239584
2224560
1633398
113344
3859091
2624499
3838725
413490
3691520
1239792
1659438
820520
6712816
3062822
464250
720440
128712
3724712
17825719
931392
358825
1909401
3059273
5058180
2765162
1840128
3089703
422725
383985
787172
978406
6842160
481928
1917804
4462644
745938
669845
8713236
3380080
476235
213822
426432
214445
2461952
2289975
4537176
1044160
1953630
1982988
896256
1675718
3223122
7975557
28006
6481920
18772
2990000
1208151
2837182
1106680
4380480
2753334
2372580
151578
1197
3720474
333653
29000
10054898
1143420
29110
406400
1322351
1778718
7527150
3694600
5514406
3431472
474180
399024
665826
611888
5223062
3914190
1266300
673316
12706984
5107770
662770
110682
4077375
13273
4432888
588380
911310
9274635
3893310
3518138
5451360
1418936
894585
8975580
8017006
2991252
9933289
820393
109045
96489
9311835
329744
22512
5186544
145792
507270
1120392
3681423
1477057
1096956
5149482
12833208
7949032
290700
249780
3420912
111622
840736
11541040
1741065
1852448
7924482
5507850
9206827
59309
770100
5187168
9433680
9822752
41220
1192062
1762310
1535325
124916
7868480
2936444
4495488
384144
6912960
3515230
4593480
1004560
958050
559059
124656
106650
276488
3870084
808080
8772
410216
1061900
7654000
785960
1603350
4158489
3092925
6776763
3497648
541856
422584
3400380
2708832
2410016
3281070
4811332
1115020
7862648
164556
2209680
1142612
292950
4088952
2315125
820160
10122761
454310
469096
42100
7220574
13637
90780
2806308
10140300
1399866
132966
2012881
365019
6067628
3949248
9913239
3551706
316480
16089616
319600
9462268
30383
1319280
1269910
3230074
4627446
26364
503200
8740512
3907084
1438800
2705317
655560
213052
328900
9560604
256760
1872112
2079224
776826
2946168
4095036
14217056
5407853
2395280
308676
22572
3003690
2182744
3726261
1632924
4430664
353780
444857
2590822
973710
387353
1393490
2156544
464172
473290
412096
10505040
7425600
148512
7231356
1535204
42665
327352
13208112
494109
35992
3904200
1455476
81396
20622
5215120
30104
7624890
1607760
9748575
90094
2723274
971788
6787440
5638864
1847010
351288
3392894
2890764
15890259
2416272
3428136
11713425
570304
64220
1368
6149304
2137929
6088117
5958288
950536
381612
6732581
1462824
3277237
8738442
4224
2112165
34362
513774
4119060
4224996
1761564
3347163
2030336
1780680
177480
1900688
230016
4372288
2890500
2592096
6113387
3384948
2432730
1256112
818510
190434
16522165
4943200
1707174
2332040
1847424
5145280
521986
1018600
6722348
