500 1
254493961 197056492
108425716 553218858
810493661 423400968
435236274 68327300
472511471 211392656
324307646 759710043
896856674 450751441
812430549 980107621
442209200 538133006
504712524 794382991
767343911 847708156
629005193 590879866
677896295 40554310
560336263 458146297
845013989 656522506
996296790 843511188
68410219 913035865
823560344 124509704
263098517 196691131
561582853 904547012
843504470 425697449
571765992 336705645
757451377 662175761
474043552 982787419
654777344 521946838
846041632 331626010
895026673 497594189
760756079 852994538
763088515 268150465
827439400 858070848
40200910 364214768
998049531 526821442
267004216 746082700
655289387 553070415
804279809 589889211
982401039 924068725
69152184 355276695
24681617 907846905
790660547 766337967
327786673 248678866
30793947 852760708
636366082 496521774
44535182 420341260
210679852 28603628
11921595 508056370
88939881 15852064
18983449 758409812
819721993 418089362
542055601 142849476
402620142 440163135
582225247 43008584
953073423 868966359
975374165 580988315
468881913 134794045
352717464 337489641
837219146 801479435
456707713 98252630
943071285 158710539
927500862 324373624
650217473 275642815
666242382 462188248
620268681 9077465
405973000 608061045
119411389 662037955
48358421 86908737
327672607 71224345
429493489 459371939
266066504 18135594
925010030 73192179
374499681 511061883
410386225 560544257
855074474 906904900
503239987 584147854
149368310 872170737
349958721 455166673
66406188 67775139
136108669 442960371
938744008 378480044
436410075 292750996
166007897 866437398
625143204 25011268
155745024 47581724
641854198 426377994
324279287 39908527
743979330 486488033
600973064 772019699
319769037 9786166
844911889 441201855
56806704 878091627
396351623 432768033
23474648 521111895
983268847 267968984
663301766 226063556
98571367 275356376
734906064 729015023
617641499 102301641
353494942 719405836
148990161 580995464
978091438 921058495
920243806 360697253
795056145 791202980
470918446 190022371
47695532 722579656
733305023 891213244
688161976 84616494
67166758 394546394
827825474 767651915
461551754 571080094
731621291 123879306
911970724 240504989
389185065 148820936
595587653 124917278
72644164 690585049
32640720 420113054
660101978 309684994
235600828 648768332
904225564 494518652
917614099 721697421
876624398 346983672
983747573 59509369
210045451 66334997
229231894 700855132
327224511 903210988
98954043 913818678
435463211 985840261
285729473 351447868
97600293 542445918
831685399 5298260
863675861 848314091
68882239 776792989
520542777 716641809
210234961 109308389
360519842 714180266
189901815 565559600
773352500 67878916
449038578 285449528
193178474 780230498
339401620 758189031
622641296 99457146
30029380 769880543
406045255 976909813
32067581 148983539
21650436 141988850
447374031 424956588
492045969 565601923
56722013 252199109
855052427 508331566
99692637 631874990
63665891 957402221
294801691 604560141
93982045 312066095
666446326 592862264
597718804 15239253
391352290 509962940
130707187 212396597
631284196 149652185
737730621 946389530
57674137 784343044
859655943 937661379
174427055 454906212
186355897 825988320
37087338 131898966
348771472 735396760
770083873 347912937
376405023 194413317
554864574 110922850
879150025 338167734
488835394 247299513
846904137 875828268
915745854 436347930
26133546 413566302
37239387 674313061
987995215 133050165
174900180 724615854
625631852 87787792
207960054 776659134
712061579 2449474
30178215 90896528
371113097 837850767
403213276 73172437
50980502 79944370
829594145 41340785
337442233 720500954
379633941 198815228
900925001 3417385
832484075 480824385
651940980 411554356
919368682 206831554
177558716 460000645
437852910 47356722
17931381 656288796
206135781 461229305
150280777 4783337
3180114 340853684
680861365 792692563
938899918 86647475
523908233 657998773
441705090 520586873
509430123 496397276
265481135 860576063
183117396 723731851
672163366 49821553
109033490 451705079
117160144 368288816
11315141 92237130
437625127 440749519
271795042 875361572
363938746 190194262
340211250 205966101
976358573 556872705
500044116 39968293
558915639 130346433
547398711 362016333
324279075 505354170
751281441 313915643
609805136 35086788
801057195 530707858
428492849 160496107
35333443 242475495
375894861 95460591
583693224 952770245
302164159 908672708
11801457 587570282
339564471 108211475
436679815 663246599
990673656 950681015
661220006 704029508
129370456 483132225
484258784 309775034
873805379 267866485
956051226 284227703
265470520 61706698
30596749 676296062
632036170 219310062
236843078 29242693
682642849 9428032
378394279 132952629
696239095 991826516
251932900 172628525
328030235 896924018
131400582 675891966
845001585 123507991
386318572 77504240
53359984 887144306
160408005 8390972
875947554 691075049
479939991 55294097
769712808 38006162
53020987 801883536
202760628 169678266
425226590 594271055
561263117 973225057
563588865 629536730
674022670 767831228
838091770 546940589
61240615 553472946
726782321 153732923
801658970 434663008
507931237 284809578
975604927 547536533
12460580 575740436
727129345 47236438
289646294 590868360
975396575 82086235
70473203 12002823
745037228 491870096
553969864 35454023
72665807 534125461
696752886 607551476
900316740 851128894
784227571 16347178
586794777 833210387
840699016 617131004
585780210 485277138
247987537 765991664
225524613 280059113
718786879 445197697
286788895 71785468
815210777 612620188
272208157 291484517
264303863 95557411
104993140 55460270
113446086 208699501
888226345 776454169
872282311 916298435
429294041 245597977
788660752 349801701
710306355 807084758
701817609 902240643
459550841 487208877
439046128 424274884
742905347 363673261
715968342 734540739
25091772 258236956
875848351 157979405
734270371 5593072
57783430 157047076
960806731 414459990
204723095 285708287
921272923 100034094
647620275 794613896
999563790 639455117
12988304 694045
553083572 82997306
1819446 382005263
148301872 115396657
303102083 847156262
709551736 540452900
829957287 950983962
653992472 341992949
901468585 948779548
677560495 26916668
263586016 911567947
84896113 438542279
318174075 48679231
769570211 662833685
117195514 17959298
591524130 36513242
7915955 885428498
846965468 953056383
43014990 39931872
987829589 655408031
672714056 937827412
991508260 15519115
349818740 64756167
643623796 669117383
785159285 948610311
28684931 768621962
526273094 389877975
155308582 607943746
480993970 595538540
493831747 864741389
985967580 46429169
943653205 977505345
82524345 162394884
713358572 877614053
517151121 322771255
556014122 708439606
769844353 136400016
844386888 678429476
175181308 804297225
853423887 48688594
956830021 805563408
324846431 106922777
732195063 380946184
92044203 865980933
183687037 782226887
691822202 716242006
127106970 434357782
36513000 540018945
861392098 895513908
884069155 1426093
579120191 66579539
188651759 486251574
353277038 567225625
60490274 660661550
668917375 66159648
606107433 753094230
235794008 630679415
418876801 528793129
304622387 62915871
425666623 619214162
527157275 780346766
350578824 764642097
319282291 641643056
682323481 338561626
358534255 243077089
480438209 79746326
994279833 791783796
684848098 737622496
792556365 596641327
42914036 777932777
583171902 357492300
834821634 665187220
125669871 72050042
774335275 836672251
277520186 3530586
76175906 884767336
1876172 298453507
67800750 20557533
583180455 370233983
861482794 450720909
345980319 195427147
234370310 183588704
917587934 260763866
159173957 600570739
772626272 201646098
583895293 235495317
280784503 869847758
862215642 57224139
519545416 93330523
243955356 369984973
74126156 380966395
647844756 69102472
561264081 655600485
978074411 957421978
476310134 6286659
165116506 417197016
985294514 58306482
340915507 994530763
40693070 67655878
484443991 823743791
589289190 969638659
939078782 922841203
661416556 36633061
547760370 885930812
773555621 490063449
365005332 78752481
728339882 984159553
60673238 41892592
843308904 486601204
457807935 585884072
92968993 177942716
868557290 315544701
827280873 748184919
458171015 509713560
739647529 974839670
849036376 545258324
1361952 730232641
900767157 971382466
14165853 901917137
287879561 276047397
780788293 225805748
64124371 376141431
589722771 843835245
771515943 430857954
801496531 36734449
715329578 453184840
64473063 345165611
415479833 760304316
33470851 497161337
781252418 484554758
558747312 428934957
978249353 513761827
378224972 70859532
798281444 123225794
91144584 46557906
15753184 184234184
971120233 22456493
657289754 64591053
692141640 675155134
847725511 31896989
999909202 88362907
200854828 569907384
485185544 209838799
7474983 755321555
375893952 221738328
968289700 63711829
800302882 413579816
60428328 941112794
405018796 894743717
423891530 804717747
402741551 440915241
980255797 956522340
163864655 843572610
144751400 631075365
458866951 656360819
746287606 398988130
392131107 886732594
48937350 409616443
912582340 84409320
309410132 915005700
942372576 301400116
140525550 781245893
82286527 301684904
42129783 428475067
377447551 715705931
106983976 610514134
701101713 739588885
40923850 254604857
936414777 337213046
63843133 878033598
923831058 428806607
460780277 401771631
615986312 66657014
857276279 56473102
367284828 818211511
375359712 243267982
283710755 578973006
103704671 855621783
780783304 3080942
964281014 261448966
54295301 510646845
713570492 893219690
275257326 912905942
741566430 571931016
34407526 688291270
119880346 144956120
436628136 170832399
521832707 520516870
625059008 873480488
539134272 910496882
554285327 576241530
870223884 428259505
708890826 360232165
52811575 894707978
440023675 38227769
625856547 114940153
805007999 793354430
425521224 321100975
