500 2
255769822 779075556 943041029
703326706 860653228 365238297
550647118 130944573 280351645
931293000 518119529 221317674
196540611 239693854 446885986
12623918 551405894 67418617
239324826 447445428 441243359
992855919 522711367 669078425
217416287 570115783 59197937
894794417 501111849 901044861
364429302 54171713 257709235
266820547 828613895 4771459
374914314 557951227 13386153
217523493 932091723 953580094
336485301 113296842 751548202
324470232 636995799 459344007
304951919 844788937 759727891
605540455 459579764 999728965
905094459 149141480 284503977
539347253 39451514 734530939
359889936 197342900 882062285
470327304 851790273 470560915
67917957 292346728 795115622
532668630 550497990 796603626
731675840 503263028 548965131
280979406 113815841 630056347
482311584 436535757 211326448
605103274 406059302 362495887
709683752 89172021 362267922
378616115 737723353 443931588
937391663 603610827 29388966
155893524 732952343 740967645
219850309 58595989 413229246
73201379 907084546 98436074
444441319 368727500 142466620
530395756 42040493 365785209
424536294 26092456 546882812
726430784 868228616 358977500
346325781 567646060 245695292
486289022 666294029 126488508
161495345 428493493 760394318
411799264 845536299 988489693
749625365 842960639 301741185
383596040 301063666 243920691
33371933 675157624 662045771
118808587 164845056 374403110
386399962 545923080 66789563
66524222 858002731 500566049
188986615 653750944 138134302
459761727 806223598 658038368
904896875 846050241 898353648
100934215 273948185 605847034
386048223 222651728 154076421
216417966 353009332 113860396
557308002 532846233 180997880
998202559 559446323 694840295
188563018 985207968 468492242
462845629 108059359 694799261
906110061 541271471 918750462
426133812 949557124 888144455
371601280 681974811 702753388
232578437 458977367 679685818
780429263 21744729 60659459
217590700 852605993 985756715
165924638 602026561 471092812
910370643 672546001 339860223
29665246 60477857 140161372
628526108 785362390 294728919
5134739 243572229 718432514
20182314 970946652 223498202
190619268 17855940 680437554
98896880 221296720 813106501
112158372 698842190 897744304
180017726 447119062 648310577
993434560 443506612 69840895
516459400 942079474 883610019
293810922 656725368 576419467
11231096 483166582 254345945
223393573 756800150 825499413
803839927 859052331 793206482
943143249 56263378 103167584
845615863 786905154 60068382
158880088 282878787 589768473
303060804 854461948 990398439
954965144 652829727 335444490
714084747 930868120 136054592
185558420 496600520 514827138
147411050 18923901 437078956
70443222 275866903 353339903
953493562 952233383 708257010
281553703 958237416 896217629
471932506 244710742 462809631
282096882 106287845 677002178
95219646 13181429 173984731
342394612 752186774 162110602
979861174 247950664 163860975
930745384 276595113 174998384
330265603 121422041 768512022
713477361 59691134 439161278
569237271 61650084 526228996
379045768 974012918 623826230
223830442 354127104 407117492
709611944 792382332 367603585
315077254 326499792 92824310
40428920 456271443 663787223
448889739 478126315 767488823
489868217 917186849 935615471
143300355 199398856 428608658
583662896 718608571 626778409
64046637 442218093 473980183
919078228 727022643 710274809
7536899 839323032 982780763
451425339 409255967 55379862
73170254 634583599 227235135
342613442 655275307 866659299
757789420 436677605 527225348
554568699 764360161 283126685
266723168 200992045 551920527
84777691 298876855 687278790
880619162 114994787 876880633
543009059 939985753 738298448
123486983 865887800 752309338
418482830 796160056 712036877
488799963 302635870 6991317
137078588 993992530 349954518
551558814 150002549 149487079
963376222 896991555 653557754
108591861 460317492 336821484
666726947 707642252 193941737
58749873 828660699 526800369
144956130 683106594 668238880
233002524 16355799 41380032
302706567 688468538 462307927
982988930 123031734 119314217
156339522 53841746 613763305
8697087 510021710 161290126
159217774 386651011 861855363
931197319 500358953 622573233
243370175 567527941 514559248
352506682 352745010 68024001
867279535 540037890 72830179
57008873 207561125 376760737
860826154 974605215 88149285
759494883 461204275 178080890
355850871 385090888 710952321
989281284 45003125 570161796
447360873 400906299 552500494
540262400 360683667 539575056
357125062 370646359 464876157
935841515 610697268 839216858
924027127 591862565 125784451
192621068 865348264 183435404
161356785 710619687 547561863
101404131 752845139 371784853
442399587 774296671 397597071
759760248 450142812 978338859
169374496 71504931 323536231
576215269 451093398 218156958
225349838 168908319 22863379
101491494 346764974 881775583
210621903 836006570 660031351
63770911 611130005 367501135
805034608 636768845 993086788
37182446 110429744 210680268
143019599 542560657 970008870
332609650 845936702 180032505
542048785 870348808 41050155
737961499 836835465 529977805
586966597 638766750 684455285
802671347 612275792 26934366
721628050 382263584 180410402
621869804 997240818 453977838
572190759 336901900 858620539
454275180 481841119 916968246
46474852 406900635 936719963
678251542 997616315 172138737
687907012 267021580 544178914
977790938 324766420 36391596
1339149 641710898 81362779
336218430 355906758 740131276
998111419 895589696 811460458
24835310 849318252 12589535
687898793 417181394 942179449
983774594 382273801 284078887
164855297 5096511 315854947
331517838 980171702 722272356
15595109 1439262 521305442
31146735 550929166 2515937
74827101 44448278 662785845
754208084 739961112 528911297
542145795 964860650 294973846
771897866 375013492 639006090
936070125 139545028 94779355
997450508 43810761 506666737
342824027 237286080 42477546
935893834 341840494 162740711
803938465 81117883 198656609
65757240 406812758 872394724
119775446 404454493 29710341
302864538 835190593 173277299
610262461 824713828 934788203
849835662 375644960 404473598
781765875 812207410 769823206
966068441 117576648 628159451
736457305 862173081 96406192
961922934 356910554 364446870
84589252 615730918 401794906
845686620 37206769 73680768
942193634 874926635 418822776
885522830 96105229 36711543
143197551 889097424 424236937
294607208 688726335 304788727
428568473 5142620 716792612
447729192 143011221 549862752
45388464 427118975 416542824
248873915 609817160 421677449
182309905 851340387 41113509
794922697 304206371 274924166
411055188 270554164 40809030
512339970 5579830 684426165
86297267 639173101 895756289
60091050 376901820 693812494
569416125 850212453 178977090
322585186 475765064 59359403
458598716 780419993 777843411
975187000 17247287 623429526
165515619 338284858 982103760
125370098 171603793 341834194
504980283 459794553 31800522
364899990 447743424 868894123
900667983 650564369 54491961
261676861 570027318 750113345
126387094 19634581 805491751
248421144 962732633 494885202
891340192 697707772 435277594
862959554 530264690 169014343
787543556 184321898 804007490
822884040 535382102 747120769
973039625 508383296 460905699
806661493 779219603 601997029
76423314 344477541 735370500
22609890 665425631 518599333
401152846 117554133 941550168
27392830 14859965 19874640
357682464 196948331 111672939
729176922 402237808 539522589
202346444 736909803 660546065
888276855 807718692 376017523
379413219 445420882 258095115
935924307 165724505 185329083
217460208 690433377 598224123
23284080 603985043 723638889
973402083 413884519 13809802
152625063 332971840 861744711
573605821 74403662 773430231
714374893 43031018 130634757
151880316 88972008 156895521
575458660 32744093 933809150
69671497 182631547 440737976
707178917 671298969 729055307
150000351 149644682 447491872
875553355 215867 452685837
64085822 918680293 569350279
561908930 643173161 161166838
643218577 56816882 26025321
858660689 861532348 648295961
981216859 489643837 13493376
327156326 219897010 265617138
689768424 130029885 93582833
890686752 109173779 334866872
25358067 602872425 407409588
643055906 959753315 865846754
806388627 569393019 283745092
383326614 655024906 40325623
840178027 59649282 456744072
757299582 748105216 135025562
884076049 210602797 537465344
709395778 853154235 459262164
754059454 925097686 28075571
970519415 772442205 463838371
384937782 815393229 964670039
735650028 394839577 72024771
707697658 906625126 77521474
920843258 820504294 503832252
821420460 316125765 766257552
6363916 42274662 644737580
284141506 497667175 566359573
149975659 81320728 229936725
852667502 227330676 511658885
987340111 54554557 43163369
388741068 623887171 657880161
951229987 228265479 768709652
105966668 306257070 255538211
706509335 485055368 443681226
694919266 55724183 122742445
614314987 46023128 65362514
984231276 863853882 10219247
782641658 170535688 678141971
445308900 101974709 878143191
983999365 929178439 496413341
944436422 915251156 982985342
408230208 854509010 81867514
460673090 880391201 71387279
973407522 704277280 510745398
16093093 759086380 538306042
204064104 297534542 401949996
988424324 542354710 477663961
22516970 470503368 362925202
495611691 396396643 851326626
839330466 185062200 323891271
758861380 33208064 630868366
174701177 837568179 464860891
364641739 231003283 548177736
712016212 284810529 869407327
470480689 27888642 120751834
803768926 444995053 945669998
400002254 830360133 70654419
206424983 254510062 191642491
41111692 222057583 729998524
590274461 58289044 271355485
713341904 673320186 363514557
715535033 510241366 315028247
919319212 905016403 188528267
738029356 987922778 441924588
203058243 474525861 655216276
577025211 7458149 51326370
46269564 371763433 21172845
366471032 454113797 510832150
509786857 126582574 266274683
806724050 598994429 934648320
288125689 59452452 644721376
700683743 642799345 976801287
442059100 71601647 584406184
229108200 789695058 405450503
666291383 785146921 893614131
805854261 748857227 792935841
200071048 659759928 288976357
405453338 362768236 161644804
910930267 224595153 901624332
972027457 522077397 953079034
364653870 567667660 447104273
32972857 845343399 684877621
885780768 861075754 822679778
864292671 799593191 695824346
20973920 720207971 80295839
846248524 739492659 196178254
778729557 920964853 759402371
28925278 951849578 285477696
15750153 830389033 455086100
801038346 551330710 188263670
426459355 34000423 826082445
237947202 757219869 705737435
570656100 367910204 918411147
949183586 437865256 354728777
921080745 805707370 272083958
484806529 263802962 266616467
808243074 736265264 235108146
669634806 135733140 95598166
981768778 861170843 34356870
302774823 858741872 9082368
190810568 67596172 208054732
106802585 97916508 157378208
977322076 54745163 686900570
28742708 29722736 211517424
757682796 36424780 841923887
669928918 617180755 112380064
640148753 298266944 556654433
759032091 219060834 284257252
537293309 554536031 10017221
297528939 9648418 266986047
135814319 154567924 15146720
217795140 632319464 544494481
52937946 833576 329340430
667460296 449492166 483158110
193184273 302677011 567894256
571040904 991999416 936482400
372176055 552916992 95683610
582521490 52210446 207729744
220993574 547096575 414298365
268838329 57183516 517628144
217023006 800675760 58398482
227739428 756210976 783518044
854047600 183066701 953201223
53913626 719575411 373365394
724573674 936375801 697795246
192956683 264890611 378350142
190620548 642764872 537418083
72100321 201259951 223978186
677958347 636434958 268199613
629820808 901334740 859553445
902067342 760239211 173798840
370802362 788058583 534470354
461569735 298957078 565018786
543011856 376586468 844040372
296280268 759990249 767658757
56596805 295798917 463312664
781851830 267529133 15213267
436802508 502658709 693660291
916970000 11474983 501381847
914689685 924695655 240886973
448617923 189715298 417675355
800889115 7890482 128662430
875533120 917390397 936803862
56220593 67543488 460451607
732664559 656814136 965722712
730559245 371181143 270331523
423776728 84039291 367718007
584609045 137574374 429766958
194504335 683279911 592375163
975769832 53011827 449087013
70356837 699381216 190668809
954081328 309130947 952155968
384132556 688763546 482419085
682373030 229512523 515693421
979593993 381972899 672991914
167140581 876123223 798827583
938072608 245846513 907582694
709736307 29378168 64991926
135129852 195909805 76383121
990947596 261342258 831991632
179139293 256718079 416781813
640117041 725186534 15750991
670699015 989599515 356632260
54984176 307004156 745888075
145374888 969516683 529738942
217471989 459754069 660554491
860073225 941761470 113217697
262070225 36347375 236988992
15837944 128450769 900901973
920144521 74967001 956055410
420916340 758447516 557778775
817852258 917522009 308405998
39208346 922030848 59986534
151924970 590256988 767991776
510852559 413776238 879375468
951849802 483499805 413601356
891892782 738285243 139502255
599407050 373421081 61043810
635990324 320495394 186469943
584162213 717316657 29239043
653684137 454915482 31287937
396459022 35221281 2031502
62885073 486512473 656757093
683471233 497516576 362274031
139179475 979148456 718411845
602474575 16000727 607383018
69412456 880224489 84109943
612158564 620776327 822472356
437276360 995437541 69285619
4193370 11406966 704382834
551170769 855590490 665333568
974337987 441920154 998042341
215706745 215848899 880197019
346038961 712353672 847345940
688379765 859319146 741910633
155478154 17569950 617856556
750202410 617628331 905449182
990252042 982863727 30821942
452050387 50937994 634039022
659841688 235960174 721588263
350185460 298322040 832373876
825966798 573474526 243184172
760552702 57133665 19235233
550170178 933572857 669282615
729955394 350365177 653099174
344976537 378946910 521953733
180389147 302617415 813950628
53632462 220276928 653580273
629114198 58650225 465915859
188061118 756110028 406860989
425013477 590490825 525389041
785720056 380271962 51572383
304680643 822006040 336648685
973200066 50144983 337715530
176531242 627780393 770374099
813773934 23023602 205402302
788733683 545631897 294560762
36339678 328488069 670616466
852995149 316828893 895643245
591774549 958076869 895113344
58970273 52343955 462430614
117984384 396521389 901978928
698450884 254109709 322445616
439632068 204107687 166370377
80886878 595608859 246994542
3862217 357534332 100442293
818676121 216287256 25541991
304100166 58503549 735460404
25784845 465885239 884787140
963570446 970763506 694536995
613608427 1511694 482537133
727702619 711051203 421912461
359907945 993162594 606256624
470975833 553310308 582937970
859974765 36177205 863282803
730377717 98415877 969097814
626055292 905291533 671405531
690045671 680431866 411833357
486101476 632144006 100792701
120983549 7334248 893039301
