500 3
259226731 183664590 21252828 745765897
994444842 210148762 142625177 852526464
483775172 703456222 677015431 933132029
476471068 34732947 187819140 11872326
126769193 331439724 247463105 953934357
645372789 22024523 955099971 519693976
421267361 31451849 957839971 627380722
15586014 479417266 826954830 454685880
404548981 333127558 126229381 43383413
315153984 447667962 56805726 890869287
810497839 929480309 424908929 233291456
377848772 855566995 71556972 495238054
445793175 273958053 887504624 620085555
372140755 191293231 216298674 419749174
82031287 546798185 801374634 762983280
693123606 468244671 572784807 677644823
979563991 809567056 378767561 28630103
412840309 380069491 114628102 814610636
189620096 897904173 354140582 40933897
98400795 266660540 894290631 579606292
889336700 18479888 507703002 720866791
335853168 637797196 50631203 596253169
167753428 272866634 336541757 220106899
253760028 696721684 143674516 886148516
434421712 549693292 799488745 255905773
341709322 85006405 161929170 466445741
426722809 753418055 693213495 265857303
973956193 627290190 488546006 168234191
176058905 696417260 544541375 226506864
932966540 560083939 351218137 86701321
605007416 696631212 60320859 250767771
228091698 571375859 640560724 251799453
977450400 100943896 945901604 185141113
766595646 176953520 286400256 225957132
643146969 103824898 60165490 281005098
582296791 538718090 150092759 848684311
782633389 123553145 824070368 791671055
949144423 841071923 474227217 612796095
783577892 620498383 6611524 496287433
609762199 35622043 480173095 630571076
58865544 547447190 912303802 591928634
741606480 733498356 112751058 9614632
497022561 167622302 831016089 69917058
259349948 212704431 711424012 450275373
354075768 652525047 635256699 312911874
780777794 753050492 312647949 138258257
629940183 457765876 451200569 61231196
855658892 643405901 763415630 120389592
739446214 289124389 256302315 715039088
931609219 221599314 876091016 49484354
183399631 552613211 550028524 931827552
804090192 397962237 320793012 560668239
293285051 951697831 877794514 444894603
287370331 105130750 296455436 384855810
607686289 84516442 501762169 734469780
959458127 190625863 980792583 577162906
616924317 410202117 145936632 330097756
390743828 866360329 53613408 188294296
434149989 329778810 519546025 850341890
331186643 232509876 884533007 83021759
392662196 226225352 840781605 157913577
939022069 317151226 318704718 389887503
643422611 987756865 581566788 546793906
378047266 231260363 85724308 98817224
752144458 384277879 138748192 823227964
857586757 61030745 28009628 953176172
370614626 180696633 431249938 198370730
713421189 465060372 550766174 604832956
981495461 365599642 350104754 32925021
447720269 124481199 809239827 801477817
126769948 896217322 650772186 213266932
178877252 708724248 789874996 541325988
668932878 221869242 329067427 896345938
312568917 30648962 202698363 39276030
724698119 250024155 513741670 33195672
65462951 233730398 152182240 29391751
778378445 575105630 842378171 113899557
283597732 946926429 587439516 657023809
58142059 223064468 132616060 985937820
892446198 29479535 973054248 2582637
428232490 470315534 274435777 861931486
494201220 316013509 960305469 826241932
617708690 145629853 458768101 580342026
259995512 287134673 58161621 796678751
112599405 596653394 69746815 981760643
306092603 446081604 83180584 604486118
900999875 992061311 61063529 358742761
365077878 63199246 125602479 338527843
627644125 66326963 69216443 495609886
456689170 994580833 778024227 156703576
781452613 12203969 494865103 897058626
485462584 837098926 880037501 957369220
924010179 709269688 321308478 533060790
911661393 41818021 263227127 755101928
434466145 395083499 933126881 657341468
201012230 437570871 422329353 720862407
254303335 631050218 344659920 109795412
864867392 533473174 891062380 484083616
337336415 531356805 313812325 282579839
467195176 484885299 987288601 951542070
320608017 655028431 570466360 422498047
885967655 617021374 483845193 683057288
195710855 455894040 561381924 449444724
394023909 22267433 279800694 857977816
979618313 27486449 121354816 553887935
772843085 83954341 923998552 577335463
17231904 774004011 144178406 794252801
467247751 515995810 64924392 756097973
242343062 712727000 32543662 694075804
625402363 370173649 637991519 499556613
111405940 513884999 516746610 987003185
400901972 150074661 799051574 995349462
716884482 950458634 30584395 66625439
845450873 260564684 38364199 815976106
16090825 347981299 751386514 731213577
210984085 605336122 556230954 884923202
18372499 624504849 680976351 854975695
63178255 184226078 81833848 852593311
644946792 445368503 759247628 837694867
215388305 985501801 396778890 841401601
63833746 189226101 166711858 349825845
136929029 67018829 858737945 42799083
65948825 471786267 216587177 3325654
34167698 964764731 72475935 241111068
293646407 669257660 731022091 949201111
448202658 405209827 855943636 779629974
649263524 663412904 712220977 179794138
368079326 787658295 173952177 641511322
155085305 438611824 87245876 863452607
385690159 117922664 546618479 563546793
140597712 753156325 378978156 131016104
514711486 195478246 56879880 412256899
544871153 589059352 8698739 483966453
787462900 842268770 169004979 928627243
587751526 44330331 335857186 802106183
852618618 573668046 694653675 104201184
514432632 635391549 960258705 235680127
646038073 490830939 800293480 294787364
119327406 263138192 393353498 24115647
62153562 656786041 47034147 301585080
490738644 662805606 24264022 577049703
329800774 767692250 61556566 337014940
387082736 927512846 127135773 735454489
52118950 823702127 912500345 548557331
129076813 253195547 195808137 926439093
509000034 726378344 707618116 616103324
123511668 757051229 25267443 981858652
254374053 949851958 559868338 422818041
460471597 632570341 382444788 735632495
8429015 64431500 963507964 726528299
510685313 189207043 46181732 695000720
107805856 407466328 317832601 609327731
670426042 376184906 35741021 563838367
102457835 902283470 966847300 296349778
885055073 232036490 355739448 987719357
500878303 212792669 206682869 752921992
246438206 777249236 593498765 3718220
219804135 4644790 620397797 60855320
885132890 316354170 590072886 858920940
476501162 878873547 11685517 531922241
51742975 478022667 37566028 534099583
91246099 559213773 665770663 788949381
451458485 443511641 224065575 414739493
453288265 267997484 356956458 731943076
177893958 838883446 409669217 888488511
823298742 397607066 535910225 61764001
900242874 111426225 645225171 868667758
78172163 33920519 558108564 24765116
18308698 569193629 295613590 612815252
603279385 848465829 502675885 862822773
628433840 462326793 858748930 246458833
373723938 253550309 769538707 336847502
47239813 22659592 193730225 433979526
67885701 663124087 603067521 840425992
482523361 61298922 708618108 902450005
517124332 500294733 910751471 407040804
409611277 123328064 367457915 38756126
155875904 237096343 639127190 897585250
537256595 970157787 877761800 929529858
61192618 918098631 666359151 81423237
183698491 218168012 845375932 221147491
34195858 536466829 178070196 897318284
95500815 894767972 740442224 601687521
713390499 73829083 559889117 313431737
970899031 224619828 347396668 734965598
24433861 950143714 699703202 735964813
909798557 37887501 509771130 226365177
630396193 326017298 879976447 16312777
379703721 630497025 579864002 293930261
897460256 363764765 227682346 343579757
739490692 25032799 163967983 144621907
123694186 308600307 606589341 63122364
615467384 346666426 866745880 866505362
652562410 380890054 845869842 757511221
867367950 273384417 520134550 731100917
954051015 299728391 632385665 434111386
964445454 1786087 296954116 159640541
590858860 27903590 108104483 901076716
730503041 475758108 13062201 246447593
889293696 74215892 541258098 217053291
14790065 500018192 946028623 208869628
241885166 754340996 702238501 804952474
68127526 968855190 63809950 206051383
146826205 51024868 756079927 459301688
656615594 537156286 359453121 935925241
510749879 727430824 786133472 533366087
68853317 512594137 784802702 11566053
319559974 924621503 391090329 168118024
82129729 158207096 142851873 148378331
457203985 537520474 430307868 184129276
854610982 584619117 979929553 171676413
81438114 107361515 473087072 531831524
859178685 52423367 593247801 56289707
516636994 345264931 544129696 962314177
70518800 11885784 291863599 155171718
555685786 655781106 720299348 624806355
562701928 405558066 699029711 460591216
352691603 881757834 728398389 885286044
737497421 339173796 275902064 537839497
20105046 901789532 615998524 628699869
290793864 900224833 287435948 564737330
4845644 227404312 348922787 151477911
883396899 460475992 104966235 855506189
54492958 821607599 482338274 758720778
369834854 715603068 24587160 384279034
593215413 254077011 684234162 66681529
985578715 913965693 864601530 677418522
540576058 961796469 406678284 189952867
354425674 675150956 341678938 42191567
761170454 182992837 630455081 896432650
749657532 660869530 184268371 680247480
735916017 291806773 241387651 278383855
101194875 25150616 361338300 768743353
232882614 879483638 996266706 792301971
183210256 306365239 827211246 500276976
52487565 499142520 677750543 266265783
842507843 729872008 45074564 606463168
181969630 558094445 208007027 87059035
669648925 26233053 26847829 881346249
130551380 620357061 24675191 502914497
891401192 28958149 193115515 852689389
10302422 151259826 752154581 220569962
672991277 271626258 929154383 453132876
133621391 262507940 651177605 297651991
10521267 806363606 297251433 690926407
200488678 88143949 585230016 518866889
33155718 359104097 445313187 26447744
305882757 676833181 396381439 67027905
116861932 516383299 687991062 411840726
905840214 294476743 650218236 341598847
39309936 954406223 325257754 445751405
193613952 463751225 85776302 261110469
650834139 109943445 387307337 339682979
139278445 192848806 581437264 155576980
914169653 146325606 10451324 441375515
718731974 941537279 309959514 289842989
59647176 108441683 329731788 832287925
584363380 849867381 852021893 461262097
403441692 888897325 854817425 924850579
957697952 777778040 350992587 670461953
92669178 530038021 141161829 133590805
931649971 681418425 626538339 718891773
554991724 264144172 756161824 693676508
289033558 284109610 329622728 879915079
22455994 889425460 286409949 815979977
173753714 821244668 982144178 422254944
571098478 219691500 598787315 726519294
540575280 342672287 131868699 428799753
202267472 198092135 995363579 116718811
826412281 826142149 613588282 172466499
29744746 52082932 32006096 961690626
621125750 258528607 482598794 8748366
287358468 185415718 115599753 675331154
338813071 823148957 128309187 604192685
663490215 702173644 322754432 297410031
815060591 980856048 797916126 49977375
235044381 3696121 628414029 869924919
756876414 436131083 972496660 238101926
654373231 459999229 798109131 886706637
635041380 808143580 259228126 384930947
304537317 154413673 985340689 185966737
133714188 933102231 62611958 849770550
338845192 333517582 255287416 621160868
969433757 756671403 34177108 584702850
57109922 4520189 476796315 289859944
45593218 931223753 522576689 26969702
429192635 827383431 551515985 647097213
861213026 265740259 760578566 327548964
134804381 270016830 305756083 734108357
223291688 691870250 946518413 464829245
865889744 869108209 88034844 70682463
729025787 418798606 62646718 399214962
850268702 163798194 366495523 31123631
699582789 46789441 767479762 39546819
817663887 30482131 252351650 957892947
219771823 722184371 403314242 545157747
375826029 542742755 318561714 21672238
735460130 177040534 257221831 365838593
829077568 306119349 49663659 482030944
356022216 179030619 863334490 544287279
480696273 686782297 660285735 137752138
967686920 55150258 526453557 387004926
672749866 408654623 397693951 923691918
314924940 510261645 288404688 209228719
14770580 446188954 581364555 287298060
187537725 3022364 303606244 932348355
423458710 399870362 905597029 375698917
649364804 786047697 510719083 459867642
277549820 241706288 110377446 116894331
709442057 986675548 229571484 791112022
457813196 985729453 947635110 185782894
66705207 647030447 979964914 102157336
722980690 64516515 114753216 454127519
854889910 247501563 710315813 933410241
380872212 221375201 736919946 661451568
797497263 304191920 911100974 122987794
33263069 181273209 153319328 12619137
321140875 966138240 843433798 215523340
99493046 27291325 251736537 69989427
5643506 539018331 357804519 469222383
413817319 797712188 623720015 760865832
181158607 451178355 565140169 748508477
896433657 452113097 309153883 712265088
525685065 555885369 212700644 47435703
77091510 247556979 614998166 405850012
736094411 876489565 650564724 382006878
61283111 409652365 417672408 70182174
125481724 129640144 59813103 18979187
758721427 729937063 55144507 983171046
441709255 691574725 566301456 220403830
554498438 163065234 924609303 438002965
96048211 679244715 321884110 210046506
201403334 719453279 784577286 266881293
203111690 63727923 617761124 327992462
269724255 619655519 868647649 364668270
956783510 972874319 113185610 922964708
744763031 334821411 114019009 359715609
153827294 509489199 875429434 802453421
623891193 35907452 127483902 285252144
307626764 349142854 460580907 50997417
735421262 265195899 487943474 176603667
729245577 263320898 101157976 701440731
114601118 459871090 491176502 742220131
345741566 864553751 8426297 963508866
969608498 696559088 894706723 813608450
519267412 56251123 43262599 189836064
762741908 215198920 293895505 163941648
348864436 851147338 387575100 620898166
397869964 237586185 87903578 179086062
563305095 968717771 67584911 539814277
596229156 343400198 855980310 233694014
970501494 285013351 846439163 312148622
420360612 215071311 881007263 509878496
55216746 798818897 378881592 909650705
92424342 308873653 41750862 520723957
18702988 786487543 398603583 286085841
591681218 378632521 484086204 855186398
638502981 841611533 946951498 491106509
30618418 146522204 849442241 627927869
677223229 251311490 43953872 824988487
768427566 48293759 167218295 297827315
37237343 888554631 433057676 657108927
418453824 461621891 673491511 191687967
431844307 366956430 252450422 97235704
35514159 967165049 965654682 101522724
277553921 228000584 484796359 666489073
491826183 282370994 968607352 29454242
70245012 169975717 628099833 599758061
912143 522405824 458397675 489934715
908807283 866158551 367322307 885535083
862236880 281246578 807024203 697260751
461004745 341234254 244885280 568102957
132300564 671581403 284721203 646469375
413605117 10901692 184770888 640246323
295796963 627225930 99891578 5885612
69566905 58129938 163155892 418820032
641738887 795343186 775134009 861825976
871582951 809218176 879995934 363915347
8128904 986212547 670950347 873465668
294628014 921113975 134724990 601977519
674539696 844551854 951641799 386546095
369338488 536247722 13671948 523451603
443010055 520511843 887823623 956754588
131945198 174752519 750124355 527485953
825461462 266928757 674968739 652239083
516657145 258499266 58868188 545574073
198696359 36806325 30725878 93377214
731721410 707824970 217608142 712581822
917646914 154310194 644819606 976483700
4192178 539440720 180216404 964229391
323053489 912184382 71303007 302157233
398638194 684549319 805505510 634278382
2328125 21487466 252199528 710475603
45719019 365265629 528517693 199464669
18327405 799074696 41177611 414244221
960663110 986967558 252384338 876849306
654055949 27366823 800803297 312769167
788331756 366544624 798619230 999911209
936341027 67926554 294825667 367949867
252725894 920174991 356723675 984508874
380568826 606325872 138142409 275306288
976021244 670348562 524152193 778944253
735813915 733271420 394085197 135202753
706751353 359640043 534790473 534891652
212989518 58180942 171803367 50067775
433678949 900477898 77597292 204781408
598817180 11468599 444840305 795355722
761692008 825044385 41570148 212990930
410464591 958186952 427127812 196065475
435543917 177528224 670415848 52966235
935576816 57894098 391759097 239956427
232138907 111475513 823610611 737318587
460590407 525746534 194434024 232415684
410399325 339788060 57754813 837528052
310862941 82235349 18359211 689038414
308551002 879426875 739887296 712519752
152827260 550668208 676664411 785265739
89056125 574988487 54999987 327371317
812633388 307003848 725847889 101350362
335833069 991121456 340839825 924241791
652372279 245813807 694516517 366994526
577963796 641102632 95128466 324919078
535906469 156473396 901798321 764028536
34561179 26671776 15724591 44199786
205257663 468029034 981115405 744725000
64472428 866640584 450065185 592371150
25179151 772807329 551309460 702957103
206179246 62919953 992713058 72594705
580670558 497311209 961181405 497873230
259021515 2969133 82871593 925544245
126845108 647349397 592169921 124891399
249060716 673306637 43858929 600760698
628633178 183899701 898022235 386955834
26594682 593151969 943270002 80031843
915682266 989365658 633534210 344011016
642283038 1776667 927549094 622390703
574806268 22312661 820315472 132167891
386752449 381982316 450860996 66237025
620914378 357335351 49631773 560497723
93209611 836422596 93503559 17048760
946911116 782474065 521715331 561227041
955886567 905917524 85549543 780630582
994887372 27660021 127348955 8117415
832489853 167033742 977841053 624305051
427114834 25972018 634791102 387722029
283805750 50529827 18409890 5652714
870880551 773405274 844937988 101638228
23895226 922547203 413111664 464633698
147128725 663640575 483477959 506342142
517149940 271895648 185820607 926135174
457811749 716784368 872016992 141896011
502065163 159855019 365616776 518449429
466884511 250363200 230527847 771651740
883426922 743948180 289169668 318042896
266561036 697998399 790795446 537118099
34826680 875062541 419314604 799554490
974534326 911593086 877607782 71668240
912041184 916157510 868727354 359371923
36327205 53912526 948623312 655210292
986936329 192098993 997111206 281691739
486450723 48156479 44041612 254251361
434490525 882043134 82420777 40771860
882013112 544281381 384183668 971502647
656534854 100463391 139405628 119606271
268615982 999994638 187937185 422135959
657878507 231919685 148252056 533665181
999258381 646847436 48882027 921036451
938626998 12413152 20577591 427885487
815134494 161360240 753801068 490218939
943918352 200216737 901847376 895673141
33181291 188533580 659035005 46178944
809019810 689582715 137499742 280860786
774622013 939297263 656280246 480854228
956318293 444318877 870231578 217935589
857218844 714119467 548845425 849139671
619224402 685139576 194832763 933964112
171496657 868935698 796420423 449816042
660683266 118274750 493020860 846369204
646737510 43888884 38652689 939388591
22845198 975239008 440922964 454887761
405880611 203131233 766469351 486561030
324678751 20313486 48648190 865507498
879066002 863498796 66551331 886237968
827834142 32700345 963031731 166231934
32341883 839149413 997688158 713998894
517932468 445328276 359592618 540886223
186109927 60368477 409387120 292518658
217978313 900781582 539950174 350242526
833767201 949497765 612736627 214881645
38358088 111200088 308178822 171658028
722897071 165966606 756761024 942129294
752801625 119437540 936605981 249073273
42489180 350962602 646833136 253029064
912089700 453699427 394552156 90428616
651614000 429848008 342057947 357552571
72499220 946447045 461907386 212236632
45417333 504445178 826463643 52004937
540965456 257777212 957707506 663420587
583794868 376809490 384995976 389789842
119425091 841449528 411161339 622599810
