500 5
260066382 571699144 503910290 487891087 27917322 171384571
577490603 227648337 71485582 109626115 448287567 574214706
9582771 251952753 659939725 724797132 557513698 684307721
786344011 6814765 427961499 760864834 526334402 213912408
472238321 433632202 932467711 560543682 70511884 642421247
405698916 286362582 172823461 618156151 487545125 321471858
31762062 688508026 49233355 790811240 511696680 923455363
983893940 800169214 16021226 988332994 106471825 504178798
212576225 131283100 114134247 86900071 81820971 526038826
312502415 24255625 836760442 11757238 991855414 38580973
239593879 72824641 495481822 997885083 11507420 625874944
11778139 138975506 48827833 341911514 542531542 13806020
322549809 996572651 37007181 54688919 362998874 175827972
997285393 346963046 58863840 853396777 69993031 273580413
779274626 774953490 509592936 113799712 293729171 230116779
186337473 661118213 309869178 295066004 801645043 385572821
219629107 135621281 90755444 320017328 200357324 886947163
896582924 490834342 229375977 3850877 50749529 777721662
305963840 777606008 10849100 834040563 808298269 512308976
862571690 141205681 836332512 310146364 4021900 345189981
984337274 32092906 153737950 210485322 879004148 467113784
344875492 372436421 72619496 298691740 570215600 707358090
144546054 320854334 192505262 58017869 494295184 304632185
783937817 20041010 711189982 925177437 509969794 935672917
931077850 527858223 458667088 874656579 179568261 618427623
366543419 822958974 217988465 750438578 921317327 5768445
934101573 62631022 830099952 197246634 161604157 655819313
464206416 606707426 76476839 398854082 269496314 14525433
842540134 500113181 384792523 147951283 834027123 360616179
394308852 159107276 212898903 709122856 288221561 974410097
346217394 502367572 483573429 114719173 135842743 402244931
905805268 608006493 72827822 18327925 204263511 709337796
614432113 210882462 471015571 934666231 727923183 192025895
282415666 491413226 462620076 802086827 759646897 285804034
466941759 436526971 26705888 695797913 123894226 328457754
244257382 551703421 189078950 375132866 852156986 546195825
194721933 467814109 134363947 336220074 282252910 881511053
172325721 73673299 22163396 652065061 752207289 996976906
146549791 381881773 996653717 787882849 153476769 885491554
56688650 873743709 12898434 894983731 85564040 979217403
523469197 268683078 756716886 254464422 171712161 112970097
358677259 685099714 388367921 890495425 244915734 972739108
233817797 662763510 828617015 213427607 439003510 983180037
932327427 636432985 137970293 39435669 493426532 813732252
177230213 962218626 182283798 814896390 116847229 941140317
81206572 53369138 734371271 875895530 644913289 193864748
220690660 129013153 573888359 709639672 173602533 3074606
190979284 615391500 988367091 909359089 656937008 367240401
603496136 745025918 99165616 232584230 897201972 919941405
611866334 15712221 259211417 707075404 358329110 623082813
255461743 317070648 839585802 425467518 616005825 885497160
338690623 17996112 799442605 299541394 384238991 261202772
617843944 970093668 536735141 46474401 996017976 558106300
825456260 310802496 569814009 15157456 24751360 701802160
8698521 20638344 506832706 229911652 661540380 331985918
343674185 275236416 147401112 375477765 575992164 213224992
564763833 643519135 804944057 690448209 760865342 37688709
286774209 591805205 104237691 50629283 235603657 585008419
317713365 156344473 891552371 356495396 2758985 481791292
870616115 276349496 667509990 23104019 943814355 50433903
35773518 585564890 434023151 285145169 121953592 858337282
190119801 997630550 440116209 32879919 326001206 933021807
568419799 72218041 241586239 269092219 774009308 188030764
925539969 865839826 624763145 788234696 949686846 279977150
956503801 75064065 113920394 946306813 605475417 72028672
3863502 165916992 791448943 605928992 388192840 629742511
45196432 970868593 44775561 675236707 638453928 252061497
942433526 783081194 148679606 37521518 745720136 545080006
10140493 10083902 486288140 60538351 904302869 853796487
557335587 393727565 22108487 483094111 63515459 943805758
17644852 775280781 599919733 170529814 506479551 68016654
501854613 749172890 25192415 455112850 39620821 900610436
19280670 257756924 936699705 888685314 38913053 588620261
685624604 61122871 806438669 238847001 555770538 25110201
680322615 363350808 882636389 473339153 475004021 709825431
344111008 111574334 488537527 277517820 813199111 974103089
516661631 257297126 533890837 620205906 75469669 663740323
316269723 644144379 905147284 322255544 201789248 287231224
18210123 212422748 558246396 921720589 693434717 502138621
87407516 4866928 13503153 938109882 409290561 831291722
832475842 295958247 43398369 976645946 286814240 260350093
335284676 875871186 547326190 848839911 780005640 756793368
451672930 265017574 921834525 486696454 155557449 254733997
241419082 700454155 550031744 858884629 323874343 842067592
664804987 669566251 719186976 560912980 575416514 441009325
305435897 169468728 148729455 392821905 933472580 160523124
70670513 868500606 468585196 859308344 860560460 980663377
998950318 62061355 946072087 611647642 71703963 472302824
240709501 401125148 948578711 92107643 634693372 793754448
479389661 339945 177502377 147624674 330852984 12268966
279358122 493163058 128613835 947768092 162275770 541116628
28348683 190304811 35156393 635964945 904847552 297489059
107953626 327673189 412752712 123506891 814246339 371995391
591764819 108177886 19976048 570736707 605726823 183828617
661946880 966955083 984982878 38023022 298846758 27146850
560229604 141232036 796703402 31346824 46896634 794364213
1094885 818462705 26379893 908686239 912143689 781306245
798800255 173887571 699076567 175469665 927680532 918161721
922240166 898600021 918565767 512066858 742297187 35726949
179693051 13112436 558464203 717944136 190280938 59518297
485758259 567242219 360901026 119404688 40846080 676641775
470309315 21736899 108664880 765560359 15290306 547733520
749264335 912294683 915997545 935254665 211776643 198958471
691987028 812297395 525632769 859891933 804350070 117409546
340885652 752788927 100321426 227952508 787607965 996644486
202826946 927536617 731945998 858678206 296949492 729018538
756936174 292049063 640698727 552929543 834256857 460095414
840916787 23982015 278357373 99878673 411299006 343871876
55624734 609965335 538230856 856556411 490566930 534701270
611891808 41983937 212165189 920502930 260732524 939520481
202275511 68837445 445956901 599061343 494199033 234273306
395733785 67934256 858269108 498649841 41831719 553003840
621348898 516411614 443499782 790657771 768214674 99443113
50127807 993973636 808468200 9719631 762083374 491050449
72490779 738843776 167110534 866746252 215541174 347980063
16995786 648293348 339669591 31896774 879763028 862963194
840001075 784827711 147496017 65965412 942576784 233187083
915587906 871228590 671662922 12162015 595167101 543037908
803257167 55612706 61052587 647841481 806136098 757432433
48652360 766389235 137547099 677538843 906587686 488117933
747404581 455026085 335973610 539217347 52687551 4054599
927614093 823807482 152432125 843192685 653369564 747132549
70703812 43065655 671959545 746374545 576193425 414337786
383675608 734512314 578534898 428739517 135852994 825935251
773926667 380689596 841092821 48975395 14991379 92794856
508726402 560895330 593517268 50752101 573833742 186544064
878499375 82815754 549602322 122882975 572717717 352684773
329953019 967507412 766541967 12479413 479051658 27776041
462920503 947977326 507312981 133936094 825919677 511062968
503032133 364376611 974025443 164960368 750803478 463160480
349740929 337249318 410140889 55372782 150204674 333771165
623631221 775186971 596227813 607539535 242772770 12304169
483905085 867347942 278281453 898659727 90935857 467542211
968114743 954236599 996646013 6329979 53836086 194731903
666752495 910418773 854369650 783527096 57890539 858925006
73422921 375281578 618534887 79267093 436750700 626084494
350745072 260645263 915275616 805623058 743141155 380796244
41025021 133392601 953477940 182982320 62404338 249112056
715326443 566255267 86061119 301217658 157800866 888274273
795372730 759562205 832905160 697722579 344725131 919508371
435191138 526958356 715317168 836013953 539966852 671485685
951297146 169681284 517722076 103729274 267981837 389089511
171972904 889396059 220145892 664422638 364483515 927406467
562229579 337983310 553041916 782216084 611592163 455071922
758637798 986994017 745872417 60493112 445685897 554551923
813296335 145296626 757418120 991449733 824641162 211694694
443325081 782269959 706056259 340795662 510672136 745908894
185597886 173546969 420056884 935974819 961518614 173006760
858180112 896486048 415515702 873697746 201748644 52167638
491587425 117617312 779620490 380076730 603721132 87801809
236999281 625662579 341135487 518173463 213047965 316708446
160277271 626708120 121010532 690450058 63834887 109721967
725887923 385731644 560982194 270167080 340224904 933535340
540962771 984935751 817647733 570490438 649621493 28021698
795967523 70965674 357330171 675042691 885583564 755739052
530417562 147296231 401862592 518791957 767473113 337340481
674731489 325254880 91671448 447358551 975987751 138099902
998003462 57383652 22938653 979825043 750368042 253201429
395905122 758455286 66087003 594080268 236562729 966445237
754821832 509281120 785979578 627836751 303150832 829231515
130634222 44150392 150507563 81704378 598471350 378761368
173459743 586337456 257268885 155009100 377607756 724354020
653108514 477922532 650176129 227816878 724375175 726703843
646843236 233854431 513703940 823835778 886452719 252456502
719263341 417234477 758508269 636725995 232596647 343960325
960299905 892696360 253348911 7170908 699297183 270576010
21777300 887082812 398260369 638140581 833310968 554782433
240015731 897773438 555468435 378217274 993723319 128170510
763508528 509352044 680317346 860119494 83405997 5956175
35959501 675160581 112007807 13625583 150988454 45005987
807226924 229722892 275689708 640964202 307933136 501228186
727557686 556671896 256332441 40930114 596701805 402613343
517526858 662626015 511552333 944484708 475370172 117879810
244033768 876222531 462856792 673735279 743779875 95586314
105326750 644175773 937845047 966757818 19068833 14695226
33264690 53338313 423198601 832529317 28021619 386547618
959123216 214506098 396853297 245767203 644604933 669462761
460530933 326375454 108956620 153412743 414114331 304599513
742134748 512693115 374510677 905445518 755731007 29062955
193464104 735895787 42894358 688548525 552332653 768635283
434155538 585050958 969550289 370114460 751952636 15380750
90466133 978813711 187448366 224592162 405471695 254397291
770950168 769821809 218316392 319323170 943494845 312742936
780293148 28793114 74322995 767909350 674186301 259842861
964747558 847558880 69875951 744604842 675264341 478433726
376369069 259001810 814122515 57445739 839556547 167002460
780559047 473100169 241724627 582758641 805161325 72252140
914977104 962079152 830483731 23617562 635546886 828108972
598956125 815587794 832018320 630820713 948739585 625471361
969045728 594079842 949377355 12141518 581699514 769772422
539639451 963852560 370177593 153019062 79002594 301487058
207431241 226201161 32942377 68688726 502418475 47683977
792627466 908782607 476140789 64122675 481335605 501798437
867081999 688756218 411136748 799932917 328139447 13939461
10269063 364373134 548121214 878450796 32204017 795165750
769473480 922570175 562626088 410488035 30770512 628928640
906744769 944927938 174176674 793185956 717430882 423293107
430056351 759844117 814746951 127432907 324268797 87495731
992297662 959683793 604570308 348081230 105367722 14589633
638135250 618129966 588134148 800397644 311074135 620104588
220247637 5709910 989365594 777249686 133910589 842103159
170756402 254408558 69865455 783666811 230198798 502606508
210498227 473623522 119066990 347347927 999401571 26983264
83874216 874991856 947790830 394512990 76678756 789591016
17543640 597478007 447015199 494133029 548444856 64956924
620776876 936884736 836124600 63612528 60656302 444949834
253906713 524282637 434762272 281442242 246477485 297940285
402758094 673614497 720407131 766986530 200635353 196417039
937651358 781327 990263094 658644395 542865158 561572620
48830511 312454406 725446325 297376598 50516193 81929256
146780387 47641309 229374396 262165514 665596763 777951940
560804358 573696795 312300796 407047652 709072985 351351228
356482617 504872265 182227744 14699715 697405850 240190643
769124638 82643963 757410872 126316311 520563176 354955938
509359685 531843868 749626981 974051306 564904833 326111134
281229653 432292217 249217990 27280942 573382599 787466729
104989565 347341200 235348385 200920393 235699239 903630396
417057309 642508186 930510037 810957534 669642822 697497427
202306224 514349782 308301695 318508509 49740146 91837624
983691260 343509015 42357227 986904269 797007687 73517779
261282941 358554512 361052348 985268055 111271328 598531634
405110286 946260958 87548511 728407830 587907008 48355861
487530200 816470102 592582060 796201886 888494272 85869116
281634687 504173711 906516445 526174154 60046139 679668724
16295563 974932787 930516916 467031625 726311480 997636703
419606804 520717314 76667880 606597995 48866647 643950083
599083185 114030886 87233231 782551591 9664575 119699349
437826210 5949373 994498385 558700656 658950471 990772231
761031739 957294499 119205644 680203962 723364706 822970319
434382995 404764288 248202691 168883910 522571600 31298937
829916013 172007954 382880268 836109749 810066946 745081711
714085733 995966396 968134457 389528908 519511116 877262086
583292255 477843278 215015558 942919811 72515538 6634188
576287532 867540757 541831556 147423060 746470700 934045201
250517374 341579557 673126341 343195074 873277787 972405683
458142990 26620901 11464648 802126375 915396720 855718446
576214795 985896924 41817383 944475842 10858873 630245091
990976197 200654010 278564350 1387135 886239151 749213351
869380761 647146410 841605533 604814600 761457373 283909518
43239455 437267157 622626418 703050253 260108563 807440888
408937361 778845753 898729776 611190735 392134539 348344029
635161214 26261420 174053187 3949298 253958363 3299157
56413616 578220587 253838968 407458180 28726364 646991210
733955674 72823399 627427816 209000264 341353178 917689889
339876485 236492433 721143333 45908807 289809020 844158149
363303612 499319652 56772263 739533465 395267061 775383926
777572086 29125748 844451448 183860335 939476715 11097330
256907459 75660725 897297950 512351076 818389927 467870626
8911034 613170254 724929225 98728965 346906622 179104232
646284577 910666399 881427133 485375646 659926398 857863590
386684382 238467983 540351232 805118534 481617116 395103506
182897053 824910107 215409223 526016300 161305245 922618552
450267202 682246683 272594206 822733859 862701827 174743247
363097745 962945878 299781975 782875499 215360314 401050560
491343643 433672137 642815668 225196738 232367555 973908467
423736427 655297587 437144279 43948203 885581856 426655452
737644657 896983524 959972969 602595580 511226816 910029638
961742126 4948678 42384776 229190317 59769901 324830
744993440 918001835 324445558 862814431 150279283 428330754
172013040 17316312 987312511 312161579 827958738 113231562
70712281 34876626 39833899 683653420 502033319 586778199
956471387 750184808 415947685 712099151 740542615 487924571
786398624 788903169 790090857 877470425 514771198 400674025
988011566 269705254 873461044 336782648 528451223 748498046
493648462 432487250 24829736 669261454 150856043 764528206
88162491 216157944 168944958 832920442 72366590 651388115
105308815 24893653 847383025 477491753 718117047 991812499
222926441 323657847 698956328 307458205 948563600 450047281
55837411 334716174 668521315 534001212 40472831 857366710
264146994 664032881 652440361 67634331 519316260 320541216
55965982 56520563 67857328 712217483 205112883 626985516
548562213 803878759 381458893 758215780 115890978 994863455
161536490 203081969 642364959 489377937 444048278 147173978
55198179 169364495 317107063 779997020 470810635 233357150
501542466 74409830 431194249 116535034 486158658 216657693
159189539 692956369 92426968 211770585 506041072 169120963
99216118 434261286 958859486 849615145 854539172 870905668
3776559 4150603 21571451 571044264 549694967 827780071
753546284 452839033 486112416 18994609 708249338 874600467
153761894 418382798 122779963 414258567 318690780 223815256
391227100 151846681 911246437 823838430 186845402 569735872
47242427 912560865 381818313 734951594 256744299 33974359
511586897 836593590 921097559 817800235 741831084 562625016
106415155 644737723 748725801 832223544 859147529 224397401
880755116 293464947 12948149 529189835 233408044 545277785
826265193 493087948 227083828 756086990 57880106 287537288
802682211 6695785 504069969 436440611 46661355 398696695
80106251 65446195 23977493 665764345 35926234 211470401
523939004 255411745 10911506 856655181 87815118 356308698
329294173 916629063 23100878 322158013 881059127 542678934
625925972 746363165 169306226 968323732 390119819 227958908
492112819 268868112 792769202 862009619 447310579 66518219
476792477 979507790 456205823 115665916 305104689 905822797
905804024 571317197 32729835 263944804 424584404 769438683
39507801 780381084 735684572 321182137 7904671 635618096
906217004 972670830 555716340 759555857 321184310 82962418
739773218 524057187 717661503 342180789 620600074 12022270
837122016 296697112 813437213 273283309 875448966 40574194
26409444 493479154 625061362 599256845 248667257 665713408
972110778 225750695 261999372 101680064 159436486 495305457
23675743 371896333 921013204 722324371 888987466 863784311
570964469 28523813 598758712 916703940 553806606 618614199
212781224 17220202 23065688 452702539 439675565 907677974
291354336 11839062 248638062 49814569 825014279 607703619
983971239 1516085 741214723 678981103 950307110 75590532
439714908 811942446 869421391 279738514 147475568 305460293
881187480 801122446 744631791 312222318 900223502 141301213
430457696 672419927 32740814 532788375 112717467 102179747
422958476 678721288 341745997 811692135 495780624 437830192
526218615 372315566 145363636 275165764 430216687 898017782
688917479 846704426 731477725 107280304 659777966 570872065
491806271 772721092 324750109 850433175 131218533 978061323
966816738 691396592 240669814 614736852 7150779 45536966
529413353 497144928 220107771 66551556 53949965 537994085
828648969 278672713 359924866 205572494 545129952 174944619
200648126 188766969 746524048 949181170 726307977 975356856
193785532 920268185 102291329 490476625 622639898 753855952
704127894 459480638 658009334 228650301 414319759 19882094
599439279 505487158 159569283 205243330 898639928 88292680
844597601 46751120 771200409 582794164 420561769 956775972
163766636 778309100 750829488 541407546 781355104 527711002
652872608 104875653 807240377 466010778 885198454 509402155
493515982 790220923 678715842 948000070 370192265 172802562
844528107 72736357 662438123 178289191 573906600 478458377
841602181 150472214 814723976 435823913 384279552 823792047
265605227 790922158 739686294 552381447 94775814 188005624
988460695 263838692 202918499 89972823 78055397 30489157
988813663 269511058 266568312 701602007 954610986 877026660
36611035 333030017 887364298 347551226 659673773 13931482
658906777 958177142 42670881 196537773 454636738 561185903
265487231 12183932 63094728 557443694 253450912 648458234
4549375 45063795 25905269 302287247 678690577 840446318
415801473 678110936 171921018 821511367 808037979 766993189
820943885 290629334 906074669 55363833 435981677 955498347
517719863 425613453 911549332 748932168 106217037 706627662
865403728 594537890 475733588 621600090 223153600 568689316
443571401 607206919 641648859 492197355 15095355 250957916
698193898 655563275 472035020 157490837 877675529 531707400
299598516 728337316 103634091 843473374 911894206 1529771
993998867 397087482 700037320 215807106 218250203 565852351
25916999 550414903 463689072 244271362 538910401 736201609
61337748 600349838 364154962 506280557 556943835 298261409
835353640 254442633 490062639 518830700 508843270 754196412
717443148 450774423 681167301 864628371 239197508 432111291
376653262 738686165 306987260 931006695 59490721 871420921
149763501 587179291 111174481 208168874 350462308 829538000
515862278 829684298 987672195 964905070 680101754 960121196
985674814 916711380 460471932 994351704 819752734 876999380
251557232 69457035 60637057 18758579 134450637 917874741
53619224 711110062 233597341 928558777 952274536 57732976
133315585 121217840 666279754 454300061 576858538 696980710
16096619 985085771 4255585 912434652 96487373 364140163
445551744 972574532 478645828 42693316 696162167 467957256
842058233 566125440 36005961 241323844 592430570 286335133
599398668 93263047 762156904 650895093 879051884 917211542
675530392 888503511 848052776 525848169 117327603 345489028
806114707 349636140 561659846 956324531 991160340 458181247
92808370 184342285 325306791 84373558 271162925 203273393
663699802 430480346 248726015 32861361 440036817 92186150
682171334 693615764 257750466 280383627 264537459 832291538
25036921 513755564 980340683 71213403 519745110 887783907
610515687 975875088 792652106 183259066 403750580 451678536
533854 551085171 70998387 201071181 447314220 520589441
61579321 167470556 21214820 26709516 342066545 260812456
873253448 833902449 14999894 143726552 49325104 684357568
997309561 225626500 215459847 64254780 686018625 643325244
148708043 546515422 495405414 376183426 66968849 678053330
643371124 790299467 240704383 664743929 441115215 726872193
402568529 748246117 863778985 314867332 37499093 790705888
813826701 622922148 987179502 67636582 34071256 224262825
82152597 47258790 638909115 485565260 236016979 451562117
222506554 252897979 198468040 451998363 805863600 335383064
549130535 703724723 770992969 606935290 161854648 809707855
444907398 463530475 319049813 844865571 376213436 488126185
370748141 940901525 818898837 29021158 43967748 5247043
276976782 912125255 369924913 574208381 625884792 582402152
483033758 947999687 556568567 11037718 595500428 17333848
965259013 31650068 843442637 740444318 813778288 146995863
898538312 459508919 639981912 797300426 861527160 351213561
834090419 66862411 142204653 11423084 48898760 852052908
768883657 321639498 186937015 573618163 94348356 81087622
784188912 23286042 816112169 289002306 44405175 565803408
729655383 45092183 933683878 32662453 869839681 731626961
262165803 192614498 900970863 698472049 46894598 430032735
10431482 418652201 788246732 820094955 83805972 294444451
879977063 1848120 424112765 302381499 522768787 259449580
121565711 920501248 402853731 999736737 557737523 968052023
505264058 954526566 527506538 948407255 134441426 516629052
85176261 83767438 217125049 989233817 229964141 129211
370736079 747981801 578113820 587881714 400181065 127308040
390602146 323993980 856298673 72575689 808596833 622411476
506368867 483374706 780766929 687039531 381638929 871452222
641220861 646809060 442829376 751557081 452482051 603558425
675107530 198777063 630645144 887764244 169127514 97859966
556893570 301288919 631963891 452965544 544939549 936456853
368279401 978811618 720723159 244860214 206563301 752840863
37037748 419813335 970394214 148650694 790709450 733372743
9511227 756243247 389178565 745079180 750221706 68001066
431221092 423679580 905309132 257282552 889293563 402595748
145368142 985095504 868960239 222966788 388250546 931172828
575743293 5176145 853942124 532897209 195477236 738620689
769870406 563070715 55926454 443234563 63032540 842741798
480550458 801476501 186197536 161225910 734823373 72039020
783510487 625659288 927151821 284984544 785138458 333532591
854896172 719127676 709994710 138171984 690023155 775745922
807602765 884585413 798472381 871561574 408104339 779743694
620510775 876125518 627370513 413095964 906223015 904500888
764293381 395163348 716465506 96668500 200762880 204243730
771668 899945157 435783527 388186979 793171580 600705509
811640563 605834314 58016621 170145758 816525873 23691964
80894159 359416466 373852931 625552036 804154075 76378900
265973788 25224544 43357411 265341484 544519560 749569090
386836423 404841687 148720930 393477904 753902721 508375236
952835868 392412804 46559898 37974232 136950394 3577548
492708531 173281707 945005975 715542027 418622205 846515721
29142175 128952534 713046977 58270579 255040532 3505336
720670169 844666523 52161865 38325935 269729077 124635115
749886186 408644525 833759575 229791742 122550130 814487832
385328599 168041510 657838002 769802058 194771680 979575524
853807953 656744466 26176433 489687155 608472391 840930097
541018397 7215934 301296737 920490717 499809803 419614821
8739776 183375937 139146230 569739324 1876314 346081276
420868462 61842123 935217271 910683806 898516118 54289487
981517877 24661294 13707684 965257656 215365124 843560358
452394341 312765738 868782123 848230261 709519798 352361084
835972162 623352828 345205259 816886715 270879157 959410962
38816236 380224936 802990152 88305536 261205875 402893878
592244877 717476741 154905551 221685517 255372399 18066771
843160516 90127882 336957355 148317073 283891753 31435708
61998674 657723863 68236905 531026920 74927944 689173813
543054082 174470150 50710216 241117356 361680905 534539202
965149917 490992051 464652708 487440253 47882218 30708404
677941903 958572233 58475300 458385804 740664983 212033776
549516563 324962318 393056546 12310893 632121877 625566849
672652709 108584049 876207322 793248798 49385004 369761120
49638633 827568530 990272982 906035538 139200793 409319810
584252758 177297298 800838681 297531138 227567476 751778338
58939113 638758941 443527049 166911029 98986334 485212752
762600455 177511604 972509346 667459343 884066031 32598714
551988145 359569470 898649688 623180312 20765150 220429497
570905839 175065041 464710988 300844237 904041073 812740254
745907062 232492733 469677107 225397612 878849447 624307006
462081435 646836697 172509570 298678779 222763172 789835963
875178363 103831058 415663709 799762073 142323036 418534036
967712619 899671600 392325826 937854729 217363587 169716463
469075357 593832938 639819504 829726075 897603763 830768933
747852051 844539948 683503133 425732253 11761374 622222222
689620937 106198695 692151897 183034594 704149495 859736718
143532061 757483674 937953724 230710544 431824859 75959008
435042689 561660639 906116310 677838863 985660805 189937953
568679012 100895544 436526679 883818992 578676850 532390047
93790045 381030619 448246781 340826684 448968528 93603682
814712729 774265914 260380862 62194046 978557934 981584251
63883910 487027223 870701110 684296210 448843872 171626380
6101184 835196360 468640594 469880879 424575344 115846296
480213563 777090758 134335037 158791474 822714957 597569291
247014322 165909884 630728587 673331757 468751726 251687180
2526543 24944973 724854947 624943535 155342534 200913922
845322394 905388518 493526898 29819093 384635694 647893860
106070951 843113925 722880845 906129 471718158 52992708
858984314 499228682 782317349 528664633 854249037 622267166
916803517 852861820 41190129 76316754 253990779 745167709
735907750 990157022 914898520 176805021 272686141 654458926
401668129 767604339 353224350 501885026 476910840 874399496
423945029 188976846 71264721 477206524 850988480 402215035
135956725 831390431 860866867 429182629 40192642 32320440
910127317 159654714 544646377 83103618 894482544 72820065
467228015 170691754 639532261 285130225 998791341 411730834
525690021 806194166 489829136 397111569 99930169 855267631
108366170 648811761 42769083 458940050 42647326 64181359
48586843 36264135 763732296 567486655 692375771 117501097
160107155 117409669 94436371 123657160 69115921 479880029
55700590 501385450 89687974 134882900 106133355 697126021
751217293 834353261 940721181 486676806 447053266 408456221
146251691 365392014 19176150 739375823 979651537 998418160
34332111 836104544 436984157 658438324 972984389 781675684
78743731 312897110 364088726 445302240 883817033 256282888
389840755 476499789 384315180 97480492 625120353 212025500
672979321 28747483 132301368 12252012 437746916 713063521
837455527 510259158 16178997 116484798 303638446 921553122
141314246 811322406 744573987 709380366 821728519 265911426
992347182 310013646 355898106 153389037 410888653 919156999
923219382 836460344 795885905 117097363 350524648 280812647
892772830 513225664 119160142 619321137 712863215 271185105
621039931 891750788 614587344 947733628 844265750 655918079
519327266 434179946 340042714 512127606 334904410 63624122
250484631 614002801 513534786 672960382 175362544 387722669
596276599 978987324 541866139 532488858 39461866 56305262
813734372 860591323 248813151 612800514 55620394 418933705
305511409 178732251 410633056 966218993 342563723 355758671
6920078 920467601 760573040 126590631 629976910 178355743
503676597 667821986 528866127 773693634 838824898 706604787
873031637 153916374 679036629 601792190 605965623 697071469
630859134 116901406 22884447 35364041 733780003 621856162
187773774 840686306 481098366 986975179 337024405 342897382
48710682 53354896 786244829 383698100 584884442 311264986
602242400 424514401 338614643 975331080 778115694 352786868
586222573 857632109 26654441 200683177 954840101 301392333
370933193 72183793 248546381 27358435 58605721 835500143
630132075 114709726 126532088 687083709 125908950 189817312
