500 500
3599263736 4034673647 3225246299 2439239910 3935045279 1720190867 1700631758 4078779913 3447839475 39847808 893919554 330672009 3977256078 3991881022 2769322509 688142271 2223720724 3963060270 3545005671 188353674 2661968913 2075019210 1355740537 950673251 3926934678 3993042982 3742462880 551117342 1310159880 4122043755 2468901789 3626580732 751547606 2948779873 2278914643 204127330 1253872321 2748420607 1874543341 2284646084 1469592995 1989252413 1879608830 665320566 3852465477 1447340639 1740064373 1974531436 3775098613 2713729295 894972552 17486349 3806847017 1303633841 1918318334 3882804557 4227384132 888768921 2712426737 209629209 3828645634 3730894805 3485542712 463527251 2250163331 3615940121 1560410035 4143888283 2543287631 619831801 448525100 1894816510 3074996503 330205472 2731272352 1691470645 1216046789 4165955376 2573915088 126337368 237733196 972335354 2215132263 374158245 3358177786 319389241 1863092070 3546385069 303670524 4132120267 2545419465 1942144145 2691901755 2579086174 3332252574 1725582759 711021328 1596913841 1412076019 1039562503 396398852 1854775179 1618185978 297624132 325312391 1426135612 2455974876 3091002308 538327037 3896262531 2852324142 3325456033 294526865 2707240208 2589020422 2068785695 4015232904 1243587348 2065742915 1854382046 579536754 2030271419 3803655236 4259996060 1316196969 3132755021 1915603352 1403284622 3053506003 2610231068 3507204922 1618499845 3550642459 1279955180 4196225992 818305463 914641120 3045039840 114371348 3983049878 2343096231 1098027346 1283808489 4280702602 1659320073 2605781004 1821971582 1735701712 1645304974 382277907 3443512895 3724628890 2712729072 2459406056 2731580047 2848343675 651525422 3762805464 3803922585 3607395833 786122834 4001847095 2365572200 1247143093 1334174581 2948298727 724270486 1055120180 1520485679 3833249482 2950073375 1554775405 1556772595 32485725 1223898256 393617466 577420164 1810329537 2317666843 862331769 3290584399 3884641404 2386140180 596594495 1567561200 1478216800 1877423997 2487577550 2130209072 2013016158 2903202335 1161298064 3418428699 2548676918 1338377166 2088912224 2197277195 2197909173 2829174535 1183402647 51767991 3723318400 1241635068 2130814354 4127274442 461055437 3786216067 679974875 3965740220 79859206 3088779698 2800846331 2510160733 3854550815 3113194592 4151428055 3845702567 4116310416 3043847596 4241349614 3530553185 3349465481 1611532328 4247113585 2714092018 1373067460 2452081389 4064156508 1831039185 2865942015 2214772870 78661607 3744849135 2242570811 3265501981 14627168 2054750973 2332200937 1829854169 3961588654 3637758105 833601344 3543240124 2145341096 2018375073 2000920716 882589770 3384744595 2859646363 3134870308 3114205922 1672440179 1541558710 61008565 1353185995 2443722769 1321922724 1903228236 1968301033 3584199899 1242937296 424196528 1825908770 2036785371 1879621169 2437436640 1044066850 2496348970 305502574 2945087100 1662400430 2040127613 46378201 2085156184 1594092402 2127425801 1853164108 1770935158 414520668 716015801 2174333237 2488362417 2888304107 103677668 2351630251 959789944 419357618 693473499 1422081605 1664850035 1043222471 1196611691 3315780732 2088466479 3321532520 3610666290 3896160150 3497803610 2971333890 472430274 1740396351 2302743991 1997473940 771738889 283012593 3841686364 1998430571 1140921339 2061149752 3580207289 3413751432 547974701 1707970064 3227679661 1724717210 2045783030 1261342837 43917160 3924649628 2818784263 137016807 4069682854 628923504 2470440812 1462488563 3001648443 3266761134 1990131346 492893588 76955225 2056203097 3787296163 813396072 1497378226 3100121439 2042184180 2505703936 1693325405 1421088939 3215319626 2707781576 2732146677 2696656968 1492513971 3565894673 423648657 3362801725 218047362 1550025680 1315063727 2024437041 3279338063 975720628 1329898629 925923605 2143632462 19395614 1419235790 2182032333 3625194313 334745030 988981325 3785488211 1398049995 2961366749 2226618719 3876680570 2587379120 2557503653 2222974888 2767683817 4185406338 136579761 3455284476 3320574342 708320332 852686418 3972018055 2122199110 2859312901 1315183623 2739228595 1153056770 3800178858 98805811 2645277174 2901380721 1940411385 2814602690 3405161317 1532232675 2758158908 1849042467 3454572182 1426389871 1616218948 1793323406 3954355325 2593991287 626335966 3974573032 2642191321 2928777120 4246587570 1287416619 2327598317 3334995455 2313227615 3212116185 2054117958 1104284904 2165226334 666092942 2392341710 302723643 1175053194 1501792959 3631165450 1345699760 3787134127 1145580225 2036224992 3124366236 1834240301 3343174174 1587817270 1913428403 1233311423 1075771144 2360309813 365836596 3724051898 3707207872 3560874114 876120730 2331219914 2445854285 1243396350 2423729034 1344571004 1498805526 4231426008 3997941339 1816905737 819939039 2577494770 957242277 3973280725 748764391 831784550 2794885483 1325727438 1526191879 1648685356 1016334805 925955791 2469071136 3590664747 3213171559 4164220820 1363341002 1564056334 144977970 1403224070 692433080 2214417047 2719768355 3693863815 4072056348 2714488339 792332245 917973760 756230419 2591363754 1053351 2894381632 1567151153 3681764492 2728952914 1804124173 3712135085 2125593444 429012661 3308721739 1823787585 2297914386 3987553967 1083515098 388769955 2195779222 2314621971 2799412198 3825703897 3929694106 3861006655 3115685382 1582438607 3522877198 233881655 3368527442
26882076
2326114446
2729319225
1452643709
3920099346
3188305941
722434890
433050201
1693326393
253525241
4207145777
1406976776
1348353618
683683325
1126062273
2002070542
3752097547
3836586687
1852219494
4070324970
2295021306
4111579587
649631766
1888360639
2954892182
1660489015
3119520925
621048844
3752651428
1158274082
13252196
83536937
3194871178
166081859
3431367099
2188457265
2975998001
3837971363
3266752147
3384027896
1032599249
270950934
3994648584
2852816677
2929922633
2159168536
2292578441
2895670401
2879346245
3433428844
3147940292
1692416839
3095622108
1447881037
4060320874
3239838937
2191476336
3148767197
886711384
317571855
703021504
2202109620
1231885627
2122442453
3850618532
1613231243
1829887521
501059619
2910573906
3267516144
2452577821
3165969799
618681020
3364532682
3531244294
2719257540
3488773844
1060353292
3989401978
190014366
3545296176
448844764
893825660
996503802
861626037
2967333405
1831176066
553762879
1033418623
878599545
704845420
422042692
653465754
280223645
3018608721
3741499929
1242701411
1010748298
4242797384
1622650580
4027168910
2433321630
256135638
309573934
2175461332
4227460190
614585900
3463693634
1247157575
2254936293
745841491
2877947948
2493682653
2835870985
4078224027
2619028615
3758519287
1049106732
3795096937
2409786752
1345886192
2484802960
769808704
339694712
2635085450
3814403546
864733261
4275342736
3781652264
3041738615
2825127984
2360936712
2157788918
821993391
1152369513
2983729249
3044954298
2552960093
1964383032
2883092314
962508764
881234011
705475192
1875799503
2359667373
371080708
884344576
400161932
3587541378
1377840609
1654880987
3984313381
4165472643
1456284979
3269759737
4274533055
3412104736
2733291164
4063121901
2020156636
2614797716
1656884619
2806854211
1568024946
1055093124
3262046377
2088536088
2661565449
3211786913
2660203012
2604056143
3936010895
2055436993
3234933499
3149479460
586146113
3396893005
3907086828
1464815795
1809087915
4012311272
4184059499
3454638679
864537306
2425591973
1370309313
1476054012
4083837186
3989450897
711694703
2662487390
673232482
3703900190
997263908
1405749178
518404165
2104272389
844938826
2479734003
2545734082
2102182822
2184882145
1800714482
3230487319
2115328355
2585862577
918227929
3257514143
608477126
455287458
1570478454
3690288693
3112659961
2616095316
1329674174
994264532
2156735705
2385810888
2328754306
2960641610
2379122896
2955555402
2947621067
2406887651
1183211146
2734276639
4050002429
953782288
4247454721
3452234275
75205996
1570131436
2502636353
651585286
1964439824
2548779573
182001639
2534454875
3981439907
3980286631
1619537813
1069196461
1656145736
2570538088
3580028509
1803460997
505488158
85825983
441600489
2636903273
4057449704
662055993
3878778640
2890254406
2503177443
1398203891
1695153905
532092002
3625824042
1112942812
3252495937
707321599
3288530056
2016408354
4059635463
470043554
2850813249
4101717648
3086033532
3892252077
1545495788
372425211
3193110090
3241733916
3073191730
2341696610
1212588054
1701704880
3502040903
3004665194
1751156882
3362452853
3181098895
773001606
1576644792
1949965524
1563800688
1955031121
4021414897
2444880002
1164262331
1752009274
1955138962
2562733963
364561253
1582424213
3924378027
2482600336
1382096848
1249638354
2375876423
3227730368
827763282
2584147371
3915015158
2330119038
3895271066
3506597776
3116496187
904757972
2797533027
528340929
2467677565
3504884716
161691578
2846298933
1694470311
2563133203
2399320226
3121672136
349125333
3053984760
2516711395
2285246957
2182567821
213613090
4210523485
2039908148
2418823374
4262966893
2603790827
526391177
322367711
1965746981
1544550264
3431110435
3598281790
3537800226
816751831
2021092065
3268372680
2219476155
3313514769
3148275507
4039375314
2724878020
3847303764
554950747
2580721650
3578887779
1381981539
492174710
2576393076
3617288669
910120797
2560635262
4115106967
2729379896
3312362151
667303468
4248464240
1826300819
2137033999
1233529202
1853204676
509766970
331543360
2994778727
4088450945
2965271397
341118248
3241355930
1493957686
3731484789
1647241205
3372758937
2204911117
1089020819
4089194623
3886006028
3666478438
2942727350
1581155069
31900776
2708895754
2229185513
3579530225
2295287242
2674989297
809323775
3390578929
3032034194
3662321327
3470282978
2301012102
2544122492
3939171654
985835060
3095860759
2905419286
4014006417
3756162478
496158500
4093824456
3305135460
2243235185
3471979808
1380977180
1952578258
2926072169
3201838272
3234639700
1840725256
3778609595
3894937657
1732826233
3586355083
1380347132
3539434452
761465872
1639371142
2479415353
897120283
3650280382
2622022813
947496389
1875900169
1416147982
1739001990
3176115960
781067589
1817122497
4277867975
3425089916
1748065000
2300693859
4059464650
472898409
2581604470
3990959962
3632719816
600437060
3921075212
3398504219
1965421813
2136271287
3127197946
4056504241
880571531
1526301448
3257367987
3959969087
373843010
3550568509
2665226575
4073034435
3117110955
2986584307
1900934976
1231917674
1720222794
3248326423
1528355430
2800528938
3886937580
2111166764
3103593830
1606878978
4087950107
3338958932
1114690376
4139977936
91658453
289257117
518796545
3766655981
4176926948
3035447562
1032770914
3877477941
2942192944
3992280197
3047693737
4000668877
2022589533
13760031
2319016409
4144260513
120371594
3639575250
1465642328
554387892
1580477299
1937624844
3751271966
2554116719
2830590194
4135714233
205104933
1810355632
