62830
63402
61766
62530
61877
62236
61813
63277
61281
63084
61906
62489
62690
61961
62423
61226
63116
61567
61545
61548
63528
61632
61474
61380
62002
61172
62281
61565
63119
62535
62885
62876
62234
63183
63202
63075
61951
61569
62734
63156
61987
62995
61834
62154
62113
63165
63522
62239
62072
63201
62159
61281
62335
62561
61573
62829
63048
62159
61688
62852
61903
63022
62899
61609
61513
61315
61612
63269
62212
62736
63162
62324
61592
63215
62855
61795
63030
61893
61874
63094
62802
63210
61658
61901
61549
61983
61608
61575
61990
61713
61865
63298
61473
62970
61804
63146
62833
62067
62015
61289
61696
63232
63082
62880
63114
61853
61591
63111
62834
63064
61978
62072
63246
62218
61519
63635
61602
61921
61481
63339
62687
63277
61895
62988
63579
61434
61520
61896
61548
61945
62270
63515
63169
61694
62559
61928
61943
63640
61343
62076
62027
61682
61868
61467
63513
62871
61680
62794
62884
62564
61168
61900
62053
62533
62734
61898
63065
61771
61571
61766
63446
61171
61735
62980
61920
62764
61757
63481
62181
63486
63466
61816
61617
62858
62162
61484
63122
61933
62505
61475
61773
61997
63151
61517
63258
62603
62479
61521
61874
61868
63483
61985
63293
61902
62488
63198
61703
61604
63087
63074
61704
63076
61503
62855
61634
63519
61563
62763
61621
63179
62956
63127
62280
63441
62772
61903
63168
63420
63408
62005
63464
62005
62061
63368
62438
61771
61638
62054
61986
63151
62902
62952
63221
61475
61345
63075
63122
63103
61901
61896
61292
61868
61168
63584
62910
61503
63224
62847
63237
63579
61614
61446
61419
62264
63220
62515
61257
63142
63332
62478
62805
61866
62874
61764
61614
63344
62194
61687
61796
61394
63036
62868
62237
62830
61821
63351
62955
61256
62946
61831
61674
63242
62276
61857
62957
61398
62979
61370
61750
63205
62532
61675
61372
63616
62909
62918
61880
63086
62565
62837
63464
62881
61668
63521
61911
63404
61958
62918
62284
61630
61760
63174
63110
62946
63182
62187
61283
63614
63369
62244
62965
61877
63156
63548
63073
63230
61903
61683
63282
61922
63467
63171
62823
61345
63036
63203
62846
62829
61692
61764
62738
63189
62792
62158
61669
61796
61543
61577
63564
62912
62569
63295
63562
62765
61589
63612
61631
61766
62821
61420
61988
61643
61581
62871
61546
63226
62800
61859
61491
61978
62990
62827
62992
63203
61197
63187
63020
62571
61492
61396
63183
62088
62914
62826
61861
63163
62913
63526
63458
61718
63122
61970
63213
63087
63495
63071
61818
61932
62333
62208
61780
63119
63266
61684
62818
63101
63084
62568
61399
62144
62211
62859
61582
61549
61959
61138
62884
62567
62825
61922
61234
63088
61660
63249
63637
62080
61468
62680
61103
62303
61831
61667
61896
63228
61672
63495
61612
63345
63560
61870
63302
61433
61877
63092
61342
61584
62240
61615
61712
62899
62759
61952
62873
62769
63489
61547
62284
61886
61357
62900
61163
62803
62872
61761
61393
61676
62336
62833
61492
62698
62477
61538
62845
62945
63200
61576
62023
61969
61987
61422
62092
61869
61914
61830
61737
62885
63432
61509
62725
63303
62509
61576
62912
61235
63119
63642
62243
61538
63258
61472
