284 489 7 2
35 49
68 27
42 78
92 -23
57 87
30 4
-16 -6
15 -78
-50 -27
-62 70
-2 89
-31 89
-8 41
-22 15
25 -84
-80 100
-99 -43
88 -45
39 39
13 45
95 -16
-31 -70
98 -36
98 17
-6 -26
-7 -72
70 51
-30 59
72 -87
-64 44
20 74
-22 -37
-74 -25
-1 -7
45 -71
89 81
-77 23
41 -38
3 2
-36 -23
49 1
84 23
-20 -28
57 -58
-44 4
-84 -33
92 -84
4 6
-56 35
-30 -89
-64 -25
-85 80
-13 2
25 54
-1 -64
59 -71
-12 15
-34 -93
34 -16
-33 -68
-64 -98
8 22
1 -66
11 -30
25 -58
-90 -74
-66 41
-36 -13
-80 -49
-74 11
44 50
-62 49
63 75
36 9
78 54
-89 -31
-54 -21
-72 -27
-100 91
98 -59
-93 10
51 -71
54 92
27 -82
-6 35
25 41
-67 -2
45 -35
93 -22
-86 -30
76 -76
-100 -99
7 36
19 9
63 -86
50 -10
-82 28
47 -41
-63 -40
11 19
-85 32
56 -76
-94 70
-20 -96
87 -93
-20 27
-59 -93
63 -50
-55 84
9 37
-43 10
-13 62
-86 85
8 85
-83 -50
-86 -27
-61 -31
-82 -6
-61 -43
93 -48
-100 89
16 5
-26 55
-23 -43
26 -48
-83 37
-47 73
-80 70
76 27
6 40
11 7
-61 -66
25 -32
-22 2
38 -72
32 -91
-43 69
21 19
91 -27
-82 47
71 -57
44 -10
15 -52
-77 -87
11 8
-31 88
99 -28
-29 68
-75 -93
-58 89
-24 51
-8 32
-68 71
-55 -100
-84 -87
-22 -28
-79 32
11 -7
31 14
-71 -22
50 -93
19 63
-66 -24
-76 -88
85 44
6 -95
72 39
-88 -94
-8 95
-64 93
-32 -61
27 -50
40 19
56 -97
54 -56
-15 -20
-37 -76
80 74
38 -7
23 30
29 77
93 -51
64 -46
14 23
-23 88
-32 -86
-34 92
14 7
-16 -78
57 17
54 60
-82 -79
18 67
-84 30
41 -79
82 100
85 51
37 -49
71 39
-51 79
-82 100
-10 -61
48 69
-91 49
-32 36
64 -4
-19 60
-90 30
2 55
-98 8
-34 -12
94 10
-82 17
54 12
-59 -11
-32 83
20 94
-16 -100
12 8
7 65
-41 39
43 20
-50 -82
91 -23
37 18
12 50
-70 37
-53 -64
84 13
-38 -66
-76 35
-75 -15
-2 22
-99 87
87 4
17 59
63 -100
-66 93
68 97
28 0
-46 -88
-76 -86
-73 56
-1 -67
-15 -51
11 39
63 -46
96 32
69 37
82 -1
37 54
-41 66
-7 58
7 -50
99 -60
-29 -35
44 -39
-68 6
34 -5
-33 -23
43 -79
10 75
85 -93
16 -21
39 -39
82 16
-81 94
0 -86
-52 63
38 3
5 -72
30 57
93 -18
94 90
71 8
46 -8
30 44
76 50
-6 -88
54 -93
-66 80
-47 49
-36 56
-49 -34
166 201 -20 18
1 119 -56 56
89 201 -55 76
33 134 -72 47
122 168 51 -40
35 131 53 -7
2 137 -52 90
55 71 32 39
44 163 2 -32
121 238 -2 -98
19 93 98 31
67 76 -67 -33
72 102 -27 -4
110 143 30 -14
6 121 -16 56
46 182 52 -60
136 178 -24 -63
14 221 -76 0
94 111 28 13
194 236 -76 -56
57 57 86 97
15 177 -34 20
152 280 39 90
176 278 22 58
90 181 -67 87
34 153 8 41
221 256 87 -7
72 169 -9 -66
93 118 13 -85
155 238 -41 75
157 264 -17 -20
19 133 -78 62
107 262 -69 6
95 118 -98 -8
4 265 25 -61
159 236 -63 0
198 223 -1 82
117 159 40 -84
147 197 19 88
20 157 77 71
101 160 91 50
22 209 76 -90
182 239 -66 88
193 230 -92 5
44 143 -76 -21
160 163 -5 30
118 144 7 53
30 86 -78 -7
51 271 41 -1
100 277 -88 100
151 159 5 81
168 211 68 -20
42 119 -21 76
132 201 25 -35
111 211 -18 -57
196 203 -94 -99
96 203 32 11
201 275 5 -12
167 168 87 75
69 81 -93 -53
160 204 -6 53
21 243 -28 51
181 259 -27 42
83 257 -37 -20
189 273 -85 -92
195 239 -60 -63
32 146 40 22
187 236 56 34
96 100 -21 48
143 226 -82 -96
114 219 -63 24
88 271 89 42
26 71 31 69
132 194 69 71
56 84 -99 98
223 252 -20 6
154 205 -68 75
122 195 -42 40
3 234 -9 -61
78 189 82 47
163 178 -28 -61
165 262 -61 76
65 123 85 30
54 81 10 40
204 247 15 15
43 103 -96 99
155 226 -86 41
107 184 -6 93
163 262 98 83
94 115 -11 -41
236 269 46 -59
156 267 -84 6
80 206 -95 -86
207 226 15 -66
252 275 73 90
112 159 63 42
134 274 13 -9
205 223 -81 39
24 96 59 -74
148 184 -64 61
6 270 -98 12
97 117 -15 3
74 264 -37 -44
171 208 -76 84
215 242 -100 -53
101 277 23 73
53 220 -94 -18
59 275 36 21
187 227 -15 85
84 284 39 68
8 172 -29 -12
36 116 31 -49
40 53 -61 -52
84 96 76 76
100 209 9 -27
98 224 -21 -53
205 257 -46 -50
149 194 20 59
101 201 81 89
43 79 39 30
212 283 -64 -46
196 240 -43 -92
173 279 52 31
188 269 46 85
89 208 28 85
16 180 66 -21
151 157 -26 -74
32 265 -44 -62
37 94 -86 -14
112 154 46 39
56 254 -67 -30
233 280 -86 -73
19 273 -62 -50
100 152 61 -27
49 96 40 -10
251 258 77 55
235 261 -37 -60
163 192 49 34
56 239 -93 -56
136 184 5 -15
103 113 -74 -99
181 204 -85 72
141 263 21 -5
193 234 5 8
210 213 21 45
236 245 -10 -58
7 26 -72 99
140 169 91 62
143 192 55 30
67 124 9 42
57 140 -10 -43
4 255 -56 47
41 185 -4 56
9 84 -73 99
52 233 90 94
128 167 -4 57
125 231 48 24
75 75 64 -56
105 117 -13 44
75 169 88 28
71 165 -89 -62
29 79 100 -56
103 112 86 -23
53 168 -1 -44
127 240 -17 -1
219 258 -70 -22
4 50 -93 -74
161 271 -51 70
16 146 -94 16
84 227 -10 -78
91 201 -94 -52
7 273 -8 -48
30 73 -33 19
66 262 -73 -46
34 100 54 -40
27 126 30 -99
112 194 70 12
32 59 64 15
154 263 -38 90
142 158 89 -46
215 256 36 51
3 219 -11 44
150 210 -47 -97
85 124 -33 -7
8 65 -100 -89
18 200 -81 -10
70 142 31 -50
103 242 -68 20
223 266 22 60
82 267 -76 97
153 281 -63 3
70 95 -35 36
166 280 30 -5
86 252 -83 -85
35 174 -57 90
35 56 -95 84
163 207 -84 6
232 248 -73 71
77 199 75 -42
137 143 -31 -52
67 141 -70 88
120 275 -82 -81
90 133 94 45
79 187 8 -41
182 271 97 43
64 201 -31 46
191 218 2 -36
19 42 52 13
23 276 -40 -48
144 269 -84 -42
89 239 -13 -88
93 100 -86 7
119 264 -55 34
117 119 18 -65
199 268 58 53
76 118 40 98
208 234 10 60
107 264 76 -7
118 249 -51 25
55 72 57 59
34 126 -61 -33
21 232 -54 -20
221 242 -86 26
247 277 1 -36
238 253 31 -98
109 192 -68 -18
57 171 72 3
141 257 4 -47
38 247 36 71
165 259 -16 -18
20 270 -88 47
4 62 41 -23
235 279 -52 -47
105 155 -59 -69
83 114 -90 92
171 213 -98 52
127 238 80 43
32 140 -41 31
194 227 24 83
152 190 -70 -89
34 197 53 89
32 154 -97 69
215 222 -51 41
122 165 -28 79
17 33 76 -13
49 167 17 65
266 284 81 -51
189 233 10 -21
55 98 -25 64
168 269 -77 80
137 157 37 -80
107 158 -90 -59
26 193 -44 -6
143 212 50 16
37 168 -49 24
23 201 68 48
30 141 80 -18
8 192 9 100
116 128 -75 5
95 192 -23 -85
112 224 64 -21
246 275 54 -67
2 99 11 -74
115 157 -90 -75
86 208 10 49
2 225 20 -68
142 195 -51 97
187 229 62 67
103 227 5 -4
28 132 15 51
68 166 66 -64
51 283 76 -15
118 198 -59 -61
50 155 -82 -78
98 138 -2 -10
17 39 92 -22
186 263 -27 -66
142 232 12 -94
28 53 55 -47
137 274 -24 -30
7 203 -28 12
5 253 -44 -77
131 242 -14 -84
118 207 -10 -36
85 89 -19 -78
69 107 5 -6
59 264 17 36
45 172 -57 18
19 91 -89 -77
189 233 -21 -13
53 184 -6 -98
80 82 -31 47
43 151 -29 -80
117 129 34 51
5 119 -44 -22
120 263 48 89
162 206 84 28
207 239 -2 75
1 183 10 34
46 58 61 -22
134 190 -79 -77
165 210 3 32
107 132 30 -86
2 80 98 74
153 283 3 80
157 263 34 22
81 277 7 47
72 179 94 -83
97 222 50 36
94 203 -19 -94
62 173 -25 -49
105 197 -12 33
82 269 20 60
6 38 79 -42
93 235 -35 45
117 203 61 -78
4 271 60 -7
106 176 33 -2
117 253 54 -96
5 13 22 -50
2 109 85 -54
8 182 -76 -98
233 233 33 95
38 221 28 59
25 230 -55 -79
141 199 -4 67
47 218 29 -1
114 274 -8 91
100 225 14 99
38 181 80 65
6 193 11 -34
10 157 -70 -64
70 155 20 -74
102 191 33 51
17 28 -80 29
87 102 49 73
32 148 47 86
33 110 -68 -36
18 183 -99 23
83 282 31 70
62 173 -14 87
48 192 -57 88
4 217 -57 -100
62 115 -50 98
34 249 -41 -12
8 40 -35 78
115 156 -48 -99
130 152 3 29
205 219 -31 -90
76 152 82 26
56 161 -72 4
45 60 -19 35
97 210 -11 24
205 284 12 25
22 85 -65 -35
209 238 -91 58
47 118 -60 -48
45 155 -66 -20
213 242 65 38
35 234 -97 -48
210 242 32 -55
35 105 68 -19
21 199 -52 -69
12 48 93 -94
112 158 -16 14
19 119 -84 20
137 210 29 -22
250 252 74 -73
3 203 20 -68
201 244 100 25
223 236 -15 -9
37 178 -94 -73
29 190 -99 19
60 226 -9 13
190 249 -15 94
47 199 90 -10
73 183 -13 73
68 262 25 27
102 240 -91 64
70 107 -57 27
107 179 5 37
13 77 -90 2
35 88 -25 -78
229 273 21 -91
43 155 -93 -46
3 224 -3 -44
7 24 -98 27
133 163 -52 5
118 166 -35 -99
46 156 45 12
12 127 34 -21
180 249 16 -46
71 196 -14 84
237 261 8 88
7 136 11 7
24 66 -2 -1
164 235 -12 42
139 235 26 46
129 144 -60 100
74 108 -54 23
86 238 -13 -17
105 148 23 -96
70 186 -69 -57
34 278 21 -56
65 129 92 -16
53 148 25 100
69 281 -32 -70
67 170 26 45
22 26 93 62
6 44 -90 89
59 231 13 99
11 220 83 -77
51 140 -46 62
37 273 61 -29
95 212 -34 79
26 75 -23 16
192 221 -52 -47
172 184 -73 -22
101 150 70 -37
2 31 -8 -48
231 235 -100 96
25 54 -42 32
219 283 35 19
62 282 42 -41
65 224 -60 52
184 284 -63 -60
17 20 16 13
109 217 98 56
190 210 92 -25
52 129 -10 76
24 131 63 39
32 227 -45 20
112 205 44 -30
28 122 19 -3
1 28 65 97
32 216 81 6
135 239 39 86
96 270 -32 22
86 194 -21 2
59 152 -6 85
12 20 94 -41
147 180 -27 -75
27 133 -14 -97
186 261 11 30
116 152 -40 99
185 213 71 -51
197 235 15 100
208 278 6 -86
177 267 -22 -79
105 257 83 2
4 168 86 7
76 226 16 81
62 195 56 59
183 203 -31 -46
20 219 -70 77
24 275 -68 19
5 36 63 62
2 261 -24 43
240 265 67 82
8 111 -6 7
107 201 74 20
143 149 -96 75
8 279 70 13
208 270 -82 64
184 271 81 12
1 209 -41 94
117 283 87 62
136 197 57 -61
18 48 -65 -99
11 161 93 -68
15 172 65 -19
79 224 83 -78
56 218 -98 94
125 183 12 -77
37 179 -30 88
19 72 -96 -48
218 282 -11 -38
45 216 -21 -65
10 42 -28 29
142 148 42 26
105 189 0 -21
187 234 43 -85
49 280 55 39
98 205 46 -26
148 247 -65 -49
60 278 95 30
28 29 -83 -23
124 266 23 -39
107 116 94 -66
