1000
771841845
731369622
43423822
375971430
889609356
969096883
799351164
10109926
177553677
115143313
849545470
662956396
900326764
471379951
600133994
112836430
172106534
816817179
694781664
546020959
874042475
291902880
582267934
31573789
181489419
166372019
643624158
383015475
46527263
563575552
322489830
20488731
607809916
145452451
923729267
677026265
234232561
624228186
179718337
872566550
543710225
162539591
17749593
536728239
542096365
131539810
377453056
334698464
219994892
854085792
187261706
516968226
609654986
773571673
555671471
168953596
709912476
102927145
619074426
107084504
838121363
795818764
232182241
571807801
283562075
880675730
21924701
790447353
728828565
264079048
657639022
346925001
749405940
15588807
564144380
820608650
977368534
228809868
106095559
749794619
903726177
462489163
247957231
412482618
628240084
317063435
601021946
350092902
765930697
945763030
866933128
755290134
222982041
92337154
311648381
171301084
73860429
483851492
424091781
440481760
901798979
596853525
936085309
523118072
162766555
848831419
3472547
160526433
893236504
702726057
766226048
392368742
544498482
492943384
806489745
875200841
33842197
36665294
348644235
509863175
284095640
81759276
912485548
898000620
725764761
915308220
408877259
793632677
816535623
440030037
28385292
4043542
588362718
80986520
526256565
630484587
431309704
754672003
256200699
217070387
369590587
930855104
41533108
475803201
975303746
597061059
174911974
179429353
342730648
380550166
365182851
47065372
385669743
51927435
231641729
930329322
400949457
284253649
19149553
372409371
148557079
463801834
902016115
363154427
215506292
884399077
564173276
660483200
15143225
950376236
232409021
16235089
895796836
634391121
734626997
9228074
326816855
649363136
233896052
404692949
795195271
850669200
211660622
183013553
94053483
662099083
886884680
110745684
473696042
123957441
482802589
38902255
477153846
380308940
101630139
64373515
999007331
624454669
976337944
289356131
160492922
99301580
462202363
372168352
219522741
938518568
823736263
408422414
786281483
91326884
649735670
878460741
903420407
794146107
349154987
45156251
957832791
661453974
639820888
152352837
292460612
651320165
334106818
460727382
869493325
833074681
459572827
278356403
901654690
254385625
140423114
658881497
439662476
781216636
71182613
905320145
561580408
23111676
589087728
513291823
413821496
661284194
35407204
371042963
565805636
724920800
924967133
623450305
599600823
982208500
792929112
589069847
479399971
617348791
535777151
770221246
5574268
925757906
518499248
219465707
703814504
41673371
105563559
541480540
631921535
609281109
310969864
415574118
901968471
310246833
206840021
229609088
551323100
337403986
614572365
492080632
333146183
340628838
151005254
69317601
499102117
130358538
138476117
263101444
955139650
849899555
502076021
451303752
494934154
372533453
39066752
332795575
631143762
793032822
319837441
721469661
106386594
9673321
448168870
937153394
375384411
461688665
513968154
681413719
14315603
929140962
660173175
376698539
71906058
717875685
697187254
456946340
545245122
956285179
954865342
211911421
437870645
864989693
153688998
631938052
402705288
191764656
217779149
520754078
946427947
869079117
355833188
113259004
647460330
386203287
660353307
113514977
936787440
931813896
948218924
319250403
57722520
597245760
614852003
438513904
507234481
692086609
118877733
394577254
966846054
310073287
189987071
360765519
95206972
510034351
805599697
247326429
49068104
863797054
169688557
753362795
428144910
237786080
221918018
500884024
168395417
147068993
844720062
483292470
102649128
755458943
483593737
795464152
455261951
705968357
531708639
123510648
945966333
37980439
65263660
214418189
244407840
762772576
53202521
272068295
743252888
656424493
414731960
800746773
763208516
658273461
958770100
597909069
551777855
383028818
679656460
107570680
269046663
623756531
219606053
452128011
573640398
25389714
201305473
122566847
513889068
359200708
139745674
944772047
534824007
28003894
881852822
673948735
94862006
655778964
871713615
387976882
335147034
395582190
795220549
525009585
177861237
861371962
130691121
958213772
255397488
918387821
29955483
986012884
822200674
756777819
118668191
566014049
822537032
718764132
257955926
449187539
689281883
453596243
502781134
272073112
674506055
637113736
269736116
466217068
684891539
791037990
13775634
218190668
150028777
508591400
736430393
429012011
545014722
485908053
881765352
105191337
231008876
474160688
165356523
902659951
2149815
842596916
800000529
859058901
665403288
918798655
161124847
502737864
337352953
525121311
68738207
330779730
686959617
463744182
124126684
411926775
358717381
146214721
71165456
13127667
928165038
973404162
81869811
870705422
399978365
260308118
739159797
471556707
361624743
700741608
356769849
891375076
19607782
741230577
227244571
613302145
228095300
738290295
902343995
652426963
354434216
985921757
271627201
788294333
659604136
393873723
665811895
424450012
944009201
146990858
279604555
626876751
506561029
823388243
126561770
32527112
793509775
744126416
184468536
67531207
122562529
162700227
682677850
2864978
616499927
439509680
397154426
258193299
202656734
989037425
140586173
599210696
806665416
583839722
140562554
279481663
63116199
514040146
846380230
441465875
995688529
264092541
455514459
521852554
221716297
470382478
307944674
129616489
745227189
267726800
101651392
811931276
682261873
866627330
313220755
681492551
526491635
947490275
596871560
421661359
917923619
753079761
424282581
787714467
658948345
814995825
251052193
652977207
82834827
438923326
807196099
364055208
675760420
971911363
297158418
196273790
557152220
779127094
536582637
812110610
183983294
15011650
618998399
926327940
188297794
172726300
422891800
653822746
952973102
391900172
982285735
316422521
908894169
449799203
547565343
35083213
7138337
713602476
699575555
218376412
292287688
159730689
518608632
14513655
335533634
791131944
103407543
620363836
871727474
877780204
491906334
934793589
885507185
336461946
655930478
535834239
937047909
207160760
206513747
208535514
983109547
81728427
797260589
154053770
565452934
946415432
597135456
298716763
130573809
235604971
845641952
319540871
504943269
790772336
187815219
13749125
268467766
631553694
547356167
11525845
59730241
471591649
177928290
180328410
590254545
852291956
657108086
854994279
882045705
602941940
269142662
30369547
355250751
19325385
263398666
90330668
126446230
793604349
419965388
266111036
920634974
155769454
858714464
335140602
279237093
327354296
320414800
642581378
794829128
164284951
76720297
668775296
608039457
938682722
721571154
596967318
879823871
689296803
269669181
47880816
919595425
178916069
595414120
565124346
550846796
99933421
364205840
39448174
745622846
888512508
343548840
935533424
721655438
808079081
107183162
648367701
874445456
942647042
144321292
460138220
795750721
478756714
749595170
293538729
590395168
42841987
832297810
808545192
926481655
803402141
24113457
512597720
591068437
370547954
41456946
771204037
924602847
536819568
477289004
165945757
199824504
899353214
119526875
507913034
936822663
260074038
847500782
949187344
236852114
304044596
276056527
297159102
686121191
375241972
758121973
534055321
291242944
858128791
299985224
787804651
198527598
403926807
118498258
654607764
588659361
896275319
401328225
357645578
935770791
883395588
327080458
122942298
423051902
551348712
905947006
641009930
109240247
158350679
861869351
458333612
745700710
72521614
781736416
953366253
980050473
295260368
724971880
644168156
492846211
616569011
48815353
931029220
458519607
119012503
266203352
48149148
213517528
594569808
41735914
97498904
665448440
357724633
30465651
400596873
756799064
138470453
854029447
135654387
355285825
682213188
218026002
937852241
991265559
702087444
757365372
357865649
805415368
72013577
118293862
744719782
754102672
980778097
730274809
212774380
617002445
109735046
808799973
5719512
680226391
751664793
812570992
546292914
631087735
233498749
882431613
128500644
628027352
857743145
58442857
211037623
890129784
510728148
766327991
61572629
384692760
240742843
141216128
253636638
229294770
505282366
561396060
52720810
437980037
751785960
566357
306478510
663500916
665266417
724204568
291170004
241953726
482911749
353952022
408800502
499568616
867377233
829241217
952031515
627596674
799002087
511668619
46687623
374407211
697474676
128386366
614414455
65731703
932218469
208729799
195240076
509439688
800001017
95905129
240530419
767729971
661450591
844401150
685940764
485135018
859020982
318231062
420997591
327053930
639075299
262038750
216472020
239510662
574300231
247571544
871020534
473658340
361818912
376359440
681355252
540030318
232401041
250940001
339423635
339102161
68092915
333339269
62165727
424287316
338164094
930332819
444084170
644030039
306642410
907838637
575856390
347519951
709975102
953001547
963643981
499580774
277710680
862018860
445267940
188958862
40771421
123337291
430432576
623661836
360441297
150324217
474285203
462815261
229373913
662752202
929540715
421215386
897499
128302657
899350067
809300239
942045742
511288848
936391398
788946231
496328425
205482231
198711244
551715816
307394234
732783754
927768232
857129438
513353522
216450021
335540625
271764746
629485646
961835534
25732297
907637201
228687420
380167899
960668870
371238606
130256071
913074420
321010406
858413287
113436935
645769434
306555337
239388062
583280430
898551293
346181174
851157700
503375152
818695593
106938352
367819604
272027661
20528825
374743854
322812748
565081118
534406791
329599930
302176479
745714549
252267514
754687153
878835900
664773116
300676739
13992848
476607722
379997649
385024770
842630288
143051217
896308219
359265874
504228445
337325564
891225421
693164657
137545859
636373955
935197008
713777982
461334362
970912604
525540359
792608568
499139041
52610279
263695993
410173817
11847360
