10
16 676
1 2 -9
1 3 0
1 5 0
1 11 15
1 1 25
1 13 26
1 3 -9
1 5 24
1 8 25
1 16 -6
1 16 30
1 12 -5
1 7 24
1 6 9
1 4 21
1 6 20
1 4 10
1 10 13
1 12 25
1 1 9
1 11 4
1 6 22
1 15 -1
1 7 9
1 11 6
1 5 26
1 14 17
1 8 2
1 9 24
1 10 18
1 13 30
1 8 5
1 6 25
1 9 16
1 11 5
1 11 22
1 5 -3
1 1 -2
1 12 5
1 11 6
1 7 1
1 8 -8
1 13 -4
1 5 -4
1 5 1
1 8 -5
1 9 -5
1 13 -4
1 6 15
1 14 -2
1 12 11
1 12 -5
1 6 -8
1 15 -1
1 5 -4
1 16 24
1 13 12
1 15 23
1 4 11
1 16 -1
1 3 0
1 3 -9
1 14 -7
1 15 -2
1 12 -4
1 14 10
1 10 18
1 5 20
1 7 7
1 11 4
1 11 0
1 4 30
1 15 7
1 10 16
1 15 4
1 11 2
1 6 9
1 10 -3
1 6 22
1 5 29
1 14 28
1 13 24
1 14 9
1 15 -1
1 6 25
1 9 22
1 11 8
1 9 23
1 16 14
1 5 4
1 9 -3
1 15 -4
1 14 -2
2 4 -4
2 5 28
2 5 25
2 3 19
2 12 28
2 13 14
2 12 28
2 2 1
2 3 11
2 7 30
2 12 10
2 7 25
2 9 23
2 6 22
2 7 3
2 12 29
2 10 11
2 14 3
2 8 -7
2 7 -5
2 9 6
2 16 27
2 14 9
2 11 20
2 14 23
2 5 2
2 14 16
2 3 6
2 5 27
2 4 24
2 5 -6
2 7 2
2 10 26
2 5 20
2 10 17
2 12 -9
2 15 14
2 10 25
2 2 6
2 6 25
2 2 -4
2 8 20
2 2 -1
2 3 16
2 13 14
2 12 18
2 3 -5
2 9 -1
2 16 -8
2 6 6
2 9 -2
2 15 5
2 6 5
2 4 22
2 5 6
2 3 22
2 12 10
2 8 13
2 11 6
2 14 26
2 3 21
2 14 -5
2 12 17
3 8 -8
3 14 0
3 10 4
3 7 19
3 4 17
3 5 5
3 5 -9
3 15 13
3 13 6
3 8 -9
3 8 23
3 14 1
3 13 -4
3 11 30
3 12 -4
3 10 -2
3 16 30
3 9 6
3 11 23
3 5 -4
3 13 5
3 10 28
3 16 -2
3 10 21
3 14 10
3 6 19
3 3 5
3 4 17
3 9 7
3 10 -8
3 13 19
3 4 12
3 10 -2
3 6 25
3 14 -2
3 6 22
3 10 8
3 16 13
3 13 -2
3 5 15
3 9 14
3 16 17
3 14 11
3 7 12
3 8 13
3 6 19
3 7 30
3 13 -2
3 14 7
3 16 13
3 6 9
3 3 10
3 9 -3
3 6 -8
3 10 19
3 13 5
3 9 0
3 15 -4
3 13 22
3 12 14
3 15 13
3 8 12
3 13 -1
3 7 7
3 10 2
3 6 22
3 14 -6
3 5 0
3 11 -7
3 4 10
3 13 21
3 16 22
3 7 27
3 16 12
3 7 27
3 12 9
4 13 28
4 9 13
4 8 5
4 10 15
4 7 6
4 13 13
4 16 29
4 7 0
4 14 6
4 10 4
4 12 -2
4 13 16
4 12 4
4 11 19
4 11 2
4 16 3
4 4 13
4 5 -3
4 10 28
4 10 7
4 8 -7
4 12 7
4 9 30
4 15 -6
4 11 26
4 9 15
4 10 16
4 5 24
4 9 24
4 14 1
4 13 -3
4 8 -9
4 11 2
4 4 4
4 13 1
4 9 19
4 16 7
4 9 0
4 7 13
4 6 19
4 12 12
4 12 12
4 16 9
4 8 22
4 10 0
4 10 18
4 15 21
4 10 25
4 12 9
4 14 13
4 11 6
4 14 21
4 10 23
4 8 29
4 15 14
4 8 14
4 11 20
4 13 5
4 11 1
4 11 -7
4 6 30
4 6 8
5 6 -1
5 7 -9
5 12 -5
5 13 5
5 12 -7
5 6 27
5 7 2
5 12 9
5 14 14
5 5 26
5 15 23
5 11 -2
5 11 -6
5 7 9
5 6 14
5 7 11
5 11 13
5 16 -3
5 13 13
5 9 0
5 5 11
5 13 19
5 15 22
5 11 3
5 15 -5
5 11 -8
5 16 15
5 16 -2
5 9 28
5 13 10
5 9 17
5 12 27
5 8 14
5 15 30
5 9 10
5 12 23
5 7 30
5 13 20
5 15 2
5 13 27
5 7 29
5 7 23
5 15 27
5 15 2
5 10 -6
5 14 -6
5 8 3
5 15 9
5 14 25
5 14 21
5 8 -8
5 12 30
5 15 -2
5 6 20
5 10 17
5 6 6
5 12 4
5 11 20
5 7 28
5 16 8
6 9 -6
6 10 -7
6 7 9
6 11 -4
6 8 2
6 14 20
6 8 12
6 8 -4
6 15 21
6 7 17
6 14 0
6 15 -7
6 8 4
6 10 -9
6 8 12
6 10 24
6 10 11
6 10 19
6 11 3
6 14 10
6 11 -4
6 12 22
6 11 -7
6 14 16
6 14 16
6 8 13
6 12 20
6 7 15
6 11 11
6 9 6
6 14 11
6 14 25
6 8 -8
6 14 -7
6 16 4
6 7 9
6 13 24
6 11 16
6 11 30
6 7 2
6 13 23
6 16 19
6 13 14
6 16 -5
7 13 16
7 14 28
7 9 3
7 16 25
7 16 19
7 14 8
7 15 15
7 12 22
7 14 -7
7 16 24
7 10 26
7 14 -6
7 13 -3
7 16 12
7 14 19
7 16 24
7 15 -2
7 13 19
7 16 7
7 16 20
7 15 -2
7 16 -4
7 12 0
7 12 28
7 16 11
7 8 14
7 10 21
7 11 9
7 15 25
7 11 15
7 14 -2
7 15 0
7 9 20
7 13 15
7 12 2
7 10 4
7 12 23
7 14 29
7 15 -5
7 10 -1
7 16 6
7 9 10
7 14 15
7 16 -5
7 8 23
7 11 12
7 12 -6
7 8 20
7 12 26
7 16 21
7 14 7
7 8 -9
7 8 30
8 14 22
8 12 16
8 10 4
8 10 -9
8 9 -9
8 8 -8
8 10 29
8 12 1
8 14 9
8 10 -1
8 11 24
8 15 -8
8 12 -8
8 13 19
8 10 14
8 15 7
8 9 -4
8 10 -7
8 13 20
8 11 -3
8 11 25
8 15 -7
8 8 29
8 12 -7
8 13 0
8 10 14
8 10 8
8 13 4
8 10 20
8 11 20
8 10 14
8 10 10
8 9 13
8 11 -5
8 16 3
8 12 14
8 8 24
8 16 -5
8 14 26
8 16 0
8 13 25
8 14 10
8 13 9
8 11 22
8 11 24
8 16 -2
8 16 3
8 15 9
9 10 25
9 16 -3
9 16 22
9 15 19
9 14 -7
9 11 20
9 9 9
9 16 21
9 13 11
9 10 28
9 12 21
9 11 11
9 12 -9
9 9 13
9 11 -3
9 16 -6
9 15 12
9 14 8
9 13 29
9 13 -5
9 11 28
9 9 -2
9 15 11
9 12 19
9 11 -3
9 11 27
9 16 -2
9 10 12
9 13 27
9 15 7
9 14 29
9 13 0
9 14 -6
9 11 -1
9 15 23
9 16 -1
9 16 24
9 10 -4
9 11 13
9 15 29
9 16 -4
9 16 4
10 11 1
10 13 -9
10 11 1
10 14 12
10 12 24
10 15 22
10 15 0
10 14 1
10 11 13
10 14 -3
10 14 17
10 11 -9
10 11 3
10 15 29
10 16 25
10 13 3
10 11 29
10 13 4
10 13 10
10 11 -8
10 16 16
10 13 -2
10 13 7
10 15 1
10 15 25
10 14 28
10 14 24
10 16 24
10 13 1
10 14 3
10 12 0
10 16 24
10 15 16
10 12 28
10 13 2
10 15 19
10 14 30
10 15 26
10 15 -2
10 11 7
10 11 14
10 10 9
10 12 23
10 13 13
10 16 16
10 15 2
10 11 25
11 15 -6
11 16 -3
11 13 27
11 12 3
11 14 6
11 14 14
11 13 6
11 12 15
11 15 -8
11 14 29
11 12 -8
11 16 22
11 15 12
11 16 14
11 12 -9
11 14 19
11 12 2
11 16 21
11 14 23
11 14 2
11 12 1
11 13 4
11 12 -6
11 14 1
11 12 30
11 14 24
11 15 21
12 15 24
12 16 4
12 16 13
12 14 11
12 15 -1
12 13 -8
12 13 18
12 13 10
12 12 15
12 14 20
12 15 4
12 14 25
12 15 -1
12 15 29
12 13 19
12 15 15
12 13 -5
12 13 6
13 13 22
13 14 -8
13 14 6
13 15 30
13 13 20
13 14 11
13 16 28
13 15 21
13 15 7
13 13 25
13 13 -3
13 14 17
13 16 18
13 16 24
13 14 26
13 14 30
13 15 24
13 15 -5
14 16 4
14 16 17
14 16 9
14 14 14
14 15 29
14 15 -7
14 15 28
14 15 28
14 16 7
14 15 3
14 16 27
14 16 20
14 16 -9
14 15 18
14 15 18
15 15 18
15 16 0
15 16 3
15 16 -1
15 15 24
16 16 21
16 16 28
16 16 4
16 16 -7
16 16 8
47 316
1 2 1
1 5 17
1 7 10
1 10 9
1 40 17
1 40 10
1 18 2
1 19 14
1 37 30
1 39 21
1 42 30
1 11 -2
1 47 19
1 26 -2
1 5 20
1 18 19
1 8 3
1 4 7
2 3 -3
2 6 11
2 17 0
2 9 6
2 34 -1
2 12 9
2 15 -9
2 17 0
2 42 18
2 14 -9
2 37 -3
2 46 3
2 24 -6
2 43 9
2 35 -5
3 4 18
3 12 -4
3 15 -3
3 22 4
3 42 0
3 41 29
3 11 15
3 38 3
3 15 16
3 30 -9
3 32 -1
4 19 13
4 41 -7
4 13 14
4 25 26
4 33 20
4 34 22
4 33 15
4 41 4
4 27 16
4 35 -6
4 13 -8
4 35 15
4 11 22
4 47 21
4 41 -9
4 7 21
4 22 7
5 9 -3
5 40 19
5 41 -9
5 7 7
5 22 29
5 14 19
5 12 22
5 43 20
5 39 5
5 35 12
5 18 9
5 29 28
5 40 -9
5 11 -3
5 38 5
6 8 18
6 37 4
6 27 9
6 17 26
6 24 0
6 29 26
6 6 26
6 17 10
6 19 18
6 13 11
6 11 21
6 12 26
7 16 -9
7 32 7
7 14 -6
7 12 8
7 33 13
8 11 13
8 21 -5
8 32 27
8 29 19
8 33 7
8 32 26
8 10 20
8 34 -6
9 39 11
9 43 14
9 20 22
9 33 9
9 33 28
9 18 -4
9 45 1
9 41 5
9 17 30
9 28 18
9 33 12
9 41 25
9 29 -4
9 26 -9
10 18 12
10 43 6
10 34 8
10 32 0
10 28 12
10 27 10
10 46 4
10 41 7
10 13 18
10 21 24
10 43 8
11 13 7
11 14 0
11 28 16
11 46 -1
11 47 0
11 35 19
11 29 0
11 31 19
11 20 27
11 20 30
11 35 11
12 17 10
12 46 15
12 45 26
12 27 27
12 42 4
12 45 20
12 25 16
12 33 4
12 19 -7
12 28 3
12 39 25
13 20 -5
13 40 29
13 45 3
13 40 27
13 17 4
13 16 -2
13 33 26
14 29 12
14 29 13
14 46 19
14 31 23
14 27 19
14 17 -8
14 15 6
14 29 25
15 25 -6
15 31 8
15 47 -4
15 26 4
15 23 15
15 23 20
15 23 23
15 44 13
15 35 12
15 41 -2
15 36 3
16 23 -8
16 27 10
16 30 14
16 20 19
16 20 13
16 43 10
16 27 -9
16 31 -6
16 37 14
16 43 -9
16 39 9
16 23 1
16 34 18
16 24 18
16 41 26
17 26 17
17 45 8
17 30 10
17 24 29
18 46 6
18 25 25
18 19 -3
18 38 7
18 36 16
18 39 -1
18 44 13
19 24 11
19 45 -6
19 43 -2
19 33 10
19 33 -7
19 23 21
19 41 24
19 32 23
20 21 9
20 41 15
20 40 1
20 21 2
20 26 26
21 29 8
21 41 21
21 32 6
21 24 25
22 34 -9
22 47 14
22 25 11
22 40 15
23 45 -2
23 36 0
23 35 15
23 38 -8
23 32 16
23 36 22
24 28 0
24 40 -8
24 43 -6
24 40 -4
24 35 -1
24 42 27
24 30 1
24 24 4
25 43 27
25 25 7
25 44 9
25 32 -3
25 36 -5
26 29 6
26 39 23
26 47 25
26 37 -3
26 42 1
26 40 5
26 26 13
26 30 3
27 35 1
27 41 -7
27 39 17
28 33 2
28 47 16
28 32 9
28 32 1
28 39 18
28 29 22
28 33 28
29 45 26
29 43 19
29 34 16
29 45 10
29 35 28
30 44 14
30 33 21
30 34 -7
31 35 -7
31 44 1
31 35 30
31 45 10
31 40 2
32 39 26
32 37 -8
32 41 25
32 36 8
32 41 -7
32 39 5
33 40 21
33 45 -3
34 38 8
34 45 0
34 34 12
35 36 -5
35 36 16
35 42 24
35 42 8
36 38 3
36 46 11
36 37 25
36 45 -1
36 44 17
36 39 -1
36 46 18
37 41 -2
37 44 16
37 43 8
37 41 26
38 45 1
38 44 -2
38 46 30
38 47 8
38 43 5
38 38 23
39 41 1
39 44 19
39 47 5
40 41 30
40 46 9
40 41 -3
40 42 -8
42 46 0
42 45 2
42 46 16
43 44 14
43 47 8
44 46 14
44 138
1 2 0
1 24 10
1 21 7
1 41 25
1 30 2
1 27 15
2 3 -1
2 4 -4
2 7 -3
2 9 -8
2 39 20
2 44 -3
2 42 -9
3 13 -7
3 27 4
3 15 30
3 36 17
3 38 24
3 31 14
4 5 -2
4 6 7
4 27 -3
4 18 26
4 19 30
5 10 -9
5 34 -1
5 11 -7
5 12 9
5 17 15
5 26 16
5 40 -3
5 34 1
6 8 -5
6 11 5
6 15 4
6 41 11
6 41 -6
6 34 -7
6 6 -4
6 42 2
7 28 -5
7 21 3
7 29 13
7 28 5
7 20 26
8 33 12
8 38 20
8 35 -1
9 12 10
9 32 13
9 26 5
9 11 11
10 19 -1
10 29 26
11 14 1
11 32 24
11 21 -1
11 16 18
12 20 -2
12 21 -1
12 22 11
12 43 13
12 14 7
12 39 -9
13 16 2
13 22 8
13 30 12
13 33 9
13 29 20
13 17 19
14 18 14
14 21 -2
14 21 -6
14 26 4
14 20 2
15 23 3
15 42 10
15 35 12
15 26 -3
15 37 6
15 34 -4
15 28 8
15 21 23
16 17 2
16 18 8
16 31 13
16 44 -6
16 38 10
17 31 -2
17 31 8
17 38 24
17 26 10
17 39 30
18 25 1
18 35 -7
18 43 1
18 21 13
18 28 9
18 20 11
19 31 -7
19 38 12
19 31 12
19 35 27
19 31 15
19 33 3
19 27 0
20 32 -2
20 34 10
21 34 13
21 39 -2
21 42 -4
21 41 18
22 36 4
22 33 22
23 26 12
23 44 12
25 27 15
25 28 2
25 35 25
25 30 2
26 27 -8
26 33 24
26 44 -4
27 42 -4
27 27 16
28 29 5
28 37 13
29 33 -9
30 33 21
31 32 4
32 44 -6
32 42 15
33 40 0
33 44 30
33 38 24
34 37 18
37 44 8
41 43 -5
21 770
1 2 0
1 3 13
1 4 -1
1 21 3
1 20 28
1 21 -6
1 14 30
1 18 15
1 3 9
1 6 10
1 13 0
1 3 6
1 12 16
1 10 -4
1 6 -9
1 6 6
1 20 1
1 9 0
1 5 -9
1 18 30
1 9 25
1 13 20
1 19 -4
1 4 18
1 7 6
1 12 15
1 3 25
1 16 -8
1 6 3
1 11 -5
1 13 19
1 7 13
1 4 28
1 9 1
1 20 27
1 14 6
1 3 19
1 9 20
1 20 8
1 17 14
1 9 3
1 5 22
1 16 30
1 15 22
1 10 22
1 20 23
1 15 -2
1 11 19
1 2 4
1 5 3
1 21 2
1 14 0
1 9 26
1 7 6
1 18 15
1 20 23
1 10 14
1 21 -1
1 21 -7
1 7 -5
1 5 -3
1 18 19
1 8 16
1 10 22
1 16 10
1 21 12
1 21 -4
1 5 -2
2 10 25
2 16 20
2 18 -1
2 4 3
2 16 6
2 8 5
2 19 7
2 18 12
2 17 25
2 18 19
2 21 -7
2 17 0
2 9 20
2 20 25
2 7 -9
2 19 10
2 10 6
2 9 18
2 20 26
2 3 -6
2 5 0
2 10 9
2 14 11
2 16 -7
2 6 15
2 7 0
2 12 9
2 7 8
2 14 24
2 9 4
2 8 4
2 11 27
2 12 15
2 11 16
2 10 -4
2 17 -2
2 11 17
2 3 30
2 6 -1
2 4 22
2 14 22
2 5 17
2 18 6
2 21 16
2 5 -2
2 8 6
2 4 23
2 8 2
2 4 -2
2 14 23
2 15 29
2 9 9
2 7 22
2 3 9
2 18 27
2 16 29
2 17 0
2 14 -8
2 6 19
2 4 2
2 11 -4
2 12 1
2 6 6
2 16 -6
2 8 22
2 3 12
2 6 25
3 5 5
3 14 20
3 17 27
3 7 0
3 17 -8
3 15 24
3 20 -4
3 17 8
3 3 2
3 20 -5
3 20 10
3 16 20
3 15 13
3 13 15
3 13 21
3 4 10
3 10 8
3 12 27
3 17 11
3 19 -7
3 19 -4
3 7 11
3 5 15
3 18 3
3 6 -6
3 16 7
3 17 0
3 5 27
3 12 4
3 20 -3
3 15 -1
3 21 10
3 17 8
3 16 14
3 11 16
3 15 -3
3 9 22
3 9 24
3 21 18
3 8 7
3 17 29
3 16 13
3 5 -6
3 10 15
3 6 9
3 8 -2
3 5 2
3 5 20
3 21 0
3 12 1
3 4 -1
3 12 7
3 11 20
3 14 29
3 12 24
3 17 24
3 14 -3
3 12 2
3 7 16
3 21 -5
3 14 24
3 11 -8
3 10 2
4 6 14
4 8 13
4 11 30
4 13 -2
4 14 12
4 15 18
4 18 4
4 15 -4
4 18 15
4 9 21
4 11 30
4 19 -7
4 21 -8
4 9 29
4 17 11
4 15 3
4 8 -7
4 6 -1
4 17 9
4 21 7
4 10 7
4 16 17
4 6 21
4 5 22
4 12 1
4 9 21
4 17 2
4 10 14
4 19 -4
4 18 30
4 15 -1
4 9 28
4 21 -8
4 6 11
4 10 -6
4 14 30
4 6 17
4 16 11
4 4 5
4 16 4
4 12 3
4 16 7
4 11 24
4 4 30
4 15 -1
4 18 -8
4 14 30
4 6 -3
4 10 9
4 8 27
4 17 8
4 12 10
4 18 18
4 19 17
4 6 4
4 6 9
4 8 25
4 19 -9
4 11 30
4 5 17
4 11 25
4 13 8
4 14 -5
4 14 17
4 8 -7
4 8 7
4 12 -4
4 19 20
4 6 18
4 12 14
4 14 27
5 7 10
5 20 24
5 20 -6
5 19 -4
5 14 9
5 13 5
5 19 6
5 11 -7
5 18 -9
5 13 20
5 11 16
5 17 -8
5 6 14
5 6 7
5 15 -7
5 8 5
5 7 2
5 14 23
5 16 -8
5 12 -6
5 16 -4
5 6 -2
5 20 20
5 5 0
5 6 5
5 15 21
5 21 -1
5 8 -6
5 8 25
5 13 10
5 15 4
5 15 24
5 10 29
5 16 -3
5 9 22
5 5 2
5 14 18
5 9 10
5 21 11
5 16 12
5 7 22
5 20 24
5 15 -1
5 20 -7
5 19 16
5 5 24
5 6 2
5 14 11
5 16 13
6 14 0
6 12 30
6 7 0
6 11 8
6 11 2
6 6 29
6 19 -4
6 21 23
6 15 9
6 13 23
6 9 10
6 17 28
6 18 -6
6 16 10
6 20 16
6 7 26
6 21 -9
6 11 -6
6 17 1
6 9 24
6 8 6
6 12 8
6 19 -6
6 18 16
6 13 27
6 17 17
6 20 5
6 11 5
6 9 25
6 7 18
6 10 0
6 8 28
6 19 19
6 7 26
6 15 0
6 12 -2
6 11 30
6 18 -2
6 15 22
6 9 26
6 13 11
6 15 7
6 11 28
6 14 0
6 11 -2
6 13 -3
6 10 4
6 11 7
6 21 18
6 16 1
6 8 -1
6 21 -3
7 9 12
7 15 2
7 20 24
7 10 16
7 20 1
7 14 22
7 20 21
7 12 19
7 17 28
7 8 -2
7 15 20
7 7 0
7 9 6
7 21 0
7 21 26
7 15 14
7 15 22
7 9 24
7 19 27
7 14 23
7 12 23
7 21 30
7 8 10
7 14 11
7 11 28
7 19 25
7 11 26
7 12 18
7 13 29
7 10 4
7 16 7
7 15 26
7 9 -3
7 15 4
7 10 23
7 9 17
7 20 -2
7 8 13
7 18 15
7 19 0
7 16 9
7 7 9
7 11 26
7 20 10
7 20 -2
7 12 25
7 9 -7
7 16 16
8 11 9
8 14 18
8 13 10
8 16 30
8 17 19
8 12 29
8 15 25
8 11 10
8 17 20
8 18 -4
8 9 19
8 13 24
8 14 12
8 9 9
8 18 -6
8 16 -9
8 10 0
8 9 17
8 11 -1
8 11 -3
8 13 24
8 12 11
8 18 -8
8 12 28
8 19 23
8 14 23
8 12 25
8 12 2
8 19 -3
8 19 0
8 19 30
8 15 19
8 13 21
8 21 25
8 17 7
8 17 29
8 9 24
8 16 5
8 10 17
8 15 -5
9 19 -3
9 10 18
9 12 -4
9 9 9
9 17 12
9 12 7
9 13 30
9 12 -9
9 16 5
9 11 25
9 15 19
9 16 24
9 9 -2
9 18 21
9 12 6
9 12 -5
9 10 2
9 14 12
9 12 15
9 20 -4
9 10 25
9 11 -5
9 10 -4
9 11 0
9 17 6
9 17 9
9 10 9
9 12 20
9 18 29
9 11 -1
9 13 26
9 10 11
9 11 17
9 19 2
9 13 9
9 15 6
9 16 27
9 12 7
9 17 -4
9 21 24
9 17 -5
9 21 16
9 10 20
9 18 -3
9 19 24
9 21 30
9 13 1
10 12 20
10 21 19
10 14 3
10 21 20
10 11 -4
10 11 -7
10 16 4
10 20 12
10 16 14
10 10 -6
10 21 2
10 11 -2
10 20 -4
10 21 9
10 12 -1
10 17 -7
10 10 28
10 11 -6
10 21 28
10 20 12
10 14 23
10 15 3
10 16 18
10 17 16
10 17 3
10 20 30
10 20 -3
10 13 14
10 19 19
10 21 6
10 19 25
10 21 -7
10 12 0
10 19 0
10 20 -4
10 15 1
10 10 2
10 18 14
10 18 17
10 15 18
10 13 20
10 21 25
10 19 -5
10 21 13
10 15 23
10 14 -4
10 19 16
10 18 -9
10 16 7
10 12 10
10 11 0
11 19 13
11 18 22
11 13 12
11 12 2
11 16 -1
11 19 26
11 19 -5
11 18 1
11 12 9
11 17 11
11 21 13
11 20 11
11 17 18
11 17 -5
11 13 24
11 19 2
11 21 -9
11 17 3
11 21 0
11 15 14
11 15 1
11 16 2
11 13 15
11 14 21
11 19 -4
11 13 13
11 20 20
11 13 10
11 19 25
11 16 -5
11 11 5
11 16 15
11 12 17
11 14 7
11 12 13
11 19 23
11 12 16
11 18 7
11 16 24
11 20 27
11 21 13
11 20 16
11 21 23
12 13 12
12 17 -1
12 18 -7
12 19 2
12 21 18
12 16 9
12 18 2
12 14 -1
12 19 -2
12 19 3
12 12 10
12 17 12
12 18 -3
12 15 -3
12 15 4
12 17 24
12 18 8
12 12 19
12 15 13
12 13 21
12 19 -6
12 14 14
12 19 24
12 20 0
12 13 7
12 16 -8
12 12 17
12 15 30
12 15 3
12 20 -3
12 21 -7
12 20 12
12 14 15
13 19 9
13 21 -3
13 17 -6
13 20 24
13 21 4
13 20 6
13 20 9
13 16 0
13 14 2
13 20 25
13 14 29
13 21 27
13 14 19
13 16 15
13 19 -4
13 19 23
13 17 4
13 16 -8
13 16 0
13 14 15
13 20 19
13 14 5
13 20 30
13 15 7
13 16 26
13 14 13
13 14 29
13 20 10
13 16 -5
13 17 23
13 17 -9
13 19 19
13 19 21
14 16 18
14 20 -7
14 17 -1
14 18 28
14 14 12
14 20 14
14 14 3
14 19 26
14 18 29
14 21 21
14 18 23
14 15 20
14 18 2
14 20 13
14 16 25
14 15 19
14 17 2
14 14 2
14 21 -2
14 15 23
14 21 14
14 19 12
14 17 27
15 17 27
15 18 -1
15 17 0
15 20 0
15 20 12
15 20 5
15 19 20
15 17 10
15 19 -7
15 19 -8
15 20 -6
15 19 23
15 19 28
15 19 23
15 20 -4
15 16 28
15 17 23
15 18 1
15 19 10
15 21 28
15 18 2
15 18 15
16 16 19
16 21 19
16 16 -3
16 17 8
16 21 3
16 16 -9
16 19 -6
16 18 11
16 21 -7
16 19 0
16 17 21
16 18 -3
16 18 13
16 19 25
16 19 -9
16 17 28
16 21 17
16 21 18
16 20 -7
16 16 -1
16 17 18
16 17 20
17 19 23
17 17 25
17 20 21
17 20 7
17 21 21
17 21 11
17 21 15
17 21 -3
17 21 1
17 20 20
17 17 -6
17 21 18
17 20 13
17 21 -6
18 19 16
18 21 8
18 21 8
18 21 23
18 19 14
18 20 5
18 21 8
18 20 -5
18 21 29
18 21 27
19 19 5
19 21 -1
19 20 14
19 21 14
19 20 5
19 20 16
19 20 4
20 21 14
20 21 -1
20 21 8
20 21 24
20 20 13
21 21 0
21 21 21
46 342
1 2 1
1 12 15
1 16 -4
1 9 21
1 10 -7
1 18 22
1 45 26
1 9 19
1 35 28
1 46 6
1 40 16
1 39 25
1 37 5
1 42 25
2 3 11
2 4 10
2 5 10
2 6 13
2 10 1
2 28 4
2 35 7
2 9 -6
2 28 -2
2 8 17
2 13 -7
2 41 -9
2 24 20
2 26 0
2 4 0
2 9 9
2 36 -1
3 7 -7
3 25 -8
3 33 4
3 36 -4
3 11 18
3 35 13
3 43 7
3 24 16
3 23 22
3 45 -4
3 36 15
3 23 10
3 12 27
3 12 25
3 33 20
3 13 -6
3 45 -1
3 44 -6
3 44 7
4 13 -3
4 22 6
4 25 3
4 22 -3
4 8 -5
4 44 14
4 30 12
4 36 21
4 28 8
5 20 -3
5 9 16
5 28 -3
5 5 12
5 13 2
5 38 22
5 29 4
5 10 -8
5 45 26
5 13 16
6 8 -8
6 10 -7
6 8 17
6 38 -7
6 33 18
6 15 25
6 7 28
6 42 3
6 32 25
6 6 21
6 41 28
6 44 15
6 46 28
6 43 4
6 44 24
7 9 2
7 23 -8
7 31 7
7 34 -1
7 8 19
7 11 -7
7 27 -3
7 40 -2
7 29 3
7 8 -5
7 26 20
7 43 20
7 24 25
7 38 6
7 16 -7
7 29 5
7 13 26
8 11 11
8 14 13
8 18 -8
8 15 21
8 30 -8
8 31 -9
8 38 20
8 31 7
8 33 23
8 35 27
8 24 21
8 43 20
8 36 7
8 46 25
8 32 18
8 36 13
8 40 22
8 41 -3
9 44 16
9 25 29
9 27 15
9 28 22
9 46 16
9 38 3
9 18 27
9 14 26
9 9 24
10 41 -2
10 20 -4
10 20 23
10 12 8
10 17 22
11 15 0
11 20 16
11 43 23
11 44 26
11 46 -3
11 44 -2
11 25 -7
11 31 -2
11 32 -3
11 25 21
12 27 10
12 32 5
12 37 18
12 14 15
12 24 9
12 19 2
12 16 -3
12 35 25
12 27 17
12 21 -1
13 30 -1
13 30 -5
13 30 28
13 37 27
13 28 1
13 30 19
13 21 7
13 18 0
13 34 24
13 25 30
13 46 28
13 43 -1
13 17 -4
13 37 14
13 26 -2
13 15 30
14 19 4
14 20 22
14 22 -1
14 39 13
14 17 17
14 42 -7
14 29 -6
14 28 24
14 42 19
15 17 7
15 15 -7
15 20 27
15 19 22
15 31 20
15 34 -4
15 41 11
15 40 -4
15 27 26
15 20 21
16 21 -4
16 40 -5
16 25 -8
16 25 25
16 38 18
16 30 -6
17 24 11
17 39 -2
17 27 16
17 45 11
17 18 15
17 39 21
17 18 -7
17 36 28
17 30 5
17 46 10
17 43 0
18 26 -1
18 21 24
18 37 3
18 25 14
18 19 23
18 29 13
18 38 29
18 44 30
18 37 27
18 26 11
18 35 8
19 41 17
19 34 -5
19 23 10
19 42 27
19 42 14
19 27 30
19 44 29
20 30 -8
20 21 26
20 30 -8
20 37 18
20 33 20
20 24 -2
20 26 22
20 30 12
21 42 -5
21 40 17
21 45 -8
21 22 11
21 39 20
21 32 17
21 25 -1
21 43 27
21 30 5
22 27 19
22 32 27
22 31 4
22 44 28
22 26 -5
22 23 1
22 46 8
22 42 18
22 28 22
22 46 -5
22 35 23
23 44 6
24 44 -4
24 42 15
24 37 6
24 38 0
24 26 28
24 34 29
24 37 24
24 45 -9
25 32 -3
25 33 16
25 35 11
25 31 19
25 40 4
25 36 -8
25 28 -8
26 40 20
26 32 25
26 30 26
26 30 2
27 29 4
27 30 10
27 38 7
27 35 13
27 37 25
27 43 6
27 39 10
27 45 14
27 31 15
28 30 16
28 41 24
28 33 -5
28 33 26
28 34 27
28 43 1
29 37 -7
29 40 11
29 40 19
29 41 -7
29 33 25
30 39 12
30 38 21
30 37 1
30 33 -1
31 45 19
31 45 7
31 43 20
31 46 5
32 44 20
32 43 5
32 39 -1
32 43 28
32 35 6
32 35 -1
32 34 14
33 45 14
33 37 6
33 44 -2
33 43 -8
33 40 -5
34 34 18
34 37 27
34 42 6
34 46 12
34 38 23
34 40 1
34 42 22
34 42 6
35 43 2
35 46 8
35 42 14
35 41 17
35 42 4
36 44 11
36 44 -6
37 38 -7
37 38 26
37 44 26
38 45 3
38 41 30
39 42 20
39 46 4
40 46 -4
40 43 5
41 44 24
41 42 21
41 46 18
42 43 0
42 45 18
44 46 15
45 45 4
9 891
1 2 -9
1 3 -6
1 4 -7
1 6 -8
1 4 2
1 8 5
1 2 -9
1 5 -8
1 2 9
1 3 30
1 7 21
1 7 20
1 4 18
1 3 14
1 7 26
1 9 25
1 8 -1
1 4 25
1 4 4
1 7 4
1 9 6
1 7 -7
1 1 3
1 6 -9
1 6 6
1 5 28
1 5 23
1 6 22
1 2 3
1 6 3
1 2 -1
1 4 26
1 6 21
1 3 13
1 8 28
1 4 7
1 5 12
1 9 17
1 8 5
1 8 11
1 2 1
1 7 18
1 4 14
1 9 -2
1 5 24
1 4 29
1 9 -6
1 7 -7
1 6 -2
1 7 -2
1 2 11
1 6 19
1 6 22
1 3 27
1 8 28
1 7 23
1 9 -7
1 4 -1
1 3 21
1 7 8
1 3 11
1 8 3
1 3 28
1 5 10
1 6 13
1 1 -4
1 2 14
1 8 8
1 3 20
1 8 25
1 6 26
1 3 -2
1 7 5
1 9 25
1 7 24
1 3 28
1 3 26
1 9 29
1 6 15
1 4 22
1 6 27
1 4 -5
1 4 21
1 3 6
1 9 24
1 3 -7
1 7 6
1 4 19
1 9 -2
1 5 21
1 6 -8
1 2 12
1 7 24
1 8 8
1 5 29
1 7 4
1 7 25
1 5 -5
1 4 -8
1 5 -7
1 7 25
1 9 2
1 3 26
1 6 3
1 5 20
1 9 21
1 6 14
1 2 23
1 3 19
1 3 6
1 6 -9
1 4 -8
1 3 10
1 2 6
1 2 10
1 5 11
1 8 18
1 1 15
1 5 9
1 1 21
1 5 13
1 8 -7
1 8 18
1 2 18
1 3 -6
1 8 11
1 5 0
1 4 6
1 4 -2
1 2 6
1 9 13
1 6 8
1 4 -8
1 3 8
1 7 22
1 3 16
1 1 30
1 4 -7
1 7 -8
1 2 -3
1 1 24
1 3 9
1 7 4
1 8 -6
1 7 7
1 3 10
1 9 1
1 3 22
1 2 10
1 7 1
1 5 13
1 2 0
1 3 20
1 1 28
1 2 6
1 4 18
1 6 25
1 4 0
1 2 3
1 4 17
1 2 3
1 9 7
1 4 5
1 8 8
1 5 6
1 7 28
1 8 -4
1 9 -6
1 3 4
1 3 2
1 6 17
1 8 15
1 6 3
1 3 22
1 9 12
1 4 25
1 8 9
1 2 15
1 3 -6
1 7 25
1 9 9
1 2 11
1 2 -9
1 8 -8
1 4 -9
1 9 28
1 2 25
1 8 -2
1 7 25
1 8 28
1 8 0
1 1 -7
1 7 20
1 7 18
2 7 -7
2 6 8
2 8 9
2 4 23
2 9 -6
2 6 29
2 8 2
2 9 21
2 7 14
2 8 5
2 7 11
2 8 30
2 3 -1
2 3 17
2 8 17
2 5 26
2 5 20
2 9 15
2 4 13
2 5 4
2 5 -7
2 6 7
2 7 23
2 5 -6
2 5 26
2 4 23
2 9 -9
2 9 27
2 5 -8
2 5 11
2 6 22
2 9 15
2 5 13
2 6 -5
2 4 -1
2 5 -3
2 7 22
2 6 28
2 4 -1
2 3 7
2 2 20
2 9 28
2 4 22
2 2 13
2 4 24
2 9 29
2 4 16
2 5 25
2 6 17
2 6 20
2 7 28
2 3 15
2 7 -1
2 9 -8
2 3 14
2 9 27
2 4 -4
2 5 0
2 4 30
2 8 9
2 3 12
2 8 16
2 5 21
2 9 -5
2 4 -6
2 4 2
2 4 11
2 4 3
2 8 10
2 3 10
2 7 14
2 9 8
2 5 27
2 5 21
2 8 4
2 7 13
2 5 26
2 3 30
2 6 14
2 3 13
2 6 25
2 9 18
2 8 23
2 5 8
2 8 -8
2 9 -4
2 8 5
2 7 -9
2 7 27
2 7 -1
2 9 26
2 8 18
2 4 15
2 4 20
2 3 -5
2 6 15
2 9 17
2 5 26
2 9 26
2 3 -9
2 2 5
2 3 3
2 7 11
2 6 22
2 7 12
2 6 -2
2 9 29
2 6 3
2 7 10
2 8 15
2 2 -2
2 3 18
2 8 8
2 2 0
2 6 8
2 2 23
2 6 -2
2 3 -7
2 6 29
2 3 17
2 6 -8
2 4 7
2 9 13
2 5 19
2 6 30
2 3 -1
2 4 0
2 3 4
2 3 16
2 4 13
2 7 -4
2 5 12
2 7 -1
2 8 -2
2 7 5
2 6 -9
2 3 11
2 8 14
2 4 21
2 9 14
2 6 -6
2 4 29
2 8 -4
2 6 -8
2 9 2
2 4 -4
2 6 19
2 8 21
2 3 -6
2 5 -5
2 3 26
2 4 0
2 8 -5
2 6 9
2 6 14
2 9 19
2 6 4
2 6 3
2 5 26
2 4 10
2 6 18
2 5 12
2 5 28
2 7 -8
2 6 30
2 7 30
2 5 23
2 5 8
3 5 -6
3 3 3
3 6 -1
3 6 25
3 4 30
3 9 15
3 4 14
3 9 -1
3 9 28
3 7 11
3 4 10
3 5 18
3 3 -8
3 5 -4
3 4 8
3 6 11
3 7 18
3 6 -7
3 5 -4
3 6 7
3 8 0
3 9 28
3 9 29
3 7 -8
3 5 2
3 9 -3
3 9 24
3 3 25
3 9 6
3 4 3
3 3 19
3 3 2
3 4 1
3 9 26
3 8 -2
3 5 9
3 4 -3
3 8 8
3 3 8
3 8 21
3 9 25
3 4 22
3 3 29
3 9 17
3 9 2
3 4 20
3 8 11
3 8 1
3 9 -6
3 9 -9
3 4 -4
3 5 25
3 6 4
3 9 -3
3 9 -1
3 5 4
3 6 20
3 4 22
3 4 2
3 7 3
3 4 -2
3 5 7
3 7 8
3 3 1
3 7 16
3 8 29
3 8 16
3 8 -1
3 9 -8
3 4 21
3 9 20
3 3 10
3 8 8
3 5 13
3 7 26
3 8 1
3 6 14
3 3 11
3 4 10
3 7 19
3 6 24
3 3 9
3 5 28
3 4 26
3 3 -1
3 4 22
3 8 5
3 8 30
3 7 -7
3 5 -1
3 6 -7
3 6 28
3 7 28
3 5 -6
3 4 25
3 8 -8
3 3 -1
3 9 22
3 9 -2
3 8 -5
3 5 29
3 8 6
3 4 30
3 4 -6
3 6 24
3 7 27
3 8 17
3 7 -9
3 7 1
3 8 -8
3 9 26
3 4 28
3 9 -8
3 4 1
3 6 -3
3 5 25
3 8 -2
3 7 -4
3 4 16
3 7 8
3 5 13
3 9 3
3 6 -5
3 8 3
3 8 -1
3 8 -1
3 4 17
3 5 20
3 5 0
3 6 -6
3 6 4
3 7 30
3 8 21
3 4 13
4 9 18
4 9 -2
4 5 -6
4 5 9
4 5 1
4 5 29
4 8 17
4 8 21
4 8 11
4 9 10
4 9 24
4 7 10
4 8 17
4 5 28
4 9 26
4 5 26
4 5 21
4 5 13
4 8 -5
4 9 0
4 5 23
4 9 24
4 8 29
4 7 6
4 6 27
4 8 17
4 4 -6
4 5 -3
4 9 27
4 9 9
4 6 -7
4 8 18
4 6 23
4 9 3
4 6 12
4 6 15
4 6 25
4 7 1
4 7 -8
4 9 4
4 5 -8
4 5 8
4 5 14
4 5 24
4 7 17
4 8 1
4 7 18
4 6 16
4 9 16
4 7 28
4 4 -2
4 7 26
4 5 17
4 6 24
4 6 29
4 4 21
4 4 12
4 9 17
4 5 7
4 6 23
4 5 10
4 4 11
4 8 5
4 4 30
4 9 -9
4 4 18
4 5 19
4 8 -3
4 4 14
4 8 21
4 7 -5
4 7 19
4 8 0
4 8 20
4 8 -1
4 8 2
4 8 27
4 6 18
4 4 24
4 5 20
4 9 19
4 9 19
4 8 7
4 8 7
4 6 8
4 6 -1
4 6 28
4 4 4
4 9 0
4 8 -5
4 7 -9
4 5 10
4 7 -6
4 8 28
4 8 -7
4 9 -5
4 9 6
4 5 -6
4 5 -4
4 7 -8
4 5 10
4 8 11
4 6 2
4 7 -6
4 8 -5
4 9 26
4 5 6
4 7 24
4 6 14
4 7 -8
4 9 13
4 5 17
4 7 10
4 8 27
4 5 6
4 6 7
4 6 25
4 6 -3
4 5 17
4 5 -2
4 4 4
4 5 1
4 5 16
4 8 21
5 6 12
5 7 -8
5 7 23
5 9 9
5 7 -1
5 9 0
5 8 6
5 7 -4
5 6 20
5 9 21
5 6 14
5 8 -4
5 6 5
5 8 1
5 9 3
5 8 24
5 9 -8
5 9 -4
5 9 8
5 7 -6
5 7 -1
5 9 23
5 6 15
5 8 12
5 6 20
5 9 2
5 6 24
5 7 27
5 9 25
5 8 11
5 9 -2
5 9 23
5 9 24
5 8 2
5 7 -1
5 6 9
5 9 13
5 7 2
5 8 -9
5 8 -8
5 6 5
5 7 20
5 7 16
5 9 12
5 9 13
5 9 14
5 8 5
5 8 -4
5 8 8
5 8 2
5 7 -8
5 8 3
5 7 8
5 5 7
5 7 -8
5 7 -2
5 7 18
5 7 10
5 6 27
5 6 22
5 6 28
5 8 5
5 9 -7
5 8 3
5 7 14
5 8 -1
5 7 16
5 8 -2
5 8 19
5 8 28
5 7 -3
5 6 18
5 7 25
5 8 -2
5 6 -7
5 5 16
5 7 13
5 8 15
5 6 1
5 9 29
5 9 19
5 8 22
5 7 27
5 7 15
5 5 3
5 6 -9
5 9 18
5 9 7
5 8 -5
5 6 2
5 6 -8
5 8 4
5 9 -1
5 5 30
6 9 -8
6 9 -8
6 6 27
6 9 10
6 8 24
6 9 -8
6 8 25
6 7 10
6 6 3
6 9 6
6 8 13
6 9 26
6 9 26
6 7 -4
6 9 17
6 8 16
6 9 28
6 8 5
6 7 0
6 9 -2
6 9 6
6 8 21
6 6 11
6 7 25
6 9 14
6 8 -3
6 7 22
6 7 6
6 9 7
6 8 29
6 8 27
6 7 2
6 8 22
6 8 1
6 6 14
6 9 17
6 7 14
6 9 21
6 9 2
6 8 -8
6 9 30
6 6 30
6 9 -1
6 6 24
6 7 27
6 8 2
6 9 0
6 6 5
6 7 1
6 8 10
6 7 19
6 8 -1
6 9 16
6 8 20
6 7 30
6 9 10
6 7 13
6 8 23
6 9 24
6 7 13
6 9 18
6 7 30
6 9 9
6 9 -2
6 8 -7
6 7 12
6 9 20
6 8 15
6 9 20
6 8 -1
6 6 23
6 8 16
6 9 6
7 8 -5
7 7 21
7 8 13
7 7 19
7 7 29
7 9 23
7 9 20
7 9 2
7 8 9
7 7 26
7 8 -9
7 9 2
7 9 0
7 8 15
7 8 24
7 8 9
7 9 30
7 9 20
7 9 4
7 8 10
7 9 -1
7 9 16
7 8 7
7 8 19
7 8 3
7 9 21
7 8 17
7 9 -3
7 9 -9
7 9 29
7 7 14
7 9 -1
7 8 21
7 8 -6
7 8 9
7 8 28
7 8 15
7 7 8
7 8 14
7 7 13
7 7 4
7 8 9
7 9 -1
7 9 -1
7 7 18
7 9 14
7 9 -2
7 9 -4
7 7 30
7 8 24
7 8 11
7 8 11
7 9 5
7 7 2
7 9 0
7 9 0
7 8 17
7 9 28
7 8 28
8 9 30
8 8 10
8 8 11
8 9 7
8 9 25
8 9 0
8 9 8
8 9 21
8 9 18
8 8 9
8 8 -4
8 8 3
8 8 23
8 9 8
8 8 7
8 9 -5
8 9 8
8 9 16
8 9 15
8 9 -3
8 8 -9
8 9 3
8 8 4
8 9 6
8 8 16
8 8 17
8 8 17
8 8 15
8 9 4
8 8 1
8 9 10
8 9 4
8 9 -8
8 9 14
8 9 -3
8 9 8
8 9 -4
8 9 -9
9 9 -1
9 9 29
9 9 7
9 9 3
9 9 20
9 9 16
9 9 1
18 248
1 2 8
1 9 -7
1 6 9
1 15 19
1 16 -8
1 7 28
1 11 17
1 10 17
1 16 0
1 7 11
1 12 8
1 3 21
1 12 1
1 6 25
1 9 -5
1 10 11
1 17 27
1 14 29
1 3 4
1 13 22
1 13 8
1 6 24
1 2 6
1 10 25
1 9 -9
1 10 25
1 16 9
1 6 30
1 8 22
1 18 28
1 13 -9
2 3 -1
2 4 -6
2 7 -2
2 17 24
2 18 17
2 8 -8
2 7 3
2 7 17
2 13 6
2 7 -3
2 6 1
2 11 -1
2 11 24
2 13 23
2 15 24
2 17 15
2 5 16
2 4 13
2 3 -8
2 6 6
3 5 -1
3 7 9
3 10 0
3 12 10
3 4 21
3 5 24
3 12 6
3 12 13
3 16 29
3 9 -4
3 6 -1
3 13 -6
3 3 18
3 12 0
3 14 28
3 18 3
3 8 3
3 8 30
3 4 25
3 11 10
3 7 26
4 6 -9
4 8 -7
4 18 -6
4 9 20
4 11 6
4 14 -4
4 12 23
4 18 -5
4 15 7
4 6 3
4 10 -1
4 10 -6
4 5 -2
4 8 12
4 8 11
4 18 19
4 8 23
4 7 -4
4 16 26
4 6 23
4 16 11
4 15 -5
4 14 8
4 13 -7
4 9 -4
4 18 20
4 16 28
4 8 19
4 7 0
4 12 23
5 13 30
5 8 2
5 15 -1
5 17 -1
5 12 1
5 16 4
5 11 12
5 9 -9
5 6 18
5 8 -1
5 6 -9
5 17 3
5 14 -3
5 16 18
6 12 0
6 16 -8
6 7 -4
6 10 11
6 11 13
6 13 -4
6 13 9
6 12 1
6 10 15
6 13 13
6 12 29
6 16 11
6 12 29
6 10 -6
6 7 5
6 8 24
6 16 -3
6 12 26
6 13 -2
6 9 5
6 18 13
6 14 22
6 11 29
6 7 29
7 14 30
7 15 24
7 18 16
7 16 4
7 18 14
7 8 16
7 13 13
7 8 14
7 12 -9
7 18 16
7 16 18
7 10 25
7 17 -9
7 10 13
7 16 3
7 10 -4
8 11 -4
8 15 27
8 10 28
8 12 -8
8 16 3
8 13 1
8 16 -9
8 17 -6
8 18 -2
8 16 5
9 18 -6
9 12 27
9 9 23
9 12 30
9 18 7
9 17 4
9 14 17
9 16 -8
9 13 -5
9 9 18
9 18 17
9 14 16
9 11 -8
9 13 1
9 16 11
9 12 9
10 17 -2
10 18 -9
10 11 -9
10 15 29
10 13 0
10 18 8
10 15 -5
10 18 7
10 17 -1
10 11 12
10 12 -3
10 11 8
10 14 29
10 13 16
10 17 11
11 14 -9
11 17 18
11 16 9
11 14 26
11 12 -2
12 13 5
12 14 21
12 15 -4
12 16 8
12 17 9
12 13 2
12 16 14
12 15 24
12 12 9
12 13 -4
12 13 11
12 17 9
12 16 13
12 18 8
13 15 -7
13 17 24
13 17 8
13 14 14
13 14 5
13 15 6
13 16 20
13 15 6
13 15 30
14 15 28
14 14 30
14 17 -4
14 18 23
14 16 2
14 15 -7
15 17 8
15 17 -2
15 15 22
15 18 -5
15 17 2
15 16 -2
16 17 -3
16 16 29
16 17 -8
16 18 29
16 18 3
16 17 -1
16 18 30
16 18 14
17 17 -6
17 18 -1
17 18 10
24 991
1 2 -6
1 6 17
1 24 22
1 18 25
1 12 29
1 17 13
1 9 27
1 7 -5
1 23 25
1 4 -5
1 6 28
1 8 14
1 16 25
1 12 10
1 5 9
1 13 8
1 19 0
1 2 19
1 18 22
1 2 5
1 2 29
1 16 10
1 9 4
1 10 3
1 3 -5
1 21 6
1 18 20
1 15 -1
1 9 20
1 16 6
1 19 29
1 8 24
1 3 30
1 7 0
1 15 -5
1 21 -8
1 8 16
1 9 -8
1 5 9
1 16 5
1 16 30
1 7 5
1 18 -9
1 12 6
1 13 12
1 1 -5
1 20 3
1 16 27
1 11 25
1 9 -8
1 10 5
1 17 8
1 2 6
1 7 30
1 9 11
1 5 22
1 4 -2
1 15 17
1 16 -2
1 14 11
1 18 15
1 23 17
1 23 -4
1 9 30
1 8 21
1 20 15
1 23 8
1 15 3
1 3 24
1 14 12
1 2 23
1 14 25
1 6 21
1 13 -9
1 3 30
1 11 -5
1 16 0
1 18 0
1 10 16
1 19 10
1 17 14
1 8 -8
1 7 -3
1 24 -8
2 3 -5
2 4 -6
2 5 -4
2 16 -7
2 24 -3
2 14 17
2 11 -3
2 17 26
2 2 -5
2 23 6
2 22 4
2 18 17
2 10 1
2 12 -5
2 5 -5
2 20 16
2 15 0
2 20 2
2 23 6
2 5 6
2 3 4
2 15 28
2 17 30
2 6 22
2 18 22
2 17 24
2 3 -4
2 20 12
2 10 20
2 19 23
2 6 9
2 24 17
2 10 30
2 23 27
2 19 30
2 15 -9
2 2 16
2 19 27
2 22 -3
2 3 19
2 14 15
2 6 30
2 9 21
2 8 28
2 19 3
2 17 7
2 14 5
2 23 5
2 6 24
2 14 0
2 7 12
2 10 21
2 2 -4
2 8 10
2 10 29
2 23 11
2 15 20
2 6 27
2 20 2
2 8 3
2 2 28
2 8 18
2 23 10
2 2 13
2 10 7
2 16 0
2 15 16
2 17 8
2 18 30
2 10 18
2 12 -2
2 6 0
2 18 11
2 13 25
3 9 -3
3 17 -4
3 15 15
3 17 9
3 13 26
3 19 -3
3 5 23
3 10 -3
3 11 4
3 6 28
3 13 0
3 6 6
3 10 4
3 14 -8
3 19 3
3 23 22
3 15 -1
3 12 27
3 8 17
3 10 29
3 24 -9
3 13 13
3 10 6
3 21 21
3 10 -5
3 10 21
3 24 27
3 15 12
3 4 24
3 12 24
3 21 -4
3 24 27
3 13 -1
3 5 30
3 10 3
3 10 -4
3 14 6
3 5 15
3 13 5
3 9 25
3 5 7
3 21 30
3 16 11
3 24 27
3 7 12
3 4 28
3 14 13
3 12 22
3 19 14
3 15 18
3 8 11
3 19 4
3 16 15
3 12 -6
3 4 -9
3 19 24
3 6 5
3 17 -9
3 9 -1
3 15 1
3 14 -4
3 9 12
3 9 1
3 13 27
3 10 -3
3 20 11
3 9 7
3 7 -4
3 11 14
3 22 -8
3 24 -7
3 11 7
3 6 14
3 3 4
3 16 -4
3 18 -5
3 9 -8
3 12 5
3 10 22
3 14 6
3 5 10
3 21 -3
4 6 -6
4 7 -9
4 12 -9
4 23 12
4 15 20
4 9 15
4 23 -9
4 22 -7
4 19 -7
4 8 -8
4 8 0
4 20 1
4 5 30
4 5 15
4 16 26
4 6 13
4 16 17
4 13 7
4 8 10
4 8 3
4 9 14
4 18 10
4 13 13
4 9 3
4 23 20
4 17 7
4 18 23
4 14 23
4 20 -5
4 15 17
4 19 -9
4 24 6
4 20 12
4 7 0
4 6 0
4 10 1
4 7 3
4 18 29
4 18 4
4 22 27
4 15 13
4 21 20
4 24 14
4 8 16
4 5 22
4 11 19
4 24 10
4 7 18
4 7 -6
4 21 29
4 23 -4
4 8 -4
4 20 0
4 8 1
4 4 23
4 4 -7
4 20 -2
4 7 17
4 23 4
4 17 17
4 20 3
4 18 2
4 12 11
4 24 -4
4 23 -9
4 8 -4
5 8 -4
5 18 -4
5 14 -4
5 23 15
5 22 -1
5 20 11
5 22 13
5 12 8
5 7 4
5 7 -8
5 16 19
5 13 24
5 7 27
5 8 23
5 19 13
5 11 19
5 9 20
5 7 18
5 20 28
5 22 25
5 6 18
5 19 0
5 24 11
5 22 24
5 20 24
5 21 -3
5 18 1
5 15 13
5 24 -1
5 23 -1
5 20 -3
5 18 3
5 14 15
5 20 25
5 8 24
5 22 26
5 14 -8
5 7 22
5 14 30
5 12 5
5 22 13
5 23 20
5 10 23
5 5 -5
5 7 13
5 19 15
5 7 -9
5 18 27
5 11 0
5 21 10
5 18 13
5 22 -3
5 23 23
5 6 17
5 18 21
5 14 26
5 11 5
5 11 14
5 21 -3
5 9 5
5 16 -2
5 24 17
5 23 -8
5 11 9
6 21 -6
6 11 0
6 16 14
6 17 28
6 9 9
6 19 15
6 8 1
6 19 3
6 9 -4
6 23 14
6 18 1
6 17 26
6 9 -2
6 17 0
6 20 19
6 13 11
6 14 1
6 11 -2
6 11 -9
6 9 -6
6 10 21
6 16 28
6 19 17
6 16 -7
6 12 -2
6 17 0
6 7 -6
6 16 1
6 10 -3
6 12 -7
6 22 21
6 17 20
6 11 17
6 9 4
6 13 21
6 22 20
6 17 30
6 23 20
6 20 19
6 22 3
6 17 10
6 8 21
6 7 20
6 17 23
6 9 16
6 14 12
6 20 14
6 21 27
6 22 18
6 9 -1
6 20 13
6 16 29
6 23 -1
6 8 6
6 7 9
6 10 -4
6 13 30
6 16 25
6 13 17
6 18 9
6 10 30
6 10 -2
6 24 1
6 22 18
6 6 18
6 21 28
6 15 9
6 15 1
6 13 -1
7 10 -5
7 11 -6
7 24 16
7 9 12
7 24 3
7 10 30
7 10 11
7 23 2
7 8 -7
7 7 -6
7 13 7
7 10 27
7 16 8
7 18 4
7 9 -5
7 23 26
7 21 16
7 19 19
7 10 -4
7 10 13
7 14 -5
7 23 -2
7 8 7
7 11 24
7 8 15
7 12 27
7 14 2
7 12 -4
7 13 7
7 22 -1
7 14 8
7 16 24
7 17 -1
7 9 25
7 21 -4
7 21 9
7 17 4
7 24 21
7 15 -1
7 9 26
7 22 0
7 11 30
7 14 17
7 11 28
7 24 16
7 16 -2
7 15 6
7 15 7
8 13 -3
8 14 19
8 19 -8
8 11 -8
8 17 24
8 18 -7
8 8 0
8 15 29
8 10 27
8 18 -1
8 21 5
8 9 -3
8 21 9
8 13 27
8 13 -3
8 10 14
8 21 23
8 11 18
8 16 -9
8 13 26
8 21 8
8 23 0
8 21 14
8 13 11
8 16 22
8 12 24
8 23 14
8 22 2
8 15 6
8 22 24
8 20 15
8 13 -3
8 11 -3
8 15 -1
8 15 -7
8 20 11
8 23 -3
8 19 2
8 16 -4
8 16 25
8 14 18
8 19 2
8 11 11
8 21 23
8 9 3
8 10 8
8 18 -8
8 13 24
8 16 6
8 10 12
8 19 11
8 22 29
8 16 -3
8 16 5
8 14 -8
8 18 26
8 15 15
8 13 18
8 19 12
8 18 12
8 12 23
8 22 7
8 17 26
8 21 12
8 15 8
8 10 -7
9 15 -4
9 24 16
9 10 0
9 11 29
9 16 21
9 15 20
9 11 13
9 9 10
9 12 2
9 16 12
9 14 -7
9 11 10
9 10 -6
9 14 0
9 10 14
9 23 27
9 15 19
9 13 11
9 18 -9
9 13 9
9 21 16
9 9 21
9 17 -1
9 12 29
9 22 13
9 23 29
9 11 24
9 22 4
9 20 1
9 19 16
9 14 12
9 13 6
9 24 26
9 23 8
9 21 23
9 11 7
9 17 4
9 18 20
9 23 -6
9 13 13
9 23 27
9 11 3
9 13 10
9 23 4
9 20 23
9 18 0
9 13 5
10 14 -4
10 12 -2
10 14 16
10 11 -4
10 16 24
10 22 30
10 18 15
10 15 -3
10 24 -7
10 12 -6
10 24 6
10 17 8
10 16 0
10 21 30
10 11 29
10 15 4
10 13 8
10 11 26
10 15 24
10 13 19
10 12 -7
10 19 17
10 13 -8
10 18 21
10 24 28
10 12 17
10 12 27
10 17 17
10 20 30
10 21 26
10 18 29
10 13 28
10 24 25
10 11 6
10 12 2
10 20 5
10 24 4
10 20 11
10 21 -5
10 22 28
10 15 16
10 13 8
11 15 -7
11 18 -7
11 18 19
11 15 -9
11 17 28
11 22 4
11 14 27
11 13 30
11 18 17
11 20 5
11 15 30
11 20 18
11 16 18
11 12 15
11 22 15
11 20 29
11 12 11
11 18 23
11 14 18
11 13 20
11 24 -6
11 13 -9
11 22 11
11 22 17
11 15 30
11 19 15
11 23 18
11 12 22
11 12 7
11 20 0
11 22 2
11 15 17
11 20 9
11 18 -9
11 24 7
11 24 29
11 21 -8
11 20 12
11 20 23
11 21 0
11 24 20
11 11 -7
11 22 25
11 18 6
11 17 2
11 15 0
11 20 -3
11 13 9
11 15 8
11 11 12
11 21 18
12 12 13
12 23 -5
12 20 22
12 18 8
12 20 4
12 20 7
12 17 12
12 16 -2
12 14 14
12 21 8
12 13 -7
12 17 10
12 20 -6
12 14 -4
12 14 1
12 22 15
12 22 1
12 20 1
12 20 20
12 21 3
12 15 15
12 15 12
12 18 7
12 19 25
12 22 6
12 16 28
12 14 -6
12 24 -1
12 18 25
12 14 21
12 21 10
12 21 -5
12 21 30
12 21 -2
12 22 9
12 16 17
12 23 22
12 19 1
12 24 25
12 22 3
12 20 -7
12 14 15
12 22 17
12 12 30
13 20 -3
13 21 10
13 21 6
13 20 5
13 24 26
13 24 -2
13 16 -3
13 24 29
13 20 -2
13 14 30
13 22 20
13 22 6
13 20 -8
13 20 8
13 21 18
13 16 -8
13 17 12
13 24 27
13 19 30
13 14 16
13 21 13
13 23 11
13 19 21
13 18 8
13 17 1
13 20 12
13 20 8
13 18 26
13 23 22
13 21 30
13 20 -8
13 18 -8
13 21 22
13 20 12
13 15 7
13 16 -1
13 22 29
13 22 6
13 24 19
13 15 -1
14 21 4
14 22 -7
14 22 29
14 14 17
14 21 13
14 19 24
14 18 28
14 15 -8
14 21 -7
14 18 8
14 21 6
14 17 -7
14 19 5
14 24 16
14 19 29
14 24 0
14 18 16
14 17 17
14 22 16
14 17 7
14 21 6
14 19 23
14 18 -6
14 14 -9
14 15 15
14 20 8
14 22 1
14 16 0
14 22 -4
14 19 -7
14 19 -6
14 19 1
14 14 3
14 20 20
14 15 -4
14 15 -9
14 16 26
15 17 15
15 22 5
15 21 2
15 16 24
15 17 10
15 20 2
15 23 6
15 19 0
15 15 30
15 23 28
15 17 7
15 24 6
15 20 30
15 21 15
15 17 30
15 21 8
15 22 14
15 20 -6
15 17 16
15 21 23
15 22 2
15 22 13
15 15 7
15 19 19
15 18 23
15 24 22
15 19 -4
15 18 24
15 21 17
15 17 24
15 20 22
15 23 22
15 20 17
15 15 28
15 17 24
16 19 -6
16 23 -6
16 16 -4
16 24 17
16 22 15
16 19 -2
16 17 1
16 22 -6
16 24 15
16 23 -3
16 23 -7
16 17 -6
16 20 10
16 22 29
16 18 -4
16 21 -5
16 23 26
16 20 20
16 19 24
16 23 2
16 23 9
16 24 20
16 22 12
16 21 22
16 23 15
16 17 -7
16 20 21
16 24 0
16 16 12
17 19 12
17 22 -9
17 19 8
17 22 -9
17 21 27
17 22 23
17 23 3
17 21 25
17 18 6
17 20 -7
17 22 19
17 22 -2
17 17 21
17 18 -1
17 23 1
17 20 9
17 24 4
17 24 -3
17 19 25
17 23 5
17 24 0
17 23 9
17 22 14
17 21 0
17 23 15
18 22 -6
18 20 20
18 23 17
18 21 21
18 22 27
18 22 12
18 22 21
18 22 26
18 20 23
18 20 -6
18 22 7
18 19 8
18 20 27
18 21 -7
18 21 28
18 22 4
18 20 18
18 24 7
18 22 -4
18 19 21
18 19 9
18 23 19
18 24 20
18 21 -7
18 22 25
19 24 -8
19 22 14
19 23 18
19 20 9
19 22 3
19 20 8
19 21 20
19 21 5
19 23 9
19 22 16
19 24 8
19 20 8
19 20 4
19 22 8
20 24 17
20 21 -1
20 22 16
20 22 7
20 24 3
20 22 -6
20 20 12
20 21 -1
20 21 30
20 21 4
20 24 -6
20 22 20
21 23 5
21 24 14
21 21 11
21 22 2
21 24 8
21 22 -3
21 23 -8
21 24 14
21 22 28
21 22 0
21 24 5
21 23 8
21 24 17
21 22 10
21 24 24
21 23 2
21 24 28
21 21 -6
21 23 5
21 22 1
21 21 -2
21 23 23
22 22 12
22 24 17
22 23 7
22 24 25
23 23 12
23 24 -2
23 24 28
23 24 30
23 24 28
23 24 19
23 24 -8
23 23 10
23 24 17
24 24 3
24 24 15
2 683
1 2 -2
1 1 16
1 2 -7
1 2 -6
1 2 13
1 1 14
1 2 12
1 1 26
1 1 20
1 2 13
1 2 15
1 2 1
1 1 18
1 2 19
1 2 3
1 2 3
1 2 24
1 1 12
1 2 -1
1 2 18
1 2 29
1 1 -9
1 2 12
1 2 -2
1 1 -1
1 2 22
1 2 25
1 2 14
1 2 -5
1 2 3
1 2 22
1 2 23
1 2 -5
1 2 -3
1 2 -4
1 1 28
1 2 25
1 2 28
1 2 20
1 1 21
1 2 23
1 1 1
1 1 7
1 2 25
1 2 13
1 2 28
1 1 26
1 2 -2
1 1 -7
1 1 0
1 1 15
1 1 8
1 2 -2
1 1 -6
1 1 -7
1 2 9
1 1 -5
1 1 27
1 2 10
1 2 30
1 2 15
1 2 6
1 1 -7
1 2 16
1 1 26
1 2 30
1 1 29
1 1 9
1 2 5
1 2 -9
1 2 -4
1 2 14
1 1 11
1 2 10
1 2 -9
1 2 27
1 2 23
1 1 5
1 2 20
1 1 11
1 1 6
1 2 25
1 2 7
1 2 28
1 2 12
1 2 2
1 2 15
1 2 13
1 2 4
1 2 6
1 2 22
1 2 13
1 2 5
1 1 -7
1 1 16
1 1 15
1 1 1
1 1 15
1 2 -9
1 2 8
1 2 7
1 2 28
1 2 19
1 2 -3
1 2 15
1 2 -6
1 2 26
1 2 12
1 2 19
1 1 9
1 2 25
1 2 -9
1 2 18
1 2 9
1 2 28
1 1 22
1 2 23
1 2 16
1 2 20
1 2 -2
1 2 12
1 2 20
1 2 9
1 2 -6
1 1 9
1 2 26
1 2 24
1 1 16
1 2 3
1 1 9
1 2 14
1 2 26
1 2 -1
1 2 -2
1 1 -6
1 2 29
1 1 -9
1 2 18
1 1 -6
1 2 29
1 2 -4
1 1 25
1 2 30
1 2 27
1 2 8
1 2 20
1 2 7
1 2 21
1 1 22
1 1 19
1 1 3
1 2 13
1 2 -1
1 1 6
1 1 20
1 2 11
1 1 -7
1 2 26
1 1 12
1 1 -9
1 2 14
1 2 5
1 2 14
1 1 1
1 2 15
1 1 13
1 2 27
1 1 25
1 2 -6
1 2 22
1 2 24
1 2 -6
1 2 9
1 2 -8
1 2 5
1 2 4
1 2 22
1 2 9
1 1 21
1 1 -5
1 1 2
1 2 21
1 2 0
1 1 -4
1 2 18
1 1 -1
1 2 21
1 2 1
1 2 -5
1 1 23
1 1 6
1 2 9
1 2 30
1 2 -6
1 2 14
1 2 -7
1 2 14
1 1 28
1 1 6
1 1 13
1 2 20
1 2 12
1 2 -5
1 2 0
1 2 3
1 1 4
1 2 3
1 1 -4
1 1 -4
1 2 28
1 2 -3
1 2 -3
1 1 -8
1 2 7
1 2 13
1 1 -7
1 1 18
1 2 8
1 2 29
1 2 20
1 1 -4
1 2 9
1 2 11
1 1 11
1 1 -9
1 2 -2
1 2 22
1 2 15
1 1 27
1 2 -7
1 2 15
1 1 12
1 2 30
1 1 11
1 1 21
1 2 21
1 2 24
1 2 9
1 2 23
1 2 -5
1 2 26
1 2 10
1 2 15
1 1 11
1 1 7
1 2 -1
1 2 -6
1 1 30
1 1 19
1 2 8
1 2 26
1 1 25
1 2 -4
1 2 2
1 2 5
1 1 26
1 1 24
1 2 24
1 1 22
1 2 7
1 2 14
1 2 -6
1 1 0
1 1 14
1 2 2
1 2 21
1 1 2
1 1 5
1 1 22
1 2 -6
1 1 21
1 2 -9
1 2 29
1 2 12
1 1 23
1 2 5
1 2 19
1 2 3
1 2 21
1 1 6
1 1 14
1 2 1
1 2 4
1 2 11
1 2 0
1 2 23
1 2 -7
1 1 -2
1 2 -8
1 2 30
1 2 14
1 2 6
1 1 -1
1 2 23
1 2 3
1 2 26
1 2 1
1 1 -4
1 2 -9
1 2 9
1 2 19
1 2 22
1 2 12
1 2 22
1 2 11
1 2 -4
1 2 26
1 2 -4
1 1 22
1 1 -1
1 2 -2
1 1 26
1 2 28
1 2 -1
1 2 5
1 2 17
1 1 4
1 2 10
1 1 6
1 2 5
1 1 3
1 1 8
1 2 2
1 2 19
1 2 12
1 1 0
1 1 4
1 1 17
1 2 24
1 2 2
1 1 12
1 1 19
1 2 23
1 2 -7
1 1 3
1 2 -2
1 2 22
1 2 0
1 1 15
1 2 -3
1 1 5
1 2 23
1 1 19
1 1 24
1 1 23
1 2 7
1 2 -3
1 2 6
1 2 17
1 2 -3
1 1 28
1 2 17
1 2 24
1 1 11
1 1 -7
1 2 -2
1 2 -7
1 2 25
1 2 17
1 2 5
1 2 16
1 1 0
1 1 10
1 2 1
1 2 3
1 2 18
1 1 19
1 2 30
1 1 24
1 2 27
1 2 14
1 1 11
1 2 18
1 2 24
1 2 17
1 2 0
1 1 0
1 2 -4
1 2 1
1 2 17
1 2 6
1 2 -1
1 2 14
1 2 -6
1 1 -2
1 2 23
1 1 30
1 2 25
1 2 17
1 2 23
1 1 -1
1 2 30
1 2 -8
1 2 28
1 1 5
1 1 14
1 2 28
1 1 0
1 2 25
1 2 12
1 1 28
1 2 11
1 2 -5
1 1 0
1 2 10
1 2 22
1 1 14
1 2 2
1 2 -4
1 2 5
1 2 29
1 2 29
1 1 0
1 2 -5
1 1 22
1 1 -9
1 2 9
1 2 28
1 1 4
1 2 2
1 2 -2
1 2 16
1 2 20
1 1 12
1 2 30
1 2 10
1 2 29
1 2 3
1 2 28
1 2 -9
1 1 29
1 2 6
1 1 7
1 2 -3
1 1 19
1 1 18
1 2 22
1 2 28
1 1 8
1 2 -6
1 2 -3
1 2 0
1 2 -4
1 2 28
1 1 -2
1 2 29
1 2 22
1 2 14
1 2 7
1 2 24
1 1 7
1 2 -1
1 2 2
1 1 3
1 2 24
1 2 19
1 2 7
1 2 16
1 2 14
1 2 29
1 2 -3
1 1 5
1 1 27
1 2 20
1 2 30
1 1 3
1 1 -4
1 1 -5
1 2 28
1 1 -1
1 2 16
1 2 13
1 2 1
1 2 30
1 1 14
1 1 7
1 2 9
1 2 27
1 2 28
1 2 11
1 2 26
1 2 21
1 2 6
1 2 -9
1 2 27
1 2 26
1 1 30
1 2 -8
1 2 21
1 2 -2
1 1 25
1 2 13
1 1 -5
1 2 -5
1 1 -6
1 1 22
1 2 -5
1 2 0
1 1 30
1 2 6
1 1 18
1 2 29
1 2 4
1 1 0
1 2 29
1 2 -3
1 2 -8
1 2 -5
1 2 4
1 2 8
1 2 -1
1 1 20
1 2 12
2 2 15
2 2 18
2 2 19
2 2 -2
2 2 10
2 2 10
2 2 26
2 2 -7
2 2 26
2 2 11
2 2 -3
2 2 3
2 2 -3
2 2 -4
2 2 26
2 2 -6
2 2 -1
2 2 12
2 2 -3
2 2 21
2 2 -4
2 2 2
2 2 -4
2 2 21
2 2 -8
2 2 25
2 2 -4
2 2 2
2 2 -4
2 2 10
2 2 27
2 2 14
2 2 -6
2 2 26
2 2 15
2 2 15
2 2 15
2 2 1
2 2 -3
2 2 18
2 2 25
2 2 11
2 2 27
2 2 18
2 2 10
2 2 12
2 2 11
2 2 1
2 2 15
2 2 15
2 2 1
2 2 -2
2 2 7
2 2 8
2 2 29
2 2 6
2 2 23
2 2 13
2 2 10
2 2 30
2 2 -8
2 2 -7
2 2 28
2 2 26
2 2 -7
2 2 -2
2 2 14
2 2 8
2 2 -7
2 2 30
2 2 -5
2 2 7
2 2 -6
2 2 28
2 2 7
2 2 3
2 2 19
2 2 -8
2 2 19
2 2 5
2 2 10
2 2 9
2 2 30
2 2 8
2 2 13
2 2 27
2 2 21
2 2 -8
2 2 14
2 2 15
2 2 24
2 2 5
2 2 21
2 2 -4
2 2 9
2 2 19
2 2 -6
2 2 9
2 2 -9
2 2 -4
2 2 16
2 2 16
2 2 28
2 2 14
2 2 -2
2 2 19
2 2 4
2 2 2
2 2 20
2 2 -1
2 2 2
2 2 6
2 2 -4
2 2 5
2 2 4
2 2 11
2 2 30
2 2 -1
2 2 21
2 2 18
2 2 25
2 2 28
2 2 -5
2 2 19
2 2 -6
2 2 -3
2 2 -2
2 2 -8
2 2 22
2 2 26
2 2 18
2 2 11
2 2 -6
2 2 21
2 2 11
2 2 -2
2 2 29
2 2 29
2 2 17
2 2 4
2 2 0
2 2 4
2 2 13
2 2 2
2 2 15
2 2 14
2 2 7
2 2 -2
2 2 6
2 2 15
2 2 -4
2 2 13
2 2 -8
2 2 27
2 2 18
2 2 -5
2 2 5
2 2 7
2 2 2
2 2 3
2 2 18
2 2 11
2 2 23
2 2 25
2 2 -7
2 2 11
2 2 8
2 2 20
2 2 -9
2 2 14
42 654
1 2 -9
1 7 -9
1 8 -9
1 10 -9
1 17 -9
1 31 -9
1 2 -5
1 36 2
1 15 -7
1 39 26
1 16 22
1 15 17
1 31 -8
1 38 26
1 16 23
1 6 2
1 8 0
1 34 27
1 12 26
1 15 8
1 21 22
1 19 19
1 19 -5
1 3 -5
1 10 30
1 19 10
1 15 3
1 8 9
1 6 0
1 41 -2
1 7 16
1 8 10
1 31 11
2 3 -9
2 4 -9
2 11 -9
2 15 -9
2 34 29
2 40 25
2 23 -3
2 16 5
2 11 8
2 39 23
2 10 10
2 30 9
2 15 12
2 24 24
2 32 24
2 26 17
2 12 3
2 32 12
2 17 19
2 18 2
2 38 29
2 37 14
2 9 4
2 14 12
2 11 5
2 29 9
2 24 2
2 9 13
2 26 15
2 31 -8
2 22 -3
2 22 24
3 5 -9
3 16 -9
3 18 -9
3 39 -9
3 18 23
3 33 -4
3 29 -5
3 28 26
3 34 19
3 25 -4
3 26 25
3 4 29
3 29 30
3 16 11
3 41 -2
3 12 19
3 13 11
3 22 15
3 38 22
3 39 -2
3 3 15
3 21 -5
3 40 1
3 35 -7
3 13 -1
3 5 1
3 11 2
3 17 -4
3 23 19
3 20 11
4 6 -9
4 38 18
4 36 23
4 23 20
4 28 28
4 20 13
4 18 26
4 29 3
4 23 -4
4 34 21
4 29 -7
4 8 26
4 24 1
4 22 13
4 39 -2
4 14 -1
4 23 -1
4 25 6
4 21 6
4 16 3
4 33 27
4 38 -1
4 8 -8
4 25 28
4 31 22
4 14 10
5 35 -9
5 24 16
5 22 20
5 33 11
5 6 -5
5 12 3
5 30 1
5 34 15
5 25 19
5 7 29
5 29 -6
5 8 9
5 22 6
5 12 25
5 31 -7
5 37 -5
5 7 27
5 39 18
5 21 30
5 27 28
5 31 0
5 39 30
5 12 -4
5 10 20
5 23 3
5 10 6
5 23 -7
5 18 2
5 12 21
6 9 -9
6 23 -9
6 26 30
6 19 1
6 41 29
6 20 -9
6 32 20
6 34 2
6 12 1
6 20 3
6 13 20
6 14 20
6 19 5
6 33 27
6 28 0
6 35 -8
6 42 24
6 16 24
6 18 2
6 17 24
6 23 -9
6 21 -2
6 34 30
6 30 12
6 14 14
6 16 8
6 27 -7
6 32 -4
6 35 18
6 33 5
7 28 -9
7 26 4
7 11 2
7 26 14
7 32 19
7 42 14
7 33 15
7 41 16
7 14 12
7 15 9
7 8 3
7 28 -5
7 24 16
7 40 25
7 31 -3
7 10 2
7 36 -8
7 28 19
7 40 24
7 38 2
7 32 -1
7 25 17
7 9 -3
7 25 -3
7 34 -4
7 19 23
8 13 -9
8 10 4
8 23 26
8 31 -1
8 36 27
8 17 -4
8 18 6
8 37 12
8 11 10
8 8 -5
8 37 25
8 16 20
8 15 24
8 25 16
8 12 7
8 19 11
8 37 4
8 39 14
8 25 7
8 21 -7
8 29 17
8 32 3
8 11 23
8 23 7
9 12 -9
9 18 5
9 36 3
9 30 -1
9 12 27
9 32 12
9 38 -8
9 33 -5
9 20 4
9 31 25
9 17 21
9 36 16
9 16 28
9 29 11
9 41 30
9 16 7
9 39 8
9 19 23
9 15 -4
9 42 19
9 26 25
9 32 -4
10 24 -9
10 40 14
10 25 3
10 28 12
10 19 9
10 17 11
10 17 -1
10 15 -2
10 36 3
10 12 30
10 36 -2
10 40 17
10 21 11
10 31 0
10 16 10
10 28 18
10 30 19
10 37 1
10 11 14
10 17 24
10 29 9
10 41 14
10 32 27
10 22 12
10 24 24
10 20 19
10 16 28
10 13 -7
10 17 -7
11 32 -9
11 39 -1
11 34 27
11 13 14
11 38 5
11 38 17
11 31 13
11 17 16
11 19 -2
11 35 14
11 28 30
11 19 10
11 36 -9
11 27 5
11 23 24
11 35 11
11 40 1
11 42 16
11 16 18
11 15 19
11 22 24
11 14 3
11 22 11
11 12 -1
11 39 3
11 12 -7
11 20 13
11 23 25
12 14 -9
12 31 26
12 26 25
12 36 15
12 33 6
12 41 -6
12 20 28
12 19 -1
12 41 13
12 19 3
12 40 14
12 39 6
12 23 13
12 40 -8
12 28 12
12 25 -3
12 32 16
12 39 6
12 36 14
12 16 8
12 27 -5
12 40 0
13 31 24
13 19 3
13 30 -7
13 23 28
13 35 16
13 40 16
13 28 1
13 17 0
13 35 10
13 42 4
13 31 -5
13 42 10
13 29 30
13 19 -5
13 37 -8
13 41 23
13 30 -4
14 25 -9
14 28 9
14 30 20
14 42 -4
14 32 -4
14 18 -6
14 15 1
14 30 3
14 33 22
14 40 24
14 15 -3
14 25 15
14 35 7
14 35 5
14 22 9
14 16 21
14 24 19
15 41 0
15 20 9
15 32 18
15 17 0
15 38 -4
15 26 8
15 36 5
15 36 -2
15 27 30
15 41 21
15 28 13
15 38 -6
16 20 -9
16 28 19
16 19 -9
16 32 18
16 20 19
16 37 13
16 35 3
16 25 24
16 31 -5
16 29 28
16 42 5
16 18 6
16 42 25
16 27 11
16 20 21
16 25 -3
16 35 -3
16 35 1
17 19 -9
17 27 22
17 29 28
17 28 27
17 39 12
17 33 29
17 36 0
17 32 22
17 25 4
17 42 2
17 27 2
17 39 7
17 39 11
18 26 21
18 35 -2
18 26 9
18 41 14
18 22 19
18 29 21
18 19 22
18 19 9
18 40 -7
18 34 25
18 23 20
18 40 -2
18 20 25
18 35 -3
18 20 3
18 23 29
18 23 -3
19 26 -9
19 42 1
19 39 20
19 27 16
19 39 1
19 42 -6
19 28 6
19 36 6
19 24 20
19 27 7
19 38 -7
19 26 -7
19 40 -7
19 21 21
19 37 -9
19 24 11
19 36 -8
19 21 -9
20 21 -9
20 22 -9
20 36 -9
20 41 20
20 28 -5
20 40 21
20 27 25
20 25 21
20 31 23
20 23 -3
20 21 -9
20 32 10
20 33 22
20 40 7
20 37 9
20 29 23
20 21 2
20 38 9
20 29 14
20 31 13
20 32 2
21 29 -9
21 32 26
21 23 16
21 32 19
21 31 0
21 33 9
21 24 10
21 32 26
21 30 16
21 27 0
21 27 -5
21 41 21
21 32 4
21 37 -3
21 33 -3
21 23 -1
21 32 20
22 22 17
22 39 4
22 29 1
22 26 7
22 33 27
22 41 14
22 27 8
22 33 26
22 37 21
22 22 1
22 42 29
22 42 5
22 30 9
22 33 21
22 28 20
22 42 10
22 39 28
22 22 5
22 38 17
22 22 -3
23 27 -9
23 40 -9
23 31 -2
23 36 -1
23 38 -2
23 31 19
23 33 7
23 29 20
23 33 22
23 33 -7
24 42 -9
24 41 23
24 34 26
24 26 -9
24 30 19
24 39 24
24 39 23
24 27 28
24 39 13
24 31 25
24 42 29
24 31 14
25 33 19
25 34 11
25 39 -1
25 41 15
25 37 25
25 30 9
25 32 10
25 28 -7
25 26 30
25 33 15
25 29 -4
25 34 21
25 30 -9
25 41 3
26 30 20
26 29 28
26 32 -9
26 41 30
26 34 20
26 28 23
26 40 -2
26 39 -7
26 34 2
26 27 10
26 38 10
26 39 12
26 39 -9
26 35 16
27 30 -9
27 39 6
27 28 28
27 28 -6
27 38 30
27 38 12
27 28 7
27 41 17
27 42 17
27 35 -7
28 33 -9
28 41 -9
28 33 -7
28 28 7
28 30 28
28 31 18
28 38 11
28 35 27
28 36 12
28 31 12
28 30 12
28 29 19
28 37 7
28 35 -8
28 35 11
28 34 21
28 40 27
28 36 25
28 37 -4
28 37 8
28 36 -3
28 41 -6
28 34 5
29 39 1
29 42 22
29 38 0
29 42 29
29 35 0
29 42 3
29 38 0
29 31 19
29 31 -5
29 39 28
29 36 22
29 37 1
29 29 4
29 30 16
29 31 1
30 32 15
30 40 26
30 41 15
30 42 23
30 42 -8
30 31 -4
30 41 -6
30 41 7
30 39 25
30 37 21
31 34 4
31 34 15
31 37 3
31 35 9
32 38 18
32 42 28
32 32 22
32 33 23
32 37 -5
32 35 -7
32 37 25
32 32 9
33 34 -9
33 38 -9
33 38 21
33 36 19
33 42 9
33 41 17
34 38 1
34 42 -9
34 41 6
35 37 8
35 39 4
35 36 8
35 37 22
35 36 13
36 37 -9
36 37 5
36 42 1
36 37 -1
36 37 -8
36 37 25
36 41 1
37 38 30
37 41 -4
38 40 27
38 40 -2
39 41 -9
39 42 18
39 41 14
40 40 1
40 41 15
40 41 26
40 42 -6
41 42 -6
